0 0 10 1 0 0 0
1 0 -1 0 -1 0 0
2 0 -1 0 -1 0 0
4 1 0 1 0 0 0
3 1 -1 0 -1 0 0
5 1 -1 0 -1 0 0
5 1 0 1 0 0 0
0 0 12 1 0 2 0
1 0 10 1 0 0 0
3 1 -1 0 -1 0 0
4 1 2 1 0 2 0
2 0 -1 0 -1 0 0
2 0 10 1 0 0 0
1 0 12 1 0 2 0
5 1 2 1 0 2 0
4 1 4 1 0 4 0
0 0 14 1 0 4 0
3 1 0 1 0 0 0
3 1 2 1 0 2 0
2 0 12 1 0 2 0
1 0 14 1 0 4 0
5 1 4 1 0 4 0
0 0 16 1 0 6 0
4 1 6 1 0 6 0
4 1 8 1 0 8 0
3 1 4 1 0 4 0
1 0 16 1 0 6 0
5 1 6 1 0 6 0
2 0 14 1 0 4 0
0 0 18 1 0 8 0
0 0 0 1 0 10 0
4 1 10 1 0 10 0
5 1 8 1 0 8 0
1 0 18 1 0 8 0
3 1 6 1 0 6 0
2 0 16 1 0 6 0
2 0 18 1 0 8 0
0 0 2 1 0 12 0
5 1 10 1 0 10 0
3 1 8 1 0 8 0
4 1 12 1 0 12 0
1 0 0 1 0 10 0
1 0 2 1 0 12 0
2 0 0 1 0 10 0
0 0 4 1 0 14 0
5 1 12 1 0 12 0
3 1 10 1 0 10 0
4 1 14 1 0 14 0
4 1 16 1 0 16 0
2 0 2 1 0 12 0
0 0 6 1 0 16 0
1 0 4 1 0 14 0
5 1 14 1 0 14 0
3 1 12 1 0 12 0
3 1 14 1 0 14 0
4 1 18 1 0 18 0
1 0 6 1 0 16 0
0 0 8 1 0 18 0
2 0 4 1 0 14 0
5 1 16 1 0 16 0
5 1 18 1 0 18 0
3 1 16 1 0 16 0
4 1 0 1 0 20 1
1 0 8 1 0 18 0
0 0 10 1 0 20 1
2 0 6 1 0 16 0
2 0 8 1 0 18 0
5 1 0 1 0 20 1
4 1 2 1 0 22 1
1 0 10 1 0 20 1
3 1 18 1 0 18 0
0 0 12 1 0 22 1
0 0 14 1 0 24 1
2 0 10 1 0 20 1
4 1 4 1 0 24 1
5 1 2 1 0 22 1
1 0 12 1 0 22 1
3 1 0 1 0 20 1
3 1 2 1 0 22 1
2 0 12 1 0 22 1
0 0 16 1 0 26 1
1 0 14 1 0 24 1
4 1 6 1 0 26 1
5 1 4 1 0 24 1
5 1 6 1 0 26 1
3 1 4 1 0 24 1
2 0 14 1 0 24 1
4 1 8 1 0 28 1
0 0 18 1 0 28 1
1 0 16 1 0 26 1
1 0 18 1 0 28 1
5 1 8 1 0 28 1
2 0 16 1 0 26 1
3 1 6 1 0 26 1
0 0 0 1 0 30 1
4 1 10 1 0 30 1
4 1 12 1 0 32 1
1 0 0 1 0 30 1
3 1 8 1 0 28 1
5 1 10 1 0 30 1
0 0 2 1 0 32 1
2 0 18 1 0 28 1
2 0 0 1 0 30 1
4 1 14 1 0 34 1
3 1 10 1 0 30 1
5 1 12 1 0 32 1
1 0 2 1 0 32 1
0 0 4 1 0 34 1
0 0 6 1 0 36 1
2 0 2 1 0 32 1
5 1 14 1 0 34 1
4 1 16 1 0 36 1
3 1 12 1 0 32 1
1 0 4 1 0 34 1
1 0 6 1 0 36 1
2 0 4 1 0 34 1
0 0 8 1 0 38 1
3 1 14 1 0 34 1
4 1 18 1 0 38 1
5 1 16 1 0 36 1
5 1 18 1 0 38 1
2 0 6 1 0 36 1
4 1 0 1 0 40 2
1 0 8 1 0 38 1
0 0 10 1 0 40 2
3 1 16 1 0 36 1
3 1 18 1 0 38 1
5 1 0 1 0 40 2
2 0 8 1 0 38 1
4 1 2 1 0 42 2
0 0 12 1 0 42 2
1 0 10 1 0 40 2
1 0 12 1 0 42 2
3 1 0 1 0 40 2
5 1 2 1 0 42 2
0 0 14 1 0 44 2
2 0 10 1 0 40 2
4 1 4 1 0 44 2
4 1 6 1 0 46 2
1 0 14 1 0 44 2
3 1 2 1 0 42 2
5 1 4 1 0 44 2
2 0 12 1 0 42 2
0 0 16 1 0 46 2
0 0 18 1 0 48 2
1 0 16 1 0 46 2
4 1 8 1 0 48 2
5 1 6 1 0 46 2
3 1 4 1 0 44 2
2 0 14 1 0 44 2
