Mode: RANDOM
120.24 s > TEAM: 0 	F: 0 	 (1004) 	S: 1 	 (1001) 	T: 2 	 (1000) 	LAP 1
120.24 s > TEAM: 1 	F: 159 	 (1002) 	S: 156 	 (1001) 	T: 153 	 (1000) 	LAP 1
240.24 s > TEAM: 1 	F: 159 	 (2004) 	S: 156 	 (2001) 	T: 153 	 (2000) 	LAP 2
240.36 s > TEAM: 0 	F: 0 	 (2503) 	S: 1 	 (2002) 	T: 3 	 (2000) 	LAP 2
360.24 s > TEAM: 1 	F: 159 	 (3502) 	S: 156 	 (3001) 	T: 153 	 (3000) 	LAP 3
360.36 s > TEAM: 0 	F: 0 	 (3503) 	S: 1 	 (3002) 	T: 3 	 (3000) 	LAP 3
480.24 s > TEAM: 1 	F: 159 	 (4502) 	S: 156 	 (4001) 	T: 153 	 (4000) 	LAP 4
480.36 s > TEAM: 0 	F: 0 	 (4503) 	S: 1 	 (4002) 	T: 3 	 (4000) 	LAP 4
600.24 s > TEAM: 1 	F: 159 	 (5502) 	S: 156 	 (5001) 	T: 153 	 (5000) 	LAP 5
600.36 s > TEAM: 0 	F: 0 	 (6006) 	S: 1 	 (5004) 	T: 3 	 (5000) 	LAP 5
720.24 s > TEAM: 1 	F: 159 	 (7000) 	S: 156 	 (6001) 	T: 153 	 (6000) 	LAP 6
720.36 s > TEAM: 0 	F: 0 	 (7503) 	S: 1 	 (6502) 	T: 3 	 (6000) 	LAP 6
840.24 s > TEAM: 1 	F: 159 	 (8000) 	S: 156 	 (7001) 	T: 153 	 (7000) 	LAP 7
840.36 s > TEAM: 0 	F: 0 	 (8503) 	S: 1 	 (7502) 	T: 3 	 (7000) 	LAP 7
960.24 s > TEAM: 1 	F: 159 	 (9000) 	S: 156 	 (8001) 	T: 153 	 (8000) 	LAP 8
960.36 s > TEAM: 0 	F: 0 	 (9503) 	S: 1 	 (8502) 	T: 3 	 (8000) 	LAP 8
1080.24 s > TEAM: 1 	F: 159 	 (10000) 	S: 156 	 (9001) 	T: 153 	 (9000) 	LAP 9
1080.36 s > TEAM: 0 	F: 0 	 (10503) 	S: 1 	 (9502) 	T: 3 	 (9000) 	LAP 9
1200.24 s > TEAM: 1 	F: 159 	 (11000) 	S: 156 	 (10001) 	T: 153 	 (10000) 	LAP 10
1200.36 s > TEAM: 0 	F: 0 	 (11387) 	S: 1 	 (11002) 	T: 3 	 (10000) 	LAP 10
1320.24 s > TEAM: 1 	F: 159 	 (12000) 	S: 156 	 (11001) 	T: 153 	 (11000) 	LAP 11
1320.36 s > TEAM: 0 	F: 1 	 (12004) 	S: 0 	 (11387) 	T: 3 	 (11000) 	LAP 11
1440.24 s > TEAM: 1 	F: 159 	 (13000) 	S: 156 	 (12001) 	T: 153 	 (12000) 	LAP 12
1440.48 s > TEAM: 0 	F: 1 	 (13503) 	S: 3 	 (12502) 	T: 4 	 (12000) 	LAP 12
1500.48 s > TEAM: 0 	F: 1 	 (14503) 	S: 3 	 (13251) 	T: 4 	 (13000) 	LAP 13
1560.24 s > TEAM: 1 	F: 159 	 (14500) 	S: 156 	 (13001) 	T: 153 	 (13000) 	LAP 13
1590.36 s > TEAM: 0 	F: 1 	 (15500) 	S: 4 	 (14249) 	T: 3 	 (14000) 	LAP 14
1680.60 s > TEAM: 1 	F: 159 	 (15503) 	S: 153 	 (14003) 	T: 147 	 (14000) 	LAP 14
1710.36 s > TEAM: 0 	F: 1 	 (16000) 	S: 4 	 (15249) 	T: 3 	 (15000) 	LAP 15
1800.60 s > TEAM: 1 	F: 159 	 (16000) 	S: 153 	 (15003) 	T: 147 	 (15000) 	LAP 15
1830.36 s > TEAM: 0 	F: 1 	 (16000) 	S: 3 	 (16000) 	T: 4 	 (16000) 	LAP 16
1920.60 s > TEAM: 1 	F: 147 	 (16000) 	S: 153 	 (16000) 	T: 159 	 (16000) 	LAP 16
Broken Team 0: 0 (11), 2 (1), 7 (14), 12 (7), 19 (9), 21 (2), 26 (6), 32 (2), 36 (3), 41 (8), 43 (3), 51 (2), 53 (4), 56 (11), 63 (10), 65 (14), 69 (11), 73 (2), 
Broken Team 1: 81 (0), 83 (9), 86 (2), 91 (13), 92 (9), 96 (6), 97 (3), 98 (5), 103 (1), 104 (14), 108 (12), 113 (7), 118 (8), 127 (4), 131 (1), 136 (5), 137 (6), 139 (9), 140 (2), 146 (2), 149 (0), 151 (10), 152 (10), 156 (13), 158 (11), 
Finishing order: 1 (1650.33), 159 (1740.27), 4 (1800.51), 3 (1830.39), 153 (1920.27), 5 (1920.63), 147 (1920.63), 6 (1920.75), 145 (1920.75), 144 (1920.87), 8 (1920.99), 9 (1921.11), 143 (1921.11), 10 (1921.23), 138 (1921.35), 11 (1921.47), 141 (1921.47), 13 (1921.59), 142 (1921.59), 14 (1921.71), 150 (1921.71), 15 (1921.83), 148 (1921.83), 16 (1921.95), 17 (1922.07), 154 (1922.07), 18 (1922.19), 155 (1922.19), 157 (1922.31), 20 (1922.43), 80 (1922.55), 22 (1922.67), 23 (1922.79), 82 (1922.79), 24 (1922.91), 25 (1923.03), 84 (1923.03), 85 (1923.15), 27 (1923.27), 28 (1923.39), 87 (1923.39), 29 (1923.51), 88 (1923.51), 30 (1923.63), 89 (1923.63), 31 (1923.75), 90 (1923.75), 33 (1923.99), 34 (1924.11), 93 (1924.11), 35 (1924.23), 94 (1924.23), 95 (1924.35), 37 (1924.47), 38 (1924.59), 39 (1924.71), 40 (1924.83), 42 (1924.95), 99 (1925.07), 100 (1925.19), 44 (1925.31), 101 (1925.31), 45 (1925.43), 102 (1925.43), 46 (1925.55), 47 (1925.67), 48 (1925.79), 105 (1925.79), 50 (1925.91), 106 (1925.91), 107 (1926.03), 52 (1926.15), 135 (1926.15), 49 (1926.27), 54 (1926.39), 109 (1926.39), 55 (1926.51), 110 (1926.51), 111 (1926.63), 133 (1926.75), 57 (1926.87), 112 (1926.87), 58 (1926.99), 60 (1927.11), 114 (1927.11), 59 (1927.23), 134 (1927.23), 62 (1927.35), 115 (1927.35), 61 (1927.47), 116 (1927.47), 64 (1927.71), 117 (1927.71), 66 (1927.95), 119 (1927.95), 67 (1928.07), 120 (1928.07), 68 (1928.19), 121 (1928.19), 122 (1928.31), 70 (1928.43), 123 (1928.43), 71 (1928.55), 124 (1928.55), 72 (1928.67), 125 (1928.67), 74 (1928.79), 132 (1928.79), 126 (1928.91), 75 (1929.03), 76 (1929.15), 128 (1929.15), 79 (1929.27), 129 (1929.27), 78 (1929.39), 130 (1929.39), 77 (1929.51), 
Result: TEAM 0 WIN*
