Mode: RANDOM
120.24 s > TEAM: 1 	F: 159 	 (1002) 	S: 81 	 (1001) 	T: 82 	 (1000) 	LAP 1
120.36 s > TEAM: 0 	F: 2 	 (1004) 	S: 0 	 (1001) 	T: 4 	 (1000) 	LAP 1
240.24 s > TEAM: 1 	F: 159 	 (2002) 	S: 81 	 (2001) 	T: 82 	 (2000) 	LAP 2
240.36 s > TEAM: 0 	F: 2 	 (3002) 	S: 0 	 (2001) 	T: 4 	 (2000) 	LAP 2
360.24 s > TEAM: 1 	F: 159 	 (3002) 	S: 81 	 (3001) 	T: 82 	 (3000) 	LAP 3
360.36 s > TEAM: 0 	F: 2 	 (4002) 	S: 0 	 (3001) 	T: 4 	 (3000) 	LAP 3
480.24 s > TEAM: 1 	F: 159 	 (4002) 	S: 81 	 (4001) 	T: 82 	 (4000) 	LAP 4
480.36 s > TEAM: 0 	F: 2 	 (5002) 	S: 0 	 (4001) 	T: 4 	 (4000) 	LAP 4
600.24 s > TEAM: 1 	F: 159 	 (5002) 	S: 81 	 (5001) 	T: 82 	 (5000) 	LAP 5
600.48 s > TEAM: 0 	F: 2 	 (6006) 	S: 4 	 (5002) 	T: 3 	 (5000) 	LAP 5
720.36 s > TEAM: 1 	F: 159 	 (6006) 	S: 81 	 (6002) 	T: 83 	 (6000) 	LAP 6
720.48 s > TEAM: 0 	F: 2 	 (7503) 	S: 4 	 (6502) 	T: 3 	 (6000) 	LAP 6
840.36 s > TEAM: 1 	F: 159 	 (7503) 	S: 81 	 (7002) 	T: 83 	 (7000) 	LAP 7
840.48 s > TEAM: 0 	F: 2 	 (8503) 	S: 4 	 (7502) 	T: 3 	 (7000) 	LAP 7
960.36 s > TEAM: 1 	F: 159 	 (9006) 	S: 81 	 (8004) 	T: 83 	 (8000) 	LAP 8
960.48 s > TEAM: 0 	F: 2 	 (10006) 	S: 4 	 (9005) 	T: 3 	 (8000) 	LAP 8
1020.48 s > TEAM: 0 	F: 2 	 (11006) 	S: 4 	 (10005) 	T: 3 	 (9000) 	LAP 9
1080.36 s > TEAM: 1 	F: 159 	 (10503) 	S: 81 	 (9998) 	T: 83 	 (9000) 	LAP 9
1140.48 s > TEAM: 0 	F: 2 	 (12998) 	S: 4 	 (11502) 	T: 3 	 (10000) 	LAP 10
1200.36 s > TEAM: 1 	F: 159 	 (11996) 	S: 81 	 (10998) 	T: 83 	 (10000) 	LAP 10
1260.48 s > TEAM: 0 	F: 2 	 (13998) 	S: 4 	 (12502) 	T: 3 	 (11000) 	LAP 11
1320.36 s > TEAM: 1 	F: 159 	 (12996) 	S: 81 	 (11998) 	T: 83 	 (11000) 	LAP 11
1380.48 s > TEAM: 0 	F: 2 	 (14998) 	S: 4 	 (13502) 	T: 3 	 (12000) 	LAP 12
1440.36 s > TEAM: 1 	F: 159 	 (13998) 	S: 81 	 (12997) 	T: 83 	 (12000) 	LAP 12
1500.36 s > TEAM: 1 	F: 159 	 (14498) 	S: 81 	 (13497) 	T: 83 	 (13000) 	LAP 13
1500.48 s > TEAM: 0 	F: 2 	 (15998) 	S: 4 	 (14997) 	T: 3 	 (13000) 	LAP 13
1620.36 s > TEAM: 1 	F: 159 	 (15497) 	S: 81 	 (14497) 	T: 83 	 (14000) 	LAP 14
1620.48 s > TEAM: 0 	F: 2 	 (16000) 	S: 4 	 (15997) 	T: 3 	 (14000) 	LAP 14
1740.36 s > TEAM: 1 	F: 159 	 (16000) 	S: 81 	 (15497) 	T: 83 	 (15000) 	LAP 15
1740.48 s > TEAM: 0 	F: 2 	 (16000) 	S: 4 	 (16000) 	T: 3 	 (15000) 	LAP 15
1860.36 s > TEAM: 1 	F: 81 	 (16000) 	S: 83 	 (16000) 	T: 159 	 (16000) 	LAP 16
1860.48 s > TEAM: 0 	F: 2 	 (16000) 	S: 3 	 (16000) 	T: 4 	 (16000) 	LAP 16
Broken Team 0: 0 (4), 1 (0), 5 (6), 14 (9), 17 (1), 19 (2), 21 (9), 22 (12), 26 (7), 28 (2), 33 (14), 35 (10), 37 (8), 38 (0), 40 (11), 46 (5), 49 (2), 50 (0), 55 (1), 63 (6), 64 (14), 65 (10), 67 (11), 69 (6), 72 (15), 78 (5), 79 (2), 
Broken Team 1: 82 (5), 85 (1), 89 (15), 94 (1), 98 (14), 102 (7), 104 (10), 106 (3), 112 (13), 113 (2), 115 (6), 118 (4), 121 (8), 129 (3), 131 (10), 134 (9), 135 (2), 138 (4), 140 (1), 142 (11), 150 (12), 153 (6), 154 (10), 158 (11), 
Finishing order: 2 (1500.69), 4 (1620.81), 159 (1680.75), 81 (1800.69), 83 (1860.39), 3 (1860.51), 80 (1860.51), 157 (1920.63), 6 (1920.75), 7 (1920.87), 155 (1920.87), 8 (1920.99), 84 (1920.99), 9 (1921.11), 11 (1921.23), 86 (1921.23), 10 (1921.35), 87 (1921.35), 12 (1921.47), 88 (1921.47), 13 (1921.59), 90 (1921.71), 15 (1921.83), 91 (1921.83), 16 (1921.95), 92 (1921.95), 18 (1922.19), 93 (1922.19), 95 (1922.31), 20 (1922.43), 96 (1922.43), 156 (1922.55), 97 (1922.67), 23 (1922.79), 24 (1922.91), 99 (1922.91), 25 (1923.03), 100 (1923.03), 101 (1923.15), 27 (1923.27), 103 (1923.39), 29 (1923.51), 30 (1923.63), 105 (1923.63), 31 (1923.75), 32 (1923.87), 107 (1923.99), 34 (1924.11), 108 (1924.11), 109 (1924.23), 36 (1924.35), 110 (1924.35), 111 (1924.47), 39 (1924.59), 114 (1924.83), 41 (1924.95), 42 (1925.07), 145 (1925.07), 43 (1925.19), 44 (1925.31), 116 (1925.31), 45 (1925.43), 117 (1925.43), 47 (1925.67), 119 (1925.67), 48 (1925.79), 120 (1925.79), 122 (1926.03), 52 (1926.15), 123 (1926.15), 53 (1926.27), 125 (1926.27), 54 (1926.39), 124 (1926.39), 51 (1926.51), 126 (1926.51), 127 (1926.63), 57 (1926.75), 128 (1926.75), 56 (1926.87), 147 (1926.87), 58 (1926.99), 152 (1926.99), 59 (1927.11), 60 (1927.23), 130 (1927.23), 61 (1927.35), 132 (1927.35), 62 (1927.47), 133 (1927.59), 146 (1927.71), 66 (1927.95), 137 (1928.07), 68 (1928.19), 136 (1928.31), 70 (1928.43), 139 (1928.43), 71 (1928.55), 141 (1928.67), 74 (1928.79), 73 (1928.91), 143 (1928.91), 75 (1929.03), 144 (1929.03), 76 (1929.15), 148 (1929.15), 77 (1929.27), 149 (1929.27), 151 (1929.51), 
Result: TEAM 1 WIN
