Mode: RANDOM
120.24 s > TEAM: 0 	F: 1 	 (1004) 	S: 0 	 (1001) 	T: 2 	 (1000) 	LAP 1
120.24 s > TEAM: 1 	F: 159 	 (1002) 	S: 80 	 (1001) 	T: 81 	 (1000) 	LAP 1
240.24 s > TEAM: 0 	F: 1 	 (2502) 	S: 0 	 (2001) 	T: 2 	 (2000) 	LAP 2
240.24 s > TEAM: 1 	F: 159 	 (2002) 	S: 80 	 (2001) 	T: 81 	 (2000) 	LAP 2
360.24 s > TEAM: 0 	F: 1 	 (4002) 	S: 0 	 (3001) 	T: 2 	 (3000) 	LAP 3
360.24 s > TEAM: 1 	F: 159 	 (3004) 	S: 80 	 (3001) 	T: 81 	 (3000) 	LAP 3
480.24 s > TEAM: 0 	F: 1 	 (5004) 	S: 0 	 (4001) 	T: 2 	 (4000) 	LAP 4
480.24 s > TEAM: 1 	F: 159 	 (5002) 	S: 80 	 (4001) 	T: 81 	 (4000) 	LAP 4
600.24 s > TEAM: 0 	F: 1 	 (7002) 	S: 0 	 (5001) 	T: 2 	 (5000) 	LAP 5
600.24 s > TEAM: 1 	F: 159 	 (6004) 	S: 80 	 (5002) 	T: 81 	 (5000) 	LAP 5
720.24 s > TEAM: 0 	F: 1 	 (8004) 	S: 0 	 (6002) 	T: 2 	 (6000) 	LAP 6
720.24 s > TEAM: 1 	F: 159 	 (7502) 	S: 80 	 (6503) 	T: 81 	 (6000) 	LAP 6
840.24 s > TEAM: 0 	F: 1 	 (10004) 	S: 0 	 (8001) 	T: 2 	 (7000) 	LAP 7
840.24 s > TEAM: 1 	F: 159 	 (8502) 	S: 80 	 (8251) 	T: 81 	 (7000) 	LAP 7
960.24 s > TEAM: 0 	F: 1 	 (12004) 	S: 0 	 (9001) 	T: 2 	 (8000) 	LAP 8
960.24 s > TEAM: 1 	F: 159 	 (10004) 	S: 80 	 (9503) 	T: 81 	 (8000) 	LAP 8
1080.24 s > TEAM: 0 	F: 1 	 (14002) 	S: 0 	 (10001) 	T: 2 	 (9000) 	LAP 9
1080.24 s > TEAM: 1 	F: 159 	 (12002) 	S: 80 	 (10751) 	T: 81 	 (9000) 	LAP 9
1200.24 s > TEAM: 0 	F: 1 	 (15002) 	S: 0 	 (11001) 	T: 2 	 (10000) 	LAP 10
1200.24 s > TEAM: 1 	F: 159 	 (13004) 	S: 80 	 (11751) 	T: 81 	 (10000) 	LAP 10
1320.24 s > TEAM: 0 	F: 1 	 (16000) 	S: 0 	 (12001) 	T: 2 	 (11000) 	LAP 11
1320.24 s > TEAM: 1 	F: 159 	 (15002) 	S: 80 	 (13503) 	T: 81 	 (11000) 	LAP 11
1440.24 s > TEAM: 0 	F: 1 	 (16000) 	S: 0 	 (13001) 	T: 2 	 (12000) 	LAP 12
1440.24 s > TEAM: 1 	F: 159 	 (16000) 	S: 80 	 (14751) 	T: 81 	 (12000) 	LAP 12
1560.24 s > TEAM: 0 	F: 1 	 (16000) 	S: 0 	 (14002) 	T: 2 	 (13000) 	LAP 13
1560.24 s > TEAM: 1 	F: 80 	 (16000) 	S: 159 	 (16000) 	T: 81 	 (13000) 	LAP 13
1620.24 s > TEAM: 0 	F: 1 	 (16000) 	S: 0 	 (15002) 	T: 2 	 (14000) 	LAP 14
1620.24 s > TEAM: 1 	F: 80 	 (16000) 	S: 159 	 (16000) 	T: 81 	 (14000) 	LAP 14
1680.24 s > TEAM: 1 	F: 80 	 (16000) 	S: 159 	 (16000) 	T: 81 	 (15000) 	LAP 15
1740.24 s > TEAM: 0 	F: 0 	 (16000) 	S: 1 	 (16000) 	T: 2 	 (15000) 	LAP 15
1740.24 s > TEAM: 1 	F: 80 	 (16000) 	S: 81 	 (16000) 	T: 159 	 (16000) 	LAP 16
1860.24 s > TEAM: 0 	F: 0 	 (16000) 	S: 1 	 (16000) 	T: 2 	 (16000) 	LAP 16
Broken Team 0: 5 (13), 7 (2), 9 (0), 10 (10), 11 (2), 15 (15), 16 (12), 17 (6), 21 (5), 25 (6), 34 (2), 36 (12), 40 (3), 43 (1), 47 (2), 48 (6), 49 (5), 53 (6), 54 (10), 55 (14), 56 (2), 59 (13), 60 (13), 61 (2), 62 (5), 63 (1), 65 (15), 66 (0), 69 (14), 70 (8), 76 (5), 77 (0), 
Broken Team 1: 82 (1), 83 (3), 84 (7), 88 (2), 91 (2), 93 (11), 94 (0), 95 (7), 96 (3), 102 (6), 103 (2), 104 (9), 106 (15), 109 (13), 114 (10), 116 (8), 117 (3), 118 (5), 122 (14), 123 (15), 125 (1), 126 (14), 127 (10), 129 (5), 130 (15), 134 (4), 136 (5), 144 (2), 147 (4), 149 (3), 
Finishing order: 1 (1320.03), 159 (1440.03), 80 (1530.09), 0 (1680.15), 81 (1740.27), 2 (1860.27), 157 (1860.39), 4 (1920.39), 3 (1920.63), 156 (1920.63), 6 (1920.75), 8 (1920.99), 85 (1920.99), 86 (1921.11), 87 (1921.23), 24 (1921.47), 158 (1921.47), 89 (1921.59), 13 (1921.71), 90 (1921.71), 12 (1921.83), 14 (1921.95), 92 (1921.95), 18 (1922.31), 145 (1922.31), 19 (1922.43), 150 (1922.43), 20 (1922.55), 138 (1922.55), 142 (1922.67), 22 (1922.79), 27 (1922.91), 28 (1923.03), 97 (1923.03), 29 (1923.15), 98 (1923.15), 30 (1923.27), 100 (1923.27), 31 (1923.39), 101 (1923.39), 32 (1923.51), 141 (1923.51), 33 (1923.75), 35 (1923.87), 99 (1923.99), 37 (1924.11), 38 (1924.23), 148 (1924.23), 39 (1924.35), 105 (1924.47), 41 (1924.59), 108 (1924.59), 42 (1924.71), 107 (1924.71), 110 (1924.83), 44 (1924.95), 111 (1924.95), 45 (1925.07), 112 (1925.07), 46 (1925.19), 113 (1925.31), 115 (1925.43), 50 (1925.67), 51 (1925.79), 120 (1925.79), 52 (1925.91), 119 (1925.91), 57 (1926.63), 58 (1926.75), 124 (1926.75), 128 (1926.87), 132 (1927.23), 121 (1927.35), 64 (1927.47), 131 (1927.47), 133 (1927.59), 67 (1927.83), 68 (1927.95), 135 (1927.95), 137 (1928.07), 72 (1928.31), 139 (1928.31), 71 (1928.43), 73 (1928.55), 140 (1928.55), 74 (1928.67), 143 (1928.67), 75 (1928.79), 151 (1928.79), 146 (1928.91), 154 (1929.03), 78 (1929.15), 79 (1929.27), 152 (1929.27), 26 (1929.39), 153 (1929.39), 23 (1929.51), 155 (1929.51), 
Result: TEAM 1 WIN*
