Mode: RANDOM
120.24 s > TEAM: 0 	F: 2 	 (1002) 	S: 1 	 (1001) 	T: 0 	 (1000) 	LAP 1
120.24 s > TEAM: 1 	F: 159 	 (1004) 	S: 80 	 (1002) 	T: 158 	 (1000) 	LAP 1
240.24 s > TEAM: 1 	F: 159 	 (3004) 	S: 80 	 (2501) 	T: 158 	 (2000) 	LAP 2
240.36 s > TEAM: 0 	F: 2 	 (2006) 	S: 0 	 (2002) 	T: 3 	 (2000) 	LAP 2
360.24 s > TEAM: 1 	F: 159 	 (4999) 	S: 80 	 (3501) 	T: 158 	 (3000) 	LAP 3
360.36 s > TEAM: 0 	F: 2 	 (4006) 	S: 0 	 (3501) 	T: 3 	 (3000) 	LAP 3
480.24 s > TEAM: 1 	F: 159 	 (5998) 	S: 80 	 (4501) 	T: 158 	 (4000) 	LAP 4
480.36 s > TEAM: 0 	F: 2 	 (5500) 	S: 0 	 (4501) 	T: 3 	 (4000) 	LAP 4
600.24 s > TEAM: 1 	F: 159 	 (6999) 	S: 80 	 (5501) 	T: 158 	 (5000) 	LAP 5
600.36 s > TEAM: 0 	F: 2 	 (6499) 	S: 0 	 (5501) 	T: 3 	 (5000) 	LAP 5
720.24 s > TEAM: 1 	F: 159 	 (7997) 	S: 80 	 (6998) 	T: 158 	 (6000) 	LAP 6
720.36 s > TEAM: 0 	F: 2 	 (7500) 	S: 0 	 (6501) 	T: 3 	 (6000) 	LAP 6
840.24 s > TEAM: 1 	F: 159 	 (8997) 	S: 80 	 (7998) 	T: 158 	 (7000) 	LAP 7
840.36 s > TEAM: 0 	F: 2 	 (8500) 	S: 0 	 (7501) 	T: 3 	 (7000) 	LAP 7
960.24 s > TEAM: 1 	F: 159 	 (9997) 	S: 80 	 (8998) 	T: 158 	 (8000) 	LAP 8
960.36 s > TEAM: 0 	F: 2 	 (9500) 	S: 0 	 (8501) 	T: 3 	 (8000) 	LAP 8
1080.24 s > TEAM: 1 	F: 159 	 (10997) 	S: 80 	 (9998) 	T: 158 	 (9000) 	LAP 9
1080.36 s > TEAM: 0 	F: 2 	 (10500) 	S: 0 	 (9501) 	T: 3 	 (9000) 	LAP 9
1200.24 s > TEAM: 1 	F: 159 	 (12249) 	S: 80 	 (10998) 	T: 158 	 (10000) 	LAP 10
1200.36 s > TEAM: 0 	F: 2 	 (11500) 	S: 0 	 (11002) 	T: 3 	 (10000) 	LAP 10
1320.24 s > TEAM: 1 	F: 159 	 (13249) 	S: 80 	 (11998) 	T: 158 	 (11000) 	LAP 11
1320.36 s > TEAM: 0 	F: 2 	 (13000) 	S: 0 	 (12498) 	T: 3 	 (11000) 	LAP 11
1440.24 s > TEAM: 1 	F: 159 	 (14499) 	S: 80 	 (12998) 	T: 158 	 (12000) 	LAP 12
1440.36 s > TEAM: 0 	F: 2 	 (14497) 	S: 0 	 (13498) 	T: 3 	 (12000) 	LAP 12
1560.24 s > TEAM: 1 	F: 159 	 (15996) 	S: 80 	 (14995) 	T: 158 	 (13000) 	LAP 13
1560.36 s > TEAM: 0 	F: 2 	 (15497) 	S: 0 	 (14996) 	T: 3 	 (13000) 	LAP 13
1680.24 s > TEAM: 1 	F: 80 	 (16000) 	S: 159 	 (16000) 	T: 158 	 (14000) 	LAP 14
1680.36 s > TEAM: 0 	F: 0 	 (16000) 	S: 2 	 (16000) 	T: 3 	 (14000) 	LAP 14
1800.24 s > TEAM: 1 	F: 80 	 (16000) 	S: 159 	 (16000) 	T: 158 	 (15000) 	LAP 15
1800.48 s > TEAM: 0 	F: 0 	 (16000) 	S: 2 	 (16000) 	T: 4 	 (15000) 	LAP 15
1860.48 s > TEAM: 0 	F: 0 	 (16000) 	S: 2 	 (16000) 	T: 4 	 (16000) 	LAP 16
1920.24 s > TEAM: 1 	F: 80 	 (16000) 	S: 158 	 (16000) 	T: 159 	 (16000) 	LAP 16
Broken Team 0: 1 (1), 3 (14), 6 (6), 11 (3), 16 (13), 17 (6), 20 (9), 21 (15), 28 (5), 29 (7), 33 (8), 34 (0), 35 (7), 38 (0), 39 (4), 41 (1), 42 (3), 43 (10), 45 (3), 56 (5), 57 (0), 58 (15), 63 (10), 67 (7), 70 (15), 72 (13), 
Broken Team 1: 84 (4), 85 (10), 90 (9), 91 (15), 93 (4), 94 (11), 98 (8), 102 (10), 104 (15), 106 (0), 107 (7), 111 (1), 115 (2), 120 (10), 121 (14), 129 (12), 135 (6), 139 (7), 143 (0), 144 (10), 149 (15), 152 (2), 156 (10), 
Finishing order: 159 (1560.75), 2 (1620.69), 0 (1620.75), 80 (1650.75), 4 (1860.51), 5 (1860.63), 7 (1860.87), 158 (1920.27), 81 (1920.39), 82 (1920.51), 83 (1920.63), 154 (1920.87), 8 (1920.99), 9 (1921.11), 10 (1921.23), 157 (1921.23), 12 (1921.35), 88 (1921.35), 87 (1921.47), 13 (1921.59), 14 (1921.71), 89 (1921.71), 15 (1921.95), 18 (1922.31), 92 (1922.31), 23 (1922.43), 95 (1922.43), 24 (1922.55), 96 (1922.55), 25 (1922.67), 97 (1922.67), 22 (1922.79), 26 (1922.91), 99 (1922.91), 27 (1923.03), 100 (1923.15), 101 (1923.27), 37 (1923.39), 86 (1923.39), 32 (1923.51), 30 (1923.63), 103 (1923.63), 110 (1923.87), 40 (1923.99), 112 (1924.23), 113 (1924.47), 44 (1924.59), 114 (1924.59), 46 (1924.83), 116 (1924.83), 48 (1924.95), 117 (1924.95), 49 (1925.07), 118 (1925.07), 47 (1925.19), 119 (1925.19), 51 (1925.31), 52 (1925.43), 50 (1925.55), 122 (1925.55), 36 (1925.67), 123 (1925.67), 55 (1925.79), 125 (1925.79), 54 (1925.91), 124 (1925.91), 53 (1926.03), 127 (1926.03), 126 (1926.15), 128 (1926.27), 130 (1926.39), 59 (1926.51), 131 (1926.51), 60 (1926.63), 61 (1926.75), 134 (1926.75), 62 (1926.87), 133 (1926.87), 136 (1926.99), 64 (1927.11), 65 (1927.23), 132 (1927.23), 66 (1927.35), 137 (1927.35), 68 (1927.47), 138 (1927.47), 69 (1927.59), 140 (1927.59), 76 (1927.71), 141 (1927.95), 71 (1928.19), 146 (1928.19), 75 (1928.31), 145 (1928.31), 77 (1928.43), 147 (1928.43), 19 (1928.55), 142 (1928.55), 79 (1928.67), 148 (1928.67), 150 (1928.79), 153 (1928.91), 31 (1929.03), 151 (1929.03), 74 (1929.15), 105 (1929.15), 108 (1929.27), 73 (1929.39), 109 (1929.39), 78 (1929.51), 155 (1929.51), 
Result: TEAM 0 WIN
