Mode: RANDOM
120.24 s > TEAM: 0 	F: 0 	 (1004) 	S: 5 	 (1001) 	T: 6 	 (1000) 	LAP 1
120.24 s > TEAM: 1 	F: 159 	 (1004) 	S: 86 	 (1001) 	T: 80 	 (1000) 	LAP 1
240.24 s > TEAM: 0 	F: 0 	 (3004) 	S: 5 	 (2001) 	T: 6 	 (2000) 	LAP 2
240.36 s > TEAM: 1 	F: 86 	 (2004) 	S: 80 	 (2001) 	T: 81 	 (2000) 	LAP 2
360.24 s > TEAM: 0 	F: 0 	 (5002) 	S: 5 	 (3001) 	T: 6 	 (3000) 	LAP 3
360.36 s > TEAM: 1 	F: 86 	 (4002) 	S: 80 	 (3001) 	T: 81 	 (3000) 	LAP 3
480.24 s > TEAM: 0 	F: 0 	 (6002) 	S: 5 	 (4001) 	T: 6 	 (4000) 	LAP 4
480.36 s > TEAM: 1 	F: 86 	 (5004) 	S: 80 	 (4002) 	T: 81 	 (4000) 	LAP 4
540.36 s > TEAM: 1 	F: 86 	 (6004) 	S: 80 	 (5001) 	T: 81 	 (5000) 	LAP 5
600.24 s > TEAM: 0 	F: 0 	 (7002) 	S: 5 	 (5001) 	T: 6 	 (5000) 	LAP 5
660.36 s > TEAM: 1 	F: 86 	 (7998) 	S: 80 	 (6001) 	T: 81 	 (6000) 	LAP 6
720.24 s > TEAM: 0 	F: 0 	 (8002) 	S: 5 	 (6001) 	T: 6 	 (6000) 	LAP 6
780.36 s > TEAM: 1 	F: 86 	 (8998) 	S: 80 	 (7001) 	T: 81 	 (7000) 	LAP 7
840.24 s > TEAM: 0 	F: 0 	 (9002) 	S: 5 	 (7001) 	T: 6 	 (7000) 	LAP 7
900.36 s > TEAM: 1 	F: 86 	 (9998) 	S: 80 	 (8001) 	T: 81 	 (8000) 	LAP 8
960.24 s > TEAM: 0 	F: 0 	 (10004) 	S: 5 	 (8001) 	T: 6 	 (8000) 	LAP 8
1020.36 s > TEAM: 1 	F: 86 	 (10998) 	S: 80 	 (9002) 	T: 81 	 (9000) 	LAP 9
1080.24 s > TEAM: 0 	F: 0 	 (11502) 	S: 5 	 (9001) 	T: 6 	 (9000) 	LAP 9
1080.36 s > TEAM: 1 	F: 86 	 (11498) 	S: 80 	 (10002) 	T: 81 	 (10000) 	LAP 10
1200.24 s > TEAM: 0 	F: 0 	 (12995) 	S: 5 	 (10001) 	T: 6 	 (10000) 	LAP 10
1200.36 s > TEAM: 1 	F: 86 	 (12498) 	S: 80 	 (11497) 	T: 81 	 (11000) 	LAP 11
1320.24 s > TEAM: 0 	F: 0 	 (13995) 	S: 5 	 (11002) 	T: 6 	 (11000) 	LAP 11
1320.36 s > TEAM: 1 	F: 86 	 (13498) 	S: 80 	 (12497) 	T: 81 	 (12000) 	LAP 12
1380.24 s > TEAM: 0 	F: 0 	 (14495) 	S: 5 	 (12001) 	T: 6 	 (12000) 	LAP 12
1500.24 s > TEAM: 0 	F: 0 	 (15495) 	S: 5 	 (13002) 	T: 6 	 (13000) 	LAP 13
1500.48 s > TEAM: 1 	F: 86 	 (14999) 	S: 80 	 (13998) 	T: 82 	 (13000) 	LAP 13
1560.96 s > TEAM: 0 	F: 0 	 (16000) 	S: 6 	 (14001) 	T: 5 	 (14000) 	LAP 14
1620.48 s > TEAM: 1 	F: 86 	 (15999) 	S: 80 	 (14998) 	T: 82 	 (14000) 	LAP 14
1680.84 s > TEAM: 0 	F: 0 	 (16000) 	S: 5 	 (15001) 	T: 6 	 (15000) 	LAP 15
1740.48 s > TEAM: 1 	F: 86 	 (16000) 	S: 80 	 (15996) 	T: 82 	 (15000) 	LAP 15
1800.48 s > TEAM: 1 	F: 80 	 (16000) 	S: 82 	 (16000) 	T: 86 	 (16000) 	LAP 16
1800.78 s > TEAM: 0 	F: 0 	 (16000) 	S: 5 	 (16000) 	T: 6 	 (16000) 	LAP 16
Broken Team 0: 8 (6), 11 (0), 18 (0), 23 (11), 26 (7), 27 (0), 32 (1), 33 (3), 37 (9), 38 (6), 39 (10), 41 (6), 43 (1), 44 (0), 45 (7), 46 (12), 53 (8), 54 (9), 63 (15), 68 (2), 73 (2), 77 (1), 
Broken Team 1: 81 (12), 87 (4), 91 (10), 92 (0), 93 (4), 94 (3), 97 (7), 104 (1), 106 (3), 110 (8), 111 (14), 113 (13), 114 (9), 125 (4), 126 (3), 131 (10), 134 (1), 148 (7), 151 (1), 152 (8), 159 (1), 
Finishing order: 0 (1560.87), 86 (1620.63), 80 (1740.93), 5 (1770.57), 82 (1800.51), 6 (1800.81), 83 (1860.63), 88 (1860.87), 1 (1920.39), 3 (1920.51), 7 (1920.63), 2 (1920.75), 4 (1920.87), 9 (1920.99), 89 (1920.99), 10 (1921.11), 90 (1921.11), 13 (1921.47), 12 (1921.59), 15 (1921.71), 95 (1921.71), 14 (1921.83), 96 (1921.83), 16 (1921.95), 84 (1921.95), 17 (1922.07), 98 (1922.19), 19 (1922.31), 99 (1922.31), 20 (1922.43), 100 (1922.43), 21 (1922.55), 101 (1922.55), 22 (1922.67), 102 (1922.67), 103 (1922.79), 24 (1922.91), 25 (1923.03), 105 (1923.03), 107 (1923.27), 28 (1923.39), 108 (1923.39), 29 (1923.51), 109 (1923.51), 30 (1923.63), 31 (1923.75), 112 (1923.87), 64 (1924.11), 61 (1924.23), 115 (1924.23), 34 (1924.35), 116 (1924.35), 35 (1924.47), 117 (1924.47), 36 (1924.59), 118 (1924.59), 119 (1924.71), 120 (1924.83), 121 (1924.95), 40 (1925.07), 122 (1925.07), 42 (1925.19), 123 (1925.19), 124 (1925.43), 158 (1925.67), 128 (1925.79), 48 (1925.91), 127 (1925.91), 47 (1926.03), 129 (1926.03), 49 (1926.15), 130 (1926.15), 50 (1926.27), 157 (1926.27), 51 (1926.39), 132 (1926.51), 52 (1926.63), 85 (1926.63), 135 (1926.75), 55 (1926.87), 136 (1926.87), 58 (1926.99), 138 (1926.99), 57 (1927.11), 137 (1927.11), 56 (1927.23), 139 (1927.23), 59 (1927.35), 140 (1927.35), 62 (1927.47), 141 (1927.47), 60 (1927.59), 142 (1927.59), 66 (1927.71), 143 (1927.71), 144 (1927.83), 67 (1927.95), 145 (1927.95), 71 (1928.07), 147 (1928.07), 65 (1928.19), 146 (1928.31), 72 (1928.43), 149 (1928.43), 150 (1928.55), 69 (1928.67), 70 (1928.79), 75 (1928.91), 153 (1928.91), 154 (1929.03), 74 (1929.15), 155 (1929.15), 78 (1929.27), 156 (1929.27), 76 (1929.39), 133 (1929.39), 79 (1929.51), 
Result: TEAM 1 WIN*
