Mode: RANDOM
120.24 s > TEAM: 0 	F: 1 	 (1002) 	S: 4 	 (1001) 	T: 3 	 (1000) 	LAP 1
120.24 s > TEAM: 1 	F: 159 	 (1004) 	S: 80 	 (1002) 	T: 125 	 (1000) 	LAP 1
240.24 s > TEAM: 0 	F: 1 	 (2002) 	S: 4 	 (2001) 	T: 3 	 (2000) 	LAP 2
240.36 s > TEAM: 1 	F: 159 	 (2503) 	S: 80 	 (2502) 	T: 123 	 (2000) 	LAP 2
360.24 s > TEAM: 0 	F: 1 	 (3004) 	S: 4 	 (3002) 	T: 3 	 (3000) 	LAP 3
360.36 s > TEAM: 1 	F: 159 	 (4003) 	S: 80 	 (3502) 	T: 123 	 (3000) 	LAP 3
480.24 s > TEAM: 0 	F: 1 	 (4502) 	S: 4 	 (4501) 	T: 3 	 (4000) 	LAP 4
480.36 s > TEAM: 1 	F: 159 	 (5003) 	S: 80 	 (4502) 	T: 123 	 (4000) 	LAP 4
600.24 s > TEAM: 0 	F: 1 	 (5502) 	S: 4 	 (5501) 	T: 3 	 (5000) 	LAP 5
600.36 s > TEAM: 1 	F: 159 	 (6006) 	S: 80 	 (5502) 	T: 123 	 (5000) 	LAP 5
720.24 s > TEAM: 0 	F: 1 	 (7002) 	S: 4 	 (6501) 	T: 3 	 (6000) 	LAP 6
720.36 s > TEAM: 1 	F: 159 	 (8006) 	S: 80 	 (6811) 	T: 123 	 (6000) 	LAP 6
840.24 s > TEAM: 0 	F: 1 	 (8004) 	S: 4 	 (7501) 	T: 3 	 (7000) 	LAP 7
840.48 s > TEAM: 1 	F: 159 	 (10008) 	S: 123 	 (8002) 	T: 81 	 (7000) 	LAP 7
960.24 s > TEAM: 0 	F: 4 	 (9002) 	S: 1 	 (8723) 	T: 3 	 (8000) 	LAP 8
960.48 s > TEAM: 1 	F: 159 	 (12008) 	S: 123 	 (9501) 	T: 81 	 (8000) 	LAP 8
1020.48 s > TEAM: 0 	F: 4 	 (10006) 	S: 3 	 (9002) 	T: 5 	 (9000) 	LAP 9
1080.48 s > TEAM: 1 	F: 159 	 (13504) 	S: 123 	 (10501) 	T: 81 	 (9000) 	LAP 9
1080.60 s > TEAM: 0 	F: 4 	 (11008) 	S: 5 	 (10002) 	T: 2 	 (10000) 	LAP 10
1200.48 s > TEAM: 1 	F: 159 	 (14504) 	S: 123 	 (11501) 	T: 81 	 (10000) 	LAP 10
1200.60 s > TEAM: 0 	F: 5 	 (11501) 	S: 4 	 (11444) 	T: 2 	 (11000) 	LAP 11
1320.48 s > TEAM: 1 	F: 159 	 (15504) 	S: 123 	 (12501) 	T: 81 	 (11000) 	LAP 11
1380.24 s > TEAM: 0 	F: 5 	 (12998) 	S: 2 	 (12497) 	T: 3 	 (12000) 	LAP 12
1440.60 s > TEAM: 1 	F: 159 	 (16000) 	S: 123 	 (13502) 	T: 82 	 (12000) 	LAP 12
1500.24 s > TEAM: 0 	F: 5 	 (13998) 	S: 2 	 (13497) 	T: 3 	 (13000) 	LAP 13
1560.60 s > TEAM: 1 	F: 159 	 (16000) 	S: 123 	 (14316) 	T: 82 	 (13000) 	LAP 13
1620.24 s > TEAM: 0 	F: 5 	 (15996) 	S: 2 	 (14994) 	T: 3 	 (14000) 	LAP 14
1680.24 s > TEAM: 0 	F: 5 	 (16000) 	S: 2 	 (15994) 	T: 3 	 (15000) 	LAP 15
1680.60 s > TEAM: 1 	F: 159 	 (16000) 	S: 123 	 (14316) 	T: 82 	 (14000) 	LAP 14
1740.72 s > TEAM: 1 	F: 159 	 (16000) 	S: 82 	 (15002) 	T: 83 	 (15000) 	LAP 15
1800.72 s > TEAM: 0 	F: 2 	 (16000) 	S: 5 	 (16000) 	T: 6 	 (16000) 	LAP 16
1860.72 s > TEAM: 1 	F: 82 	 (16000) 	S: 83 	 (16000) 	T: 159 	 (16000) 	LAP 16
Broken Team 0: 0 (0), 1 (8), 3 (15), 4 (11), 8 (10), 9 (6), 10 (4), 13 (2), 17 (0), 20 (3), 21 (15), 22 (3), 23 (6), 26 (9), 28 (13), 32 (9), 34 (1), 35 (4), 36 (3), 37 (12), 44 (6), 50 (4), 51 (11), 56 (3), 57 (7), 58 (2), 59 (7), 62 (7), 63 (4), 64 (10), 65 (14), 68 (3), 69 (7), 73 (2), 
Broken Team 1: 80 (6), 81 (11), 84 (7), 85 (7), 90 (4), 91 (4), 92 (1), 99 (3), 101 (1), 102 (0), 106 (15), 107 (8), 109 (2), 119 (7), 120 (3), 123 (14), 125 (1), 126 (6), 127 (0), 129 (13), 132 (10), 135 (5), 138 (13), 140 (14), 144 (5), 146 (1), 148 (7), 149 (15), 155 (11), 
Finishing order: 159 (1380.03), 5 (1620.51), 2 (1680.63), 82 (1800.63), 6 (1800.75), 83 (1860.75), 7 (1860.87), 12 (1861.23), 11 (1861.47), 14 (1861.71), 124 (1921.11), 86 (1921.23), 122 (1921.35), 87 (1921.47), 88 (1921.59), 89 (1921.71), 15 (1921.83), 118 (1921.83), 16 (1921.95), 18 (1922.19), 94 (1922.19), 19 (1922.31), 95 (1922.43), 93 (1922.55), 97 (1922.67), 98 (1922.79), 24 (1922.91), 100 (1922.91), 25 (1923.03), 96 (1923.03), 105 (1923.15), 27 (1923.27), 31 (1923.51), 29 (1923.63), 103 (1923.63), 108 (1923.75), 33 (1923.87), 30 (1924.11), 113 (1924.11), 110 (1924.23), 38 (1924.35), 111 (1924.35), 114 (1924.47), 112 (1924.59), 39 (1924.71), 116 (1924.71), 42 (1924.83), 41 (1924.95), 121 (1924.95), 43 (1925.07), 40 (1925.19), 128 (1925.31), 45 (1925.43), 117 (1925.43), 47 (1925.55), 130 (1925.55), 46 (1925.67), 48 (1925.79), 133 (1925.91), 49 (1926.03), 131 (1926.03), 136 (1926.15), 54 (1926.27), 134 (1926.27), 53 (1926.39), 137 (1926.39), 52 (1926.63), 139 (1926.63), 55 (1926.75), 143 (1926.75), 141 (1926.87), 142 (1926.99), 61 (1927.23), 147 (1927.59), 60 (1927.71), 145 (1927.71), 67 (1927.95), 152 (1927.95), 151 (1928.07), 66 (1928.19), 150 (1928.19), 153 (1928.31), 70 (1928.43), 72 (1928.55), 154 (1928.55), 71 (1928.67), 156 (1928.67), 157 (1928.79), 75 (1928.91), 76 (1929.03), 158 (1929.03), 77 (1929.15), 74 (1929.27), 104 (1929.27), 78 (1929.39), 79 (1929.51), 115 (1929.51), 
Result: TEAM 0 WIN*
