Mode: RANDOM
120.24 s > TEAM: 1 	F: 159 	 (1002) 	S: 158 	 (1001) 	T: 155 	 (1000) 	LAP 1
120.36 s > TEAM: 0 	F: 2 	 (1006) 	S: 0 	 (1002) 	T: 3 	 (1000) 	LAP 1
240.24 s > TEAM: 1 	F: 159 	 (2004) 	S: 158 	 (2001) 	T: 155 	 (2000) 	LAP 2
240.36 s > TEAM: 0 	F: 2 	 (2503) 	S: 0 	 (2002) 	T: 3 	 (2000) 	LAP 2
360.24 s > TEAM: 1 	F: 159 	 (3502) 	S: 158 	 (3001) 	T: 155 	 (3000) 	LAP 3
360.36 s > TEAM: 0 	F: 2 	 (3503) 	S: 0 	 (3002) 	T: 3 	 (3000) 	LAP 3
480.24 s > TEAM: 1 	F: 159 	 (5004) 	S: 158 	 (4002) 	T: 155 	 (4000) 	LAP 4
480.60 s > TEAM: 0 	F: 2 	 (5005) 	S: 0 	 (4004) 	T: 6 	 (4000) 	LAP 4
540.24 s > TEAM: 1 	F: 159 	 (6002) 	S: 158 	 (5001) 	T: 155 	 (5000) 	LAP 5
600.60 s > TEAM: 0 	F: 2 	 (6010) 	S: 0 	 (5008) 	T: 6 	 (5000) 	LAP 5
630.30 s > TEAM: 1 	F: 159 	 (6752) 	S: 154 	 (6004) 	T: 155 	 (6000) 	LAP 6
660.60 s > TEAM: 0 	F: 2 	 (7005) 	S: 0 	 (6008) 	T: 6 	 (6000) 	LAP 6
690.36 s > TEAM: 1 	F: 159 	 (7253) 	S: 154 	 (7002) 	T: 158 	 (7000) 	LAP 7
780.60 s > TEAM: 0 	F: 2 	 (8005) 	S: 0 	 (7995) 	T: 6 	 (7000) 	LAP 7
810.36 s > TEAM: 1 	F: 159 	 (8506) 	S: 154 	 (8005) 	T: 158 	 (8000) 	LAP 8
870.36 s > TEAM: 1 	F: 159 	 (9243) 	S: 154 	 (9005) 	T: 158 	 (9000) 	LAP 9
900.60 s > TEAM: 0 	F: 2 	 (9005) 	S: 0 	 (8163) 	T: 6 	 (8000) 	LAP 8
990.36 s > TEAM: 1 	F: 159 	 (10243) 	S: 154 	 (10242) 	T: 158 	 (10000) 	LAP 10
1020.72 s > TEAM: 0 	F: 2 	 (10006) 	S: 6 	 (9001) 	T: 7 	 (9000) 	LAP 9
1110.36 s > TEAM: 1 	F: 154 	 (11243) 	S: 159 	 (11242) 	T: 158 	 (11000) 	LAP 11
1140.72 s > TEAM: 0 	F: 2 	 (11006) 	S: 6 	 (10001) 	T: 7 	 (10000) 	LAP 10
1201.44 s > TEAM: 1 	F: 154 	 (12002) 	S: 158 	 (12001) 	T: 159 	 (12000) 	LAP 12
1260.72 s > TEAM: 0 	F: 2 	 (12006) 	S: 6 	 (11001) 	T: 7 	 (11000) 	LAP 11
1321.44 s > TEAM: 1 	F: 154 	 (13002) 	S: 158 	 (13001) 	T: 159 	 (13000) 	LAP 13
1380.72 s > TEAM: 0 	F: 2 	 (13006) 	S: 6 	 (12001) 	T: 7 	 (12000) 	LAP 12
1441.44 s > TEAM: 1 	F: 154 	 (14002) 	S: 158 	 (14001) 	T: 159 	 (14000) 	LAP 14
1500.72 s > TEAM: 0 	F: 2 	 (14012) 	S: 6 	 (13002) 	T: 7 	 (13000) 	LAP 13
1561.44 s > TEAM: 1 	F: 154 	 (15002) 	S: 158 	 (15001) 	T: 159 	 (15000) 	LAP 15
1620.72 s > TEAM: 0 	F: 2 	 (15506) 	S: 6 	 (14993) 	T: 7 	 (14000) 	LAP 14
1681.44 s > TEAM: 1 	F: 154 	 (16000) 	S: 158 	 (16000) 	T: 159 	 (16000) 	LAP 16
1740.72 s > TEAM: 0 	F: 2 	 (16000) 	S: 6 	 (15993) 	T: 7 	 (15000) 	LAP 15
1860.72 s > TEAM: 0 	F: 2 	 (16000) 	S: 6 	 (16000) 	T: 7 	 (16000) 	LAP 16
Broken Team 0: 0 (8), 1 (0), 3 (3), 4 (1), 8 (1), 10 (5), 13 (10), 15 (10), 16 (5), 19 (6), 24 (6), 31 (2), 33 (13), 34 (1), 35 (0), 36 (7), 39 (15), 40 (2), 44 (0), 47 (3), 53 (10), 59 (10), 63 (15), 65 (8), 68 (6), 69 (7), 70 (9), 71 (5), 76 (0), 77 (7), 
Broken Team 1: 86 (9), 88 (14), 89 (15), 93 (4), 96 (8), 98 (1), 100 (6), 101 (10), 103 (10), 105 (0), 106 (5), 110 (8), 118 (0), 119 (8), 121 (9), 126 (7), 131 (0), 132 (8), 137 (9), 139 (8), 140 (2), 146 (3), 147 (2), 
Finishing order: 2 (1680.03), 154 (1681.23), 158 (1681.35), 159 (1681.47), 6 (1741.59), 155 (1830.33), 7 (1860.75), 5 (1860.99), 9 (1861.11), 156 (1920.51), 153 (1920.63), 157 (1920.75), 80 (1920.87), 151 (1920.99), 129 (1921.11), 11 (1921.23), 122 (1921.23), 152 (1921.35), 48 (1921.47), 81 (1921.47), 82 (1921.59), 51 (1921.71), 83 (1921.71), 12 (1921.83), 84 (1921.83), 49 (1921.95), 85 (1921.95), 14 (1922.07), 127 (1922.07), 18 (1922.31), 17 (1922.43), 87 (1922.43), 21 (1922.79), 91 (1922.79), 20 (1922.91), 90 (1922.91), 22 (1923.03), 92 (1923.03), 23 (1923.15), 25 (1923.27), 94 (1923.27), 26 (1923.39), 95 (1923.39), 57 (1923.63), 97 (1923.63), 125 (1923.75), 99 (1923.87), 27 (1923.99), 28 (1924.11), 30 (1924.23), 104 (1924.23), 29 (1924.35), 144 (1924.35), 32 (1924.83), 149 (1924.83), 108 (1924.95), 102 (1925.07), 37 (1925.19), 109 (1925.19), 38 (1925.31), 107 (1925.31), 150 (1925.55), 42 (1925.67), 113 (1925.67), 45 (1925.79), 46 (1925.91), 148 (1925.91), 41 (1926.03), 143 (1926.03), 50 (1926.15), 145 (1926.15), 55 (1926.27), 58 (1926.39), 115 (1926.51), 60 (1926.63), 111 (1926.75), 62 (1926.87), 114 (1926.87), 61 (1926.99), 116 (1926.99), 54 (1927.11), 120 (1927.11), 52 (1927.23), 43 (1927.35), 67 (1927.47), 117 (1927.47), 56 (1927.59), 123 (1927.71), 124 (1927.83), 130 (1927.95), 66 (1928.07), 112 (1928.07), 133 (1928.19), 73 (1928.43), 135 (1928.43), 64 (1928.55), 72 (1928.67), 138 (1928.79), 78 (1928.91), 136 (1928.91), 74 (1929.03), 141 (1929.03), 79 (1929.15), 134 (1929.27), 142 (1929.39), 75 (1929.51), 128 (1929.51), 
Result: TEAM 1 WIN*
