Mode: RANDOM
120.24 s > TEAM: 0 	F: 0 	 (1002) 	S: 1 	 (1001) 	T: 2 	 (1000) 	LAP 1
120.24 s > TEAM: 1 	F: 159 	 (1004) 	S: 157 	 (1002) 	T: 155 	 (1000) 	LAP 1
240.24 s > TEAM: 0 	F: 0 	 (2004) 	S: 1 	 (2001) 	T: 2 	 (2000) 	LAP 2
240.24 s > TEAM: 1 	F: 159 	 (2502) 	S: 157 	 (2501) 	T: 155 	 (2000) 	LAP 2
360.24 s > TEAM: 0 	F: 0 	 (3502) 	S: 1 	 (3001) 	T: 2 	 (3000) 	LAP 3
360.24 s > TEAM: 1 	F: 159 	 (4002) 	S: 157 	 (3501) 	T: 155 	 (3000) 	LAP 3
480.24 s > TEAM: 0 	F: 0 	 (5000) 	S: 1 	 (4001) 	T: 2 	 (4000) 	LAP 4
480.24 s > TEAM: 1 	F: 159 	 (5004) 	S: 157 	 (4501) 	T: 155 	 (4000) 	LAP 4
600.24 s > TEAM: 0 	F: 0 	 (6000) 	S: 1 	 (5001) 	T: 2 	 (5000) 	LAP 5
600.24 s > TEAM: 1 	F: 159 	 (6499) 	S: 157 	 (6001) 	T: 155 	 (5000) 	LAP 5
720.24 s > TEAM: 0 	F: 0 	 (8000) 	S: 1 	 (6001) 	T: 2 	 (6000) 	LAP 6
720.24 s > TEAM: 1 	F: 159 	 (7998) 	S: 157 	 (7001) 	T: 155 	 (6000) 	LAP 6
840.24 s > TEAM: 0 	F: 0 	 (9498) 	S: 1 	 (7001) 	T: 2 	 (7000) 	LAP 7
840.24 s > TEAM: 1 	F: 159 	 (8999) 	S: 157 	 (8001) 	T: 155 	 (7000) 	LAP 7
960.24 s > TEAM: 0 	F: 0 	 (10996) 	S: 1 	 (8002) 	T: 2 	 (8000) 	LAP 8
960.24 s > TEAM: 1 	F: 159 	 (10998) 	S: 157 	 (9001) 	T: 155 	 (8000) 	LAP 8
1080.24 s > TEAM: 0 	F: 0 	 (11998) 	S: 1 	 (9392) 	T: 2 	 (9000) 	LAP 9
1080.24 s > TEAM: 1 	F: 159 	 (12497) 	S: 157 	 (10001) 	T: 155 	 (9000) 	LAP 9
1200.24 s > TEAM: 1 	F: 159 	 (13997) 	S: 157 	 (11001) 	T: 155 	 (10000) 	LAP 10
1200.48 s > TEAM: 0 	F: 0 	 (13500) 	S: 2 	 (10002) 	T: 5 	 (10000) 	LAP 10
1320.24 s > TEAM: 1 	F: 159 	 (14997) 	S: 157 	 (12001) 	T: 155 	 (11000) 	LAP 11
1320.48 s > TEAM: 0 	F: 0 	 (14500) 	S: 2 	 (11002) 	T: 5 	 (11000) 	LAP 11
1440.24 s > TEAM: 1 	F: 159 	 (15997) 	S: 157 	 (13002) 	T: 155 	 (12000) 	LAP 12
1440.48 s > TEAM: 0 	F: 0 	 (15500) 	S: 2 	 (12002) 	T: 5 	 (12000) 	LAP 12
1560.24 s > TEAM: 1 	F: 159 	 (16000) 	S: 157 	 (14501) 	T: 155 	 (13000) 	LAP 13
1561.08 s > TEAM: 0 	F: 0 	 (16000) 	S: 5 	 (13010) 	T: 10 	 (13000) 	LAP 13
1621.08 s > TEAM: 0 	F: 0 	 (16000) 	S: 5 	 (14010) 	T: 10 	 (14000) 	LAP 14
1680.24 s > TEAM: 1 	F: 159 	 (16000) 	S: 157 	 (15501) 	T: 155 	 (14000) 	LAP 14
1681.08 s > TEAM: 0 	F: 0 	 (16000) 	S: 5 	 (15010) 	T: 10 	 (15000) 	LAP 15
1741.08 s > TEAM: 0 	F: 0 	 (16000) 	S: 5 	 (16000) 	T: 10 	 (16000) 	LAP 16
1800.24 s > TEAM: 1 	F: 157 	 (16000) 	S: 159 	 (16000) 	T: 155 	 (15000) 	LAP 15
1920.24 s > TEAM: 1 	F: 155 	 (16000) 	S: 157 	 (16000) 	T: 159 	 (16000) 	LAP 16
Broken Team 0: 1 (9), 2 (12), 3 (1), 4 (0), 7 (12), 8 (1), 9 (11), 16 (5), 17 (6), 18 (1), 20 (2), 22 (14), 24 (3), 28 (9), 29 (11), 30 (14), 33 (4), 34 (13), 35 (3), 41 (3), 44 (1), 49 (12), 55 (1), 59 (2), 61 (9), 63 (15), 66 (3), 68 (9), 73 (13), 77 (15), 78 (6), 79 (3), 
Broken Team 1: 81 (4), 82 (2), 83 (6), 84 (12), 86 (9), 89 (8), 93 (5), 95 (9), 96 (5), 99 (5), 106 (8), 107 (11), 108 (11), 110 (6), 112 (14), 118 (9), 121 (10), 122 (4), 126 (10), 127 (10), 128 (3), 129 (0), 130 (7), 132 (9), 134 (3), 146 (11), 147 (7), 151 (2), 
Finishing order: 159 (1440.63), 0 (1500.51), 157 (1740.15), 5 (1740.51), 10 (1741.11), 6 (1861.23), 11 (1861.35), 155 (1920.27), 153 (1920.39), 154 (1920.51), 152 (1920.63), 150 (1920.75), 148 (1921.11), 149 (1921.35), 13 (1921.47), 158 (1921.47), 14 (1921.59), 156 (1921.59), 70 (1921.71), 80 (1921.71), 12 (1921.83), 131 (1921.83), 15 (1921.95), 145 (1922.31), 23 (1922.55), 26 (1922.79), 85 (1922.79), 47 (1922.91), 25 (1923.03), 87 (1923.03), 19 (1923.15), 21 (1923.27), 88 (1923.27), 27 (1923.39), 91 (1923.39), 92 (1923.51), 94 (1923.75), 39 (1923.99), 42 (1924.11), 97 (1924.11), 43 (1924.23), 98 (1924.35), 102 (1924.59), 51 (1924.71), 100 (1924.71), 101 (1924.83), 45 (1924.95), 52 (1925.07), 53 (1925.19), 54 (1925.31), 50 (1925.43), 104 (1925.43), 46 (1925.55), 36 (1925.67), 109 (1925.79), 58 (1925.91), 115 (1925.91), 56 (1926.03), 103 (1926.03), 60 (1926.15), 114 (1926.15), 111 (1926.27), 67 (1926.51), 119 (1926.51), 74 (1926.63), 113 (1926.63), 116 (1926.75), 76 (1926.87), 124 (1926.87), 71 (1926.99), 120 (1926.99), 32 (1927.11), 137 (1927.11), 75 (1927.35), 133 (1927.35), 139 (1927.47), 65 (1927.59), 69 (1927.83), 135 (1927.83), 138 (1927.95), 62 (1928.07), 144 (1928.07), 72 (1928.19), 143 (1928.19), 140 (1928.31), 38 (1928.43), 142 (1928.43), 141 (1928.55), 123 (1928.67), 31 (1928.79), 136 (1928.79), 48 (1928.91), 105 (1928.91), 37 (1929.03), 40 (1929.15), 125 (1929.15), 57 (1929.27), 64 (1929.39), 90 (1929.39), 117 (1929.51), 
Result: TEAM 0 WIN*
