Mode: RANDOM
120.24 s > TEAM: 0 	F: 0 	 (1002) 	S: 1 	 (1001) 	T: 2 	 (1000) 	LAP 1
120.24 s > TEAM: 1 	F: 159 	 (1004) 	S: 156 	 (1001) 	T: 155 	 (1000) 	LAP 1
240.24 s > TEAM: 0 	F: 0 	 (2002) 	S: 1 	 (2001) 	T: 2 	 (2000) 	LAP 2
240.24 s > TEAM: 1 	F: 159 	 (2502) 	S: 156 	 (2001) 	T: 155 	 (2000) 	LAP 2
360.24 s > TEAM: 0 	F: 0 	 (3004) 	S: 1 	 (3002) 	T: 2 	 (3000) 	LAP 3
360.24 s > TEAM: 1 	F: 159 	 (3502) 	S: 156 	 (3001) 	T: 155 	 (3000) 	LAP 3
420.24 s > TEAM: 0 	F: 0 	 (4002) 	S: 1 	 (4001) 	T: 2 	 (4000) 	LAP 4
480.24 s > TEAM: 1 	F: 159 	 (4502) 	S: 156 	 (4001) 	T: 155 	 (4000) 	LAP 4
540.24 s > TEAM: 0 	F: 0 	 (5004) 	S: 1 	 (5002) 	T: 2 	 (5000) 	LAP 5
600.24 s > TEAM: 1 	F: 159 	 (5502) 	S: 156 	 (5001) 	T: 155 	 (5000) 	LAP 5
660.24 s > TEAM: 0 	F: 0 	 (6502) 	S: 1 	 (6501) 	T: 2 	 (6000) 	LAP 6
720.24 s > TEAM: 1 	F: 159 	 (6502) 	S: 156 	 (6001) 	T: 155 	 (6000) 	LAP 6
780.24 s > TEAM: 0 	F: 1 	 (7999) 	S: 0 	 (7998) 	T: 2 	 (7000) 	LAP 7
840.24 s > TEAM: 1 	F: 159 	 (7998) 	S: 156 	 (7002) 	T: 155 	 (7000) 	LAP 7
900.24 s > TEAM: 0 	F: 0 	 (8998) 	S: 1 	 (8998) 	T: 2 	 (8000) 	LAP 8
960.24 s > TEAM: 0 	F: 1 	 (9499) 	S: 0 	 (9498) 	T: 2 	 (9000) 	LAP 9
960.24 s > TEAM: 1 	F: 159 	 (9249) 	S: 156 	 (8998) 	T: 155 	 (8000) 	LAP 8
1080.24 s > TEAM: 0 	F: 1 	 (10499) 	S: 0 	 (10498) 	T: 2 	 (10000) 	LAP 10
1080.24 s > TEAM: 1 	F: 159 	 (10499) 	S: 156 	 (9998) 	T: 155 	 (9000) 	LAP 9
1200.24 s > TEAM: 0 	F: 1 	 (11499) 	S: 0 	 (11498) 	T: 2 	 (11000) 	LAP 11
1200.24 s > TEAM: 1 	F: 159 	 (11749) 	S: 156 	 (10998) 	T: 155 	 (10000) 	LAP 10
1320.24 s > TEAM: 0 	F: 1 	 (12998) 	S: 0 	 (12996) 	T: 2 	 (12000) 	LAP 12
1320.24 s > TEAM: 1 	F: 159 	 (12749) 	S: 156 	 (11998) 	T: 155 	 (11000) 	LAP 11
1380.24 s > TEAM: 0 	F: 1 	 (13499) 	S: 0 	 (13498) 	T: 2 	 (13000) 	LAP 13
1440.24 s > TEAM: 1 	F: 159 	 (13999) 	S: 156 	 (12998) 	T: 155 	 (12000) 	LAP 12
1500.24 s > TEAM: 0 	F: 1 	 (14499) 	S: 0 	 (14498) 	T: 2 	 (14000) 	LAP 14
1560.36 s > TEAM: 1 	F: 159 	 (15000) 	S: 156 	 (13999) 	T: 153 	 (13000) 	LAP 13
1620.24 s > TEAM: 0 	F: 1 	 (15998) 	S: 0 	 (15498) 	T: 2 	 (15000) 	LAP 15
1680.36 s > TEAM: 1 	F: 159 	 (16000) 	S: 156 	 (14999) 	T: 153 	 (14000) 	LAP 14
1740.24 s > TEAM: 0 	F: 0 	 (16000) 	S: 1 	 (16000) 	T: 2 	 (16000) 	LAP 16
1800.36 s > TEAM: 1 	F: 159 	 (16000) 	S: 156 	 (15999) 	T: 153 	 (15000) 	LAP 15
1920.36 s > TEAM: 1 	F: 153 	 (16000) 	S: 156 	 (16000) 	T: 159 	 (16000) 	LAP 16
Broken Team 0: 7 (10), 10 (6), 11 (4), 20 (8), 26 (5), 28 (14), 33 (4), 35 (0), 39 (5), 42 (8), 48 (12), 52 (0), 55 (7), 56 (3), 59 (14), 62 (14), 65 (0), 68 (8), 69 (11), 74 (15), 75 (8), 79 (1), 
Broken Team 1: 82 (9), 99 (8), 100 (9), 101 (1), 104 (13), 119 (8), 122 (10), 124 (9), 126 (1), 132 (15), 138 (3), 140 (0), 141 (12), 142 (2), 145 (0), 147 (1), 154 (1), 155 (12), 157 (5), 158 (12), 
Finishing order: 1 (1620.51), 159 (1680.39), 0 (1680.51), 2 (1740.27), 156 (1800.51), 3 (1860.39), 153 (1920.39), 40 (1920.51), 4 (1920.63), 6 (1920.75), 80 (1920.87), 38 (1920.99), 81 (1920.99), 41 (1921.23), 83 (1921.23), 5 (1921.35), 151 (1921.35), 84 (1921.47), 8 (1921.59), 85 (1921.59), 9 (1921.71), 86 (1921.71), 87 (1921.83), 152 (1921.95), 12 (1922.07), 149 (1922.07), 13 (1922.19), 88 (1922.19), 14 (1922.31), 90 (1922.31), 17 (1922.43), 91 (1922.43), 15 (1922.55), 89 (1922.55), 18 (1922.67), 93 (1922.67), 64 (1922.79), 96 (1922.79), 22 (1922.91), 94 (1922.91), 16 (1923.03), 95 (1923.03), 21 (1923.15), 97 (1923.15), 19 (1923.27), 23 (1923.51), 92 (1923.63), 25 (1923.75), 102 (1923.75), 27 (1923.87), 106 (1923.99), 29 (1924.11), 98 (1924.11), 78 (1924.23), 117 (1924.23), 32 (1924.35), 103 (1924.35), 31 (1924.47), 108 (1924.47), 24 (1924.59), 107 (1924.59), 34 (1924.71), 109 (1924.71), 36 (1924.83), 111 (1924.83), 30 (1924.95), 57 (1925.07), 112 (1925.07), 113 (1925.19), 116 (1925.31), 43 (1925.43), 114 (1925.43), 37 (1925.55), 105 (1925.55), 44 (1925.67), 115 (1925.67), 46 (1925.79), 120 (1925.79), 47 (1925.91), 110 (1925.91), 121 (1926.03), 49 (1926.15), 123 (1926.15), 50 (1926.27), 45 (1926.39), 125 (1926.39), 51 (1926.51), 53 (1926.75), 128 (1926.75), 54 (1926.87), 127 (1926.87), 131 (1926.99), 135 (1927.11), 129 (1927.23), 60 (1927.35), 130 (1927.47), 61 (1927.59), 136 (1927.59), 66 (1927.71), 137 (1927.71), 63 (1927.95), 139 (1927.95), 67 (1928.07), 72 (1928.19), 143 (1928.31), 73 (1928.43), 146 (1928.43), 76 (1928.67), 148 (1928.67), 77 (1928.79), 150 (1928.79), 118 (1929.03), 71 (1929.15), 133 (1929.15), 134 (1929.27), 58 (1929.39), 144 (1929.39), 70 (1929.51), 
Result: TEAM 0 WIN*
