Mode: RANDOM
120.24 s > TEAM: 0 	F: 0 	 (1004) 	S: 1 	 (1001) 	T: 3 	 (1000) 	LAP 1
120.24 s > TEAM: 1 	F: 159 	 (1004) 	S: 157 	 (1001) 	T: 80 	 (1000) 	LAP 1
240.24 s > TEAM: 1 	F: 159 	 (2502) 	S: 157 	 (2001) 	T: 80 	 (2000) 	LAP 2
240.36 s > TEAM: 0 	F: 0 	 (3006) 	S: 3 	 (2001) 	T: 4 	 (2000) 	LAP 2
360.24 s > TEAM: 1 	F: 159 	 (3502) 	S: 157 	 (3001) 	T: 80 	 (3000) 	LAP 3
360.36 s > TEAM: 0 	F: 0 	 (5006) 	S: 3 	 (3001) 	T: 4 	 (3000) 	LAP 3
480.24 s > TEAM: 1 	F: 159 	 (4502) 	S: 157 	 (4001) 	T: 80 	 (4000) 	LAP 4
480.36 s > TEAM: 0 	F: 0 	 (7003) 	S: 3 	 (4001) 	T: 4 	 (4000) 	LAP 4
600.24 s > TEAM: 1 	F: 159 	 (6002) 	S: 157 	 (5001) 	T: 80 	 (5000) 	LAP 5
600.36 s > TEAM: 0 	F: 0 	 (8003) 	S: 3 	 (5001) 	T: 4 	 (5000) 	LAP 5
720.24 s > TEAM: 1 	F: 159 	 (7002) 	S: 157 	 (6001) 	T: 80 	 (6000) 	LAP 6
720.36 s > TEAM: 0 	F: 0 	 (9003) 	S: 3 	 (6001) 	T: 4 	 (6000) 	LAP 6
840.24 s > TEAM: 1 	F: 159 	 (8002) 	S: 157 	 (7001) 	T: 80 	 (7000) 	LAP 7
840.36 s > TEAM: 0 	F: 0 	 (10006) 	S: 3 	 (7001) 	T: 4 	 (7000) 	LAP 7
960.24 s > TEAM: 1 	F: 159 	 (9002) 	S: 157 	 (8001) 	T: 80 	 (8000) 	LAP 8
960.36 s > TEAM: 0 	F: 0 	 (12006) 	S: 3 	 (8001) 	T: 4 	 (8000) 	LAP 8
1080.24 s > TEAM: 1 	F: 159 	 (10002) 	S: 157 	 (9001) 	T: 80 	 (9000) 	LAP 9
1080.36 s > TEAM: 0 	F: 0 	 (14003) 	S: 3 	 (9001) 	T: 4 	 (9000) 	LAP 9
1200.24 s > TEAM: 1 	F: 159 	 (11004) 	S: 157 	 (10002) 	T: 80 	 (10000) 	LAP 10
1200.36 s > TEAM: 0 	F: 0 	 (15003) 	S: 3 	 (10001) 	T: 4 	 (10000) 	LAP 10
1260.24 s > TEAM: 1 	F: 159 	 (12004) 	S: 157 	 (11001) 	T: 80 	 (11000) 	LAP 11
1320.36 s > TEAM: 0 	F: 0 	 (16000) 	S: 3 	 (11001) 	T: 4 	 (11000) 	LAP 11
1380.12 s > TEAM: 1 	F: 159 	 (13501) 	S: 80 	 (12997) 	T: 157 	 (12000) 	LAP 12
1440.36 s > TEAM: 0 	F: 0 	 (16000) 	S: 3 	 (12001) 	T: 4 	 (12000) 	LAP 12
1500.12 s > TEAM: 1 	F: 159 	 (14501) 	S: 80 	 (13997) 	T: 157 	 (13000) 	LAP 13
1560.36 s > TEAM: 0 	F: 0 	 (16000) 	S: 3 	 (13002) 	T: 4 	 (13000) 	LAP 13
1620.12 s > TEAM: 1 	F: 159 	 (15501) 	S: 80 	 (14997) 	T: 157 	 (14000) 	LAP 14
1680.36 s > TEAM: 0 	F: 0 	 (16000) 	S: 3 	 (14501) 	T: 4 	 (14000) 	LAP 14
1740.12 s > TEAM: 1 	F: 80 	 (15997) 	S: 159 	 (15699) 	T: 157 	 (15000) 	LAP 15
1800.36 s > TEAM: 0 	F: 0 	 (16000) 	S: 3 	 (15999) 	T: 4 	 (15000) 	LAP 15
1860.36 s > TEAM: 0 	F: 0 	 (16000) 	S: 3 	 (16000) 	T: 4 	 (16000) 	LAP 16
1860.36 s > TEAM: 1 	F: 80 	 (16000) 	S: 81 	 (16000) 	T: 157 	 (16000) 	LAP 16
Broken Team 0: 1 (1), 2 (4), 7 (1), 10 (15), 11 (7), 14 (6), 21 (6), 31 (13), 32 (8), 35 (7), 38 (0), 40 (0), 41 (9), 44 (9), 46 (4), 47 (5), 49 (3), 50 (8), 53 (0), 60 (8), 63 (13), 64 (14), 66 (6), 71 (0), 72 (15), 74 (9), 75 (3), 
Broken Team 1: 83 (12), 84 (6), 86 (15), 88 (4), 89 (3), 91 (2), 95 (15), 98 (14), 99 (1), 100 (13), 102 (7), 106 (1), 107 (1), 110 (6), 113 (12), 114 (5), 118 (4), 120 (1), 121 (3), 122 (6), 123 (3), 124 (2), 125 (12), 126 (11), 129 (6), 130 (5), 132 (5), 135 (3), 136 (15), 139 (13), 142 (11), 144 (5), 145 (12), 148 (6), 151 (5), 154 (13), 155 (12), 159 (15), 
Finishing order: 0 (1320.03), 80 (1740.51), 3 (1800.45), 157 (1860.15), 4 (1860.39), 81 (1860.39), 5 (1920.51), 82 (1920.51), 27 (1920.63), 6 (1920.75), 8 (1920.99), 85 (1920.99), 9 (1921.11), 87 (1921.11), 28 (1921.23), 23 (1921.35), 90 (1921.47), 12 (1921.71), 93 (1921.71), 13 (1921.83), 92 (1921.83), 94 (1921.95), 17 (1922.07), 15 (1922.19), 96 (1922.19), 20 (1922.31), 97 (1922.31), 19 (1922.55), 25 (1922.67), 101 (1922.79), 16 (1922.91), 22 (1923.03), 103 (1923.03), 18 (1923.15), 156 (1923.15), 24 (1923.27), 104 (1923.27), 29 (1923.39), 105 (1923.39), 26 (1923.51), 30 (1923.75), 108 (1923.75), 34 (1923.87), 109 (1923.87), 33 (1924.11), 111 (1924.23), 36 (1924.35), 112 (1924.35), 39 (1924.47), 37 (1924.59), 158 (1924.71), 115 (1924.83), 42 (1925.07), 117 (1925.07), 43 (1925.19), 45 (1925.31), 153 (1925.31), 116 (1925.55), 48 (1925.79), 119 (1925.79), 149 (1926.03), 51 (1926.15), 52 (1926.27), 54 (1926.39), 150 (1926.51), 55 (1926.63), 143 (1926.63), 56 (1926.75), 152 (1926.75), 58 (1926.87), 138 (1926.87), 57 (1926.99), 61 (1927.11), 137 (1927.11), 59 (1927.47), 62 (1927.71), 147 (1927.71), 65 (1927.95), 146 (1927.95), 67 (1928.07), 68 (1928.19), 69 (1928.31), 127 (1928.31), 128 (1928.43), 70 (1928.55), 131 (1928.55), 77 (1928.67), 133 (1928.79), 76 (1928.91), 134 (1928.91), 79 (1929.15), 73 (1929.39), 140 (1929.39), 78 (1929.51), 141 (1929.51), 
Result: TEAM 1 WIN*
