Mode: RANDOM
120.24 s > TEAM: 0 	F: 1 	 (1004) 	S: 0 	 (1001) 	T: 2 	 (1000) 	LAP 1
120.24 s > TEAM: 1 	F: 159 	 (1002) 	S: 158 	 (1001) 	T: 153 	 (1000) 	LAP 1
240.24 s > TEAM: 1 	F: 159 	 (2004) 	S: 158 	 (2002) 	T: 153 	 (2000) 	LAP 2
240.36 s > TEAM: 0 	F: 1 	 (2503) 	S: 0 	 (2002) 	T: 3 	 (2000) 	LAP 2
300.24 s > TEAM: 1 	F: 158 	 (3002) 	S: 159 	 (3002) 	T: 153 	 (3000) 	LAP 3
360.36 s > TEAM: 0 	F: 1 	 (4003) 	S: 0 	 (3002) 	T: 3 	 (3000) 	LAP 3
420.24 s > TEAM: 1 	F: 158 	 (4501) 	S: 159 	 (4002) 	T: 153 	 (4000) 	LAP 4
480.36 s > TEAM: 0 	F: 1 	 (5003) 	S: 0 	 (4002) 	T: 3 	 (4000) 	LAP 4
540.24 s > TEAM: 1 	F: 158 	 (5492) 	S: 159 	 (5002) 	T: 153 	 (5000) 	LAP 5
600.36 s > TEAM: 0 	F: 1 	 (6006) 	S: 0 	 (5004) 	T: 3 	 (5000) 	LAP 5
720.36 s > TEAM: 0 	F: 1 	 (8006) 	S: 0 	 (7004) 	T: 3 	 (6000) 	LAP 6
720.36 s > TEAM: 1 	F: 159 	 (6503) 	S: 153 	 (6501) 	T: 151 	 (6000) 	LAP 6
840.36 s > TEAM: 0 	F: 1 	 (10006) 	S: 0 	 (9002) 	T: 3 	 (7000) 	LAP 7
840.36 s > TEAM: 1 	F: 159 	 (8003) 	S: 153 	 (7501) 	T: 151 	 (7000) 	LAP 7
960.36 s > TEAM: 0 	F: 1 	 (12003) 	S: 0 	 (10002) 	T: 3 	 (8000) 	LAP 8
960.36 s > TEAM: 1 	F: 159 	 (9006) 	S: 153 	 (8501) 	T: 151 	 (8000) 	LAP 8
1080.36 s > TEAM: 0 	F: 1 	 (13006) 	S: 0 	 (11004) 	T: 3 	 (9000) 	LAP 9
1080.36 s > TEAM: 1 	F: 159 	 (10503) 	S: 153 	 (9501) 	T: 151 	 (9000) 	LAP 9
1200.36 s > TEAM: 0 	F: 1 	 (15006) 	S: 0 	 (13002) 	T: 3 	 (10000) 	LAP 10
1200.36 s > TEAM: 1 	F: 159 	 (12006) 	S: 153 	 (11002) 	T: 151 	 (10000) 	LAP 10
1320.36 s > TEAM: 0 	F: 1 	 (16000) 	S: 0 	 (14002) 	T: 3 	 (11000) 	LAP 11
1320.36 s > TEAM: 1 	F: 159 	 (13503) 	S: 153 	 (13002) 	T: 151 	 (11000) 	LAP 11
1440.36 s > TEAM: 0 	F: 1 	 (16000) 	S: 0 	 (15004) 	T: 3 	 (12000) 	LAP 12
1440.36 s > TEAM: 1 	F: 159 	 (15006) 	S: 153 	 (14501) 	T: 151 	 (12000) 	LAP 12
1560.36 s > TEAM: 0 	F: 0 	 (16000) 	S: 1 	 (16000) 	T: 3 	 (13000) 	LAP 13
1560.36 s > TEAM: 1 	F: 153 	 (16000) 	S: 159 	 (16000) 	T: 151 	 (13000) 	LAP 13
1680.36 s > TEAM: 0 	F: 0 	 (16000) 	S: 1 	 (16000) 	T: 3 	 (14000) 	LAP 14
1680.36 s > TEAM: 1 	F: 153 	 (16000) 	S: 159 	 (16000) 	T: 151 	 (14000) 	LAP 14
1740.36 s > TEAM: 1 	F: 153 	 (16000) 	S: 159 	 (16000) 	T: 151 	 (15000) 	LAP 15
1800.36 s > TEAM: 0 	F: 0 	 (16000) 	S: 1 	 (16000) 	T: 3 	 (15000) 	LAP 15
1800.36 s > TEAM: 1 	F: 151 	 (16000) 	S: 153 	 (16000) 	T: 159 	 (16000) 	LAP 16
1860.48 s > TEAM: 0 	F: 0 	 (16000) 	S: 1 	 (16000) 	T: 4 	 (16000) 	LAP 16
Broken Team 0: 2 (1), 3 (15), 5 (10), 9 (9), 11 (0), 12 (2), 14 (12), 19 (3), 20 (7), 21 (14), 24 (11), 31 (15), 35 (6), 38 (6), 43 (14), 49 (8), 52 (3), 61 (6), 62 (8), 65 (2), 66 (3), 72 (3), 77 (4), 78 (5), 79 (5), 
Broken Team 1: 81 (10), 84 (10), 86 (4), 87 (4), 88 (13), 90 (13), 91 (11), 93 (8), 95 (1), 99 (12), 101 (3), 109 (7), 111 (12), 114 (0), 115 (10), 117 (4), 123 (14), 124 (12), 126 (15), 128 (13), 129 (1), 140 (0), 142 (12), 144 (14), 157 (4), 158 (5), 
Finishing order: 1 (1260.03), 159 (1500.03), 0 (1500.15), 153 (1560.27), 151 (1800.39), 4 (1860.51), 152 (1860.51), 154 (1860.63), 155 (1860.75), 16 (1920.63), 6 (1920.75), 10 (1920.99), 108 (1920.99), 7 (1921.11), 156 (1921.11), 104 (1921.23), 105 (1921.35), 15 (1921.47), 102 (1921.47), 112 (1921.59), 13 (1921.71), 18 (1921.83), 103 (1921.83), 80 (1921.95), 22 (1922.19), 82 (1922.31), 17 (1922.43), 83 (1922.55), 32 (1922.67), 8 (1922.79), 85 (1922.79), 23 (1922.91), 27 (1923.03), 89 (1923.15), 29 (1923.27), 68 (1923.39), 30 (1923.63), 92 (1923.63), 25 (1923.75), 34 (1923.87), 94 (1923.87), 33 (1923.99), 97 (1924.11), 36 (1924.23), 96 (1924.23), 37 (1924.35), 40 (1924.59), 42 (1924.71), 41 (1924.83), 147 (1924.83), 45 (1924.95), 132 (1924.95), 39 (1925.07), 106 (1925.07), 98 (1925.19), 44 (1925.31), 107 (1925.31), 73 (1925.43), 100 (1925.43), 47 (1925.55), 110 (1925.55), 50 (1925.67), 116 (1925.67), 46 (1925.79), 150 (1925.79), 48 (1926.03), 51 (1926.27), 120 (1926.27), 54 (1926.39), 113 (1926.39), 56 (1926.51), 121 (1926.51), 59 (1926.63), 55 (1926.75), 58 (1926.87), 53 (1926.99), 122 (1926.99), 57 (1927.11), 127 (1927.11), 119 (1927.23), 134 (1927.35), 64 (1927.47), 133 (1927.47), 60 (1927.59), 137 (1927.59), 131 (1927.71), 136 (1927.83), 69 (1927.95), 130 (1927.95), 67 (1928.07), 63 (1928.19), 141 (1928.31), 74 (1928.43), 148 (1928.43), 71 (1928.55), 149 (1928.55), 76 (1928.67), 146 (1928.67), 70 (1928.79), 145 (1928.79), 118 (1928.91), 75 (1929.03), 139 (1929.03), 138 (1929.15), 135 (1929.27), 26 (1929.39), 125 (1929.39), 28 (1929.51), 143 (1929.51), 
Result: TEAM 1 WIN*
