Mode: RANDOM
120.24 s > TEAM: 0 	F: 2 	 (1002) 	S: 0 	 (1001) 	T: 1 	 (1000) 	LAP 1
120.24 s > TEAM: 1 	F: 159 	 (1002) 	S: 80 	 (1001) 	T: 156 	 (1000) 	LAP 1
240.24 s > TEAM: 0 	F: 2 	 (2002) 	S: 0 	 (2001) 	T: 1 	 (2000) 	LAP 2
240.24 s > TEAM: 1 	F: 159 	 (2004) 	S: 80 	 (2001) 	T: 156 	 (2000) 	LAP 2
360.24 s > TEAM: 0 	F: 2 	 (3002) 	S: 0 	 (3001) 	T: 1 	 (3000) 	LAP 3
360.36 s > TEAM: 1 	F: 159 	 (4006) 	S: 156 	 (3001) 	T: 155 	 (3000) 	LAP 3
480.24 s > TEAM: 0 	F: 2 	 (4004) 	S: 0 	 (4001) 	T: 1 	 (4000) 	LAP 4
480.36 s > TEAM: 1 	F: 159 	 (5503) 	S: 156 	 (4001) 	T: 155 	 (4000) 	LAP 4
600.24 s > TEAM: 0 	F: 2 	 (5502) 	S: 0 	 (5001) 	T: 1 	 (5000) 	LAP 5
600.36 s > TEAM: 1 	F: 159 	 (6503) 	S: 156 	 (5001) 	T: 155 	 (5000) 	LAP 5
720.24 s > TEAM: 0 	F: 2 	 (7002) 	S: 0 	 (6001) 	T: 1 	 (6000) 	LAP 6
720.48 s > TEAM: 1 	F: 159 	 (7504) 	S: 156 	 (6002) 	T: 154 	 (6000) 	LAP 6
840.24 s > TEAM: 0 	F: 2 	 (8002) 	S: 0 	 (7001) 	T: 1 	 (7000) 	LAP 7
840.48 s > TEAM: 1 	F: 159 	 (8504) 	S: 156 	 (7002) 	T: 154 	 (7000) 	LAP 7
960.24 s > TEAM: 0 	F: 2 	 (9002) 	S: 0 	 (8001) 	T: 1 	 (8000) 	LAP 8
960.48 s > TEAM: 1 	F: 159 	 (10004) 	S: 156 	 (8002) 	T: 154 	 (8000) 	LAP 8
1080.24 s > TEAM: 0 	F: 2 	 (10004) 	S: 0 	 (9001) 	T: 1 	 (9000) 	LAP 9
1080.48 s > TEAM: 1 	F: 159 	 (11008) 	S: 156 	 (9002) 	T: 154 	 (9000) 	LAP 9
1200.24 s > TEAM: 0 	F: 2 	 (12004) 	S: 0 	 (10001) 	T: 1 	 (10000) 	LAP 10
1200.48 s > TEAM: 1 	F: 159 	 (13008) 	S: 156 	 (10004) 	T: 154 	 (10000) 	LAP 10
1260.48 s > TEAM: 1 	F: 159 	 (14008) 	S: 156 	 (11004) 	T: 154 	 (11000) 	LAP 11
1320.24 s > TEAM: 0 	F: 2 	 (14002) 	S: 0 	 (11001) 	T: 1 	 (11000) 	LAP 11
1320.48 s > TEAM: 1 	F: 159 	 (14926) 	S: 156 	 (12002) 	T: 154 	 (12000) 	LAP 12
1440.24 s > TEAM: 0 	F: 2 	 (15002) 	S: 0 	 (12001) 	T: 1 	 (12000) 	LAP 12
1440.48 s > TEAM: 1 	F: 159 	 (14926) 	S: 156 	 (13002) 	T: 154 	 (13000) 	LAP 13
1560.24 s > TEAM: 0 	F: 2 	 (16000) 	S: 0 	 (13002) 	T: 1 	 (13000) 	LAP 13
1560.48 s > TEAM: 1 	F: 159 	 (14926) 	S: 156 	 (14004) 	T: 154 	 (14000) 	LAP 14
1680.96 s > TEAM: 0 	F: 2 	 (16000) 	S: 1 	 (14006) 	T: 8 	 (14000) 	LAP 14
1740.60 s > TEAM: 1 	F: 154 	 (16000) 	S: 156 	 (16000) 	T: 157 	 (15000) 	LAP 15
1800.60 s > TEAM: 1 	F: 154 	 (16000) 	S: 156 	 (16000) 	T: 157 	 (16000) 	LAP 16
1800.96 s > TEAM: 0 	F: 2 	 (16000) 	S: 1 	 (15006) 	T: 8 	 (15000) 	LAP 15
1920.96 s > TEAM: 0 	F: 1 	 (16000) 	S: 2 	 (16000) 	T: 8 	 (16000) 	LAP 16
Broken Team 0: 0 (13), 3 (6), 4 (7), 5 (0), 6 (11), 7 (2), 10 (9), 11 (2), 15 (0), 16 (0), 18 (14), 21 (11), 24 (12), 28 (10), 30 (0), 31 (1), 32 (10), 33 (3), 38 (12), 40 (11), 41 (7), 42 (6), 50 (11), 53 (8), 59 (14), 64 (2), 65 (1), 67 (4), 69 (8), 70 (7), 72 (2), 76 (5), 
Broken Team 1: 80 (2), 81 (12), 82 (2), 91 (11), 93 (0), 96 (5), 97 (12), 104 (12), 105 (1), 114 (12), 118 (15), 121 (1), 122 (2), 126 (0), 128 (10), 129 (9), 135 (13), 140 (3), 150 (0), 151 (14), 155 (5), 158 (6), 159 (14), 
Finishing order: 2 (1560.03), 156 (1680.27), 154 (1680.51), 157 (1800.63), 1 (1920.27), 152 (1920.75), 153 (1920.87), 8 (1920.99), 149 (1920.99), 9 (1921.11), 148 (1921.23), 146 (1921.35), 12 (1921.47), 107 (1921.47), 13 (1921.59), 106 (1921.59), 14 (1921.71), 147 (1921.71), 17 (1922.19), 19 (1922.31), 83 (1922.31), 20 (1922.43), 84 (1922.43), 85 (1922.55), 22 (1922.67), 145 (1922.67), 23 (1922.79), 86 (1922.79), 25 (1922.91), 87 (1922.91), 143 (1923.03), 27 (1923.15), 88 (1923.15), 89 (1923.27), 29 (1923.39), 90 (1923.39), 26 (1923.51), 92 (1923.63), 94 (1923.87), 95 (1923.99), 34 (1924.11), 144 (1924.11), 35 (1924.23), 36 (1924.35), 37 (1924.47), 98 (1924.47), 99 (1924.59), 39 (1924.71), 137 (1924.71), 102 (1924.83), 100 (1924.95), 108 (1925.07), 43 (1925.19), 103 (1925.19), 44 (1925.31), 46 (1925.43), 45 (1925.55), 109 (1925.55), 47 (1925.67), 110 (1925.67), 49 (1925.79), 111 (1925.79), 101 (1925.91), 48 (1926.03), 112 (1926.03), 51 (1926.15), 113 (1926.15), 52 (1926.27), 57 (1926.39), 115 (1926.39), 116 (1926.51), 58 (1926.63), 117 (1926.63), 54 (1926.87), 119 (1926.87), 55 (1926.99), 120 (1926.99), 60 (1927.11), 61 (1927.23), 123 (1927.23), 62 (1927.35), 124 (1927.47), 63 (1927.59), 125 (1927.71), 66 (1927.83), 127 (1927.83), 68 (1928.07), 130 (1928.19), 132 (1928.31), 71 (1928.43), 133 (1928.43), 73 (1928.55), 139 (1928.55), 142 (1928.67), 75 (1928.79), 74 (1928.91), 138 (1928.91), 78 (1929.03), 141 (1929.03), 79 (1929.15), 136 (1929.15), 77 (1929.27), 134 (1929.27), 56 (1929.51), 131 (1929.51), 
Result: TEAM 1 WIN*
