Mode: RANDOM
120.24 s > TEAM: 0 	F: 1 	 (1004) 	S: 2 	 (1002) 	T: 3 	 (1000) 	LAP 1
120.24 s > TEAM: 1 	F: 159 	 (1004) 	S: 80 	 (1001) 	T: 81 	 (1000) 	LAP 1
240.24 s > TEAM: 0 	F: 1 	 (3004) 	S: 2 	 (2501) 	T: 3 	 (2000) 	LAP 2
240.24 s > TEAM: 1 	F: 159 	 (2502) 	S: 80 	 (2001) 	T: 81 	 (2000) 	LAP 2
360.24 s > TEAM: 0 	F: 1 	 (5001) 	S: 2 	 (4001) 	T: 3 	 (3000) 	LAP 3
360.24 s > TEAM: 1 	F: 159 	 (4004) 	S: 80 	 (3001) 	T: 81 	 (3000) 	LAP 3
480.24 s > TEAM: 0 	F: 1 	 (6500) 	S: 2 	 (5001) 	T: 3 	 (4000) 	LAP 4
480.36 s > TEAM: 1 	F: 159 	 (6000) 	S: 81 	 (4001) 	T: 107 	 (4000) 	LAP 4
600.24 s > TEAM: 0 	F: 1 	 (8000) 	S: 2 	 (6001) 	T: 3 	 (5000) 	LAP 5
600.36 s > TEAM: 1 	F: 159 	 (7251) 	S: 81 	 (5001) 	T: 107 	 (5000) 	LAP 5
720.24 s > TEAM: 0 	F: 1 	 (9001) 	S: 2 	 (7001) 	T: 3 	 (6000) 	LAP 6
720.36 s > TEAM: 1 	F: 159 	 (8502) 	S: 81 	 (6002) 	T: 107 	 (6000) 	LAP 6
840.24 s > TEAM: 0 	F: 1 	 (10500) 	S: 2 	 (8001) 	T: 3 	 (7000) 	LAP 7
840.36 s > TEAM: 1 	F: 159 	 (9751) 	S: 81 	 (7501) 	T: 107 	 (7000) 	LAP 7
960.24 s > TEAM: 0 	F: 1 	 (11500) 	S: 2 	 (9001) 	T: 3 	 (8000) 	LAP 8
960.36 s > TEAM: 1 	F: 159 	 (10751) 	S: 81 	 (8501) 	T: 107 	 (8000) 	LAP 8
1080.24 s > TEAM: 0 	F: 1 	 (12500) 	S: 2 	 (10001) 	T: 3 	 (9000) 	LAP 9
1080.36 s > TEAM: 1 	F: 159 	 (12500) 	S: 81 	 (9501) 	T: 107 	 (9000) 	LAP 9
1200.24 s > TEAM: 0 	F: 1 	 (13998) 	S: 2 	 (11002) 	T: 3 	 (10000) 	LAP 10
1200.36 s > TEAM: 1 	F: 159 	 (13500) 	S: 81 	 (10501) 	T: 107 	 (10000) 	LAP 10
1320.24 s > TEAM: 0 	F: 1 	 (14649) 	S: 2 	 (12998) 	T: 3 	 (11000) 	LAP 11
1320.36 s > TEAM: 1 	F: 159 	 (14500) 	S: 81 	 (11501) 	T: 107 	 (11000) 	LAP 11
1440.24 s > TEAM: 0 	F: 1 	 (14649) 	S: 2 	 (13998) 	T: 3 	 (12000) 	LAP 12
1440.36 s > TEAM: 1 	F: 159 	 (15500) 	S: 81 	 (12501) 	T: 107 	 (12000) 	LAP 12
1560.24 s > TEAM: 0 	F: 2 	 (14998) 	S: 1 	 (14649) 	T: 3 	 (13000) 	LAP 13
1560.36 s > TEAM: 1 	F: 159 	 (16000) 	S: 81 	 (14002) 	T: 107 	 (13000) 	LAP 13
1620.36 s > TEAM: 1 	F: 159 	 (16000) 	S: 81 	 (15002) 	T: 107 	 (14000) 	LAP 14
1680.24 s > TEAM: 0 	F: 2 	 (15998) 	S: 1 	 (14649) 	T: 3 	 (14000) 	LAP 14
1680.36 s > TEAM: 1 	F: 81 	 (16000) 	S: 159 	 (16000) 	T: 107 	 (15000) 	LAP 15
1800.36 s > TEAM: 0 	F: 2 	 (16000) 	S: 3 	 (15002) 	T: 4 	 (15000) 	LAP 15
1800.36 s > TEAM: 1 	F: 81 	 (16000) 	S: 107 	 (16000) 	T: 159 	 (16000) 	LAP 16
1860.36 s > TEAM: 0 	F: 2 	 (16000) 	S: 3 	 (16000) 	T: 4 	 (16000) 	LAP 16
Broken Team 0: 1 (14), 5 (11), 8 (2), 9 (11), 10 (5), 13 (9), 15 (11), 23 (0), 24 (0), 25 (8), 30 (15), 34 (6), 35 (0), 38 (12), 48 (5), 53 (5), 58 (5), 66 (1), 70 (3), 73 (4), 74 (3), 76 (9), 78 (5), 
Broken Team 1: 80 (3), 82 (1), 85 (6), 88 (7), 94 (5), 97 (2), 103 (11), 110 (8), 111 (13), 114 (9), 118 (1), 122 (5), 126 (6), 128 (4), 129 (8), 131 (1), 132 (5), 133 (10), 135 (9), 136 (10), 140 (2), 141 (11), 142 (12), 143 (9), 145 (13), 146 (0), 147 (3), 152 (1), 
Finishing order: 159 (1500.33), 81 (1680.27), 2 (1680.51), 107 (1800.39), 83 (1800.63), 84 (1800.75), 3 (1860.27), 4 (1860.39), 6 (1920.63), 7 (1920.75), 87 (1920.99), 11 (1921.23), 89 (1921.23), 12 (1921.35), 86 (1921.35), 90 (1921.47), 14 (1921.59), 91 (1921.59), 92 (1921.71), 16 (1921.83), 93 (1921.83), 17 (1921.95), 18 (1922.07), 95 (1922.07), 19 (1922.19), 96 (1922.19), 21 (1922.31), 20 (1922.43), 98 (1922.43), 22 (1922.55), 99 (1922.55), 105 (1922.67), 100 (1922.79), 101 (1922.91), 27 (1923.03), 102 (1923.03), 26 (1923.15), 108 (1923.15), 28 (1923.27), 104 (1923.27), 29 (1923.51), 32 (1923.63), 109 (1923.63), 31 (1923.75), 112 (1923.75), 33 (1923.87), 116 (1923.99), 113 (1924.11), 37 (1924.23), 117 (1924.23), 40 (1924.35), 119 (1924.35), 36 (1924.47), 120 (1924.47), 39 (1924.59), 41 (1924.71), 121 (1924.83), 42 (1924.95), 123 (1924.95), 45 (1925.07), 124 (1925.07), 46 (1925.19), 125 (1925.19), 47 (1925.31), 127 (1925.31), 43 (1925.43), 49 (1925.55), 130 (1925.79), 54 (1925.91), 56 (1926.03), 55 (1926.15), 59 (1926.27), 134 (1926.27), 57 (1926.39), 60 (1926.51), 137 (1926.51), 62 (1926.75), 138 (1926.75), 64 (1926.87), 139 (1926.87), 61 (1927.11), 67 (1927.23), 65 (1927.35), 63 (1927.47), 144 (1927.47), 68 (1927.59), 69 (1927.71), 148 (1927.71), 71 (1927.83), 150 (1927.95), 149 (1928.07), 75 (1928.31), 151 (1928.43), 72 (1928.55), 155 (1928.55), 77 (1928.67), 153 (1928.67), 50 (1928.79), 156 (1928.79), 154 (1928.91), 79 (1929.03), 0 (1929.15), 106 (1929.15), 51 (1929.27), 158 (1929.27), 52 (1929.39), 157 (1929.39), 44 (1929.51), 115 (1929.51), 
Result: TEAM 1 WIN*
