Mode: RANDOM
120.24 s > TEAM: 0 	F: 0 	 (1004) 	S: 1 	 (1002) 	T: 2 	 (1000) 	LAP 1
120.24 s > TEAM: 1 	F: 159 	 (1004) 	S: 80 	 (1002) 	T: 158 	 (1000) 	LAP 1
180.24 s > TEAM: 0 	F: 0 	 (2004) 	S: 1 	 (2002) 	T: 2 	 (2000) 	LAP 2
240.24 s > TEAM: 1 	F: 159 	 (2997) 	S: 80 	 (2996) 	T: 158 	 (2000) 	LAP 2
300.24 s > TEAM: 0 	F: 0 	 (3502) 	S: 1 	 (3501) 	T: 2 	 (3000) 	LAP 3
360.24 s > TEAM: 1 	F: 159 	 (3997) 	S: 80 	 (3996) 	T: 158 	 (3000) 	LAP 3
420.24 s > TEAM: 0 	F: 0 	 (4995) 	S: 1 	 (4501) 	T: 2 	 (4000) 	LAP 4
480.24 s > TEAM: 1 	F: 159 	 (4997) 	S: 80 	 (4995) 	T: 158 	 (4000) 	LAP 4
540.24 s > TEAM: 0 	F: 0 	 (5995) 	S: 1 	 (5501) 	T: 2 	 (5000) 	LAP 5
600.24 s > TEAM: 1 	F: 159 	 (5997) 	S: 80 	 (5996) 	T: 158 	 (5000) 	LAP 5
660.24 s > TEAM: 0 	F: 0 	 (6995) 	S: 1 	 (6501) 	T: 2 	 (6000) 	LAP 6
720.24 s > TEAM: 1 	F: 159 	 (6997) 	S: 80 	 (6996) 	T: 158 	 (6000) 	LAP 6
780.24 s > TEAM: 0 	F: 0 	 (7997) 	S: 1 	 (7501) 	T: 2 	 (7000) 	LAP 7
840.24 s > TEAM: 1 	F: 80 	 (7997) 	S: 159 	 (7996) 	T: 158 	 (7000) 	LAP 7
900.24 s > TEAM: 0 	F: 0 	 (8998) 	S: 1 	 (8501) 	T: 2 	 (8000) 	LAP 8
900.24 s > TEAM: 1 	F: 80 	 (8497) 	S: 159 	 (8496) 	T: 158 	 (8000) 	LAP 8
960.84 s > TEAM: 1 	F: 80 	 (9002) 	S: 159 	 (9001) 	T: 158 	 (9000) 	LAP 9
1020.24 s > TEAM: 0 	F: 0 	 (9998) 	S: 1 	 (9501) 	T: 2 	 (9000) 	LAP 9
1080.84 s > TEAM: 1 	F: 80 	 (10002) 	S: 159 	 (10001) 	T: 158 	 (10000) 	LAP 10
1140.24 s > TEAM: 0 	F: 0 	 (10998) 	S: 1 	 (10501) 	T: 2 	 (10000) 	LAP 10
1200.84 s > TEAM: 1 	F: 80 	 (11002) 	S: 159 	 (11001) 	T: 158 	 (11000) 	LAP 11
1260.24 s > TEAM: 0 	F: 0 	 (11998) 	S: 1 	 (11501) 	T: 2 	 (11000) 	LAP 11
1320.84 s > TEAM: 1 	F: 80 	 (12002) 	S: 159 	 (12001) 	T: 158 	 (12000) 	LAP 12
1380.24 s > TEAM: 0 	F: 0 	 (12998) 	S: 1 	 (12501) 	T: 2 	 (12000) 	LAP 12
1440.84 s > TEAM: 1 	F: 80 	 (13002) 	S: 159 	 (13001) 	T: 158 	 (13000) 	LAP 13
1500.24 s > TEAM: 0 	F: 0 	 (13998) 	S: 1 	 (13995) 	T: 2 	 (13000) 	LAP 13
1560.84 s > TEAM: 1 	F: 80 	 (14002) 	S: 159 	 (14001) 	T: 158 	 (14000) 	LAP 14
1620.24 s > TEAM: 0 	F: 0 	 (14998) 	S: 1 	 (14995) 	T: 2 	 (14000) 	LAP 14
1680.84 s > TEAM: 1 	F: 80 	 (15002) 	S: 159 	 (15001) 	T: 158 	 (15000) 	LAP 15
1740.24 s > TEAM: 0 	F: 0 	 (15997) 	S: 1 	 (15995) 	T: 2 	 (15000) 	LAP 15
1800.84 s > TEAM: 1 	F: 80 	 (16000) 	S: 158 	 (16000) 	T: 159 	 (16000) 	LAP 16
1860.24 s > TEAM: 0 	F: 0 	 (16000) 	S: 1 	 (16000) 	T: 2 	 (16000) 	LAP 16
Broken Team 0: 4 (3), 8 (3), 9 (12), 15 (0), 17 (2), 24 (10), 25 (2), 27 (5), 31 (11), 34 (3), 39 (11), 40 (6), 44 (4), 45 (1), 46 (5), 47 (9), 48 (10), 51 (12), 54 (1), 57 (4), 63 (3), 68 (3), 69 (0), 70 (6), 77 (3), 
Broken Team 1: 84 (3), 86 (10), 88 (7), 90 (0), 91 (0), 94 (5), 96 (1), 98 (4), 101 (13), 102 (4), 105 (4), 108 (6), 110 (12), 111 (10), 113 (12), 115 (10), 117 (0), 121 (7), 124 (9), 126 (1), 132 (13), 135 (6), 137 (11), 139 (7), 140 (2), 141 (10), 142 (11), 149 (8), 150 (4), 153 (14), 154 (11), 155 (10), 
Finishing order: 0 (1740.63), 1 (1740.87), 80 (1800.51), 159 (1800.75), 158 (1800.87), 2 (1860.27), 3 (1860.39), 157 (1920.39), 81 (1920.51), 5 (1920.63), 82 (1920.63), 6 (1920.75), 83 (1920.75), 10 (1920.87), 11 (1920.99), 85 (1920.99), 12 (1921.11), 122 (1921.11), 13 (1921.23), 87 (1921.35), 14 (1921.47), 16 (1921.59), 89 (1921.59), 19 (1921.71), 123 (1921.71), 23 (1921.83), 92 (1922.07), 26 (1922.19), 93 (1922.19), 28 (1922.43), 95 (1922.43), 29 (1922.55), 21 (1922.67), 97 (1922.67), 30 (1922.79), 99 (1922.91), 22 (1923.03), 100 (1923.03), 32 (1923.15), 33 (1923.39), 103 (1923.39), 64 (1923.51), 104 (1923.51), 35 (1923.75), 106 (1923.75), 36 (1923.87), 107 (1923.87), 37 (1923.99), 38 (1924.11), 62 (1924.23), 109 (1924.35), 42 (1924.59), 112 (1924.59), 43 (1924.71), 41 (1924.95), 114 (1924.95), 49 (1925.19), 116 (1925.19), 50 (1925.43), 118 (1925.43), 52 (1925.55), 144 (1925.55), 119 (1925.67), 55 (1925.79), 120 (1925.91), 127 (1926.03), 56 (1926.15), 128 (1926.15), 60 (1926.27), 130 (1926.27), 61 (1926.39), 129 (1926.39), 53 (1926.51), 65 (1926.63), 131 (1926.63), 66 (1926.75), 67 (1926.87), 136 (1926.87), 138 (1927.23), 71 (1927.35), 133 (1927.35), 20 (1927.47), 143 (1927.47), 72 (1927.59), 145 (1927.59), 74 (1927.71), 148 (1927.71), 73 (1927.83), 146 (1927.83), 75 (1927.95), 76 (1928.07), 151 (1928.07), 152 (1928.19), 78 (1928.43), 147 (1928.43), 18 (1928.55), 7 (1928.79), 156 (1928.91), 125 (1929.03), 59 (1929.15), 134 (1929.27), 58 (1929.39), 79 (1929.51), 
Result: TEAM 1 WIN
