Mode: RANDOM
120.24 s > TEAM: 0 	F: 0 	 (1002) 	S: 2 	 (1001) 	T: 1 	 (1000) 	LAP 1
120.24 s > TEAM: 1 	F: 159 	 (1004) 	S: 156 	 (1001) 	T: 155 	 (1000) 	LAP 1
240.24 s > TEAM: 0 	F: 0 	 (2002) 	S: 2 	 (2001) 	T: 1 	 (2000) 	LAP 2
240.24 s > TEAM: 1 	F: 159 	 (3002) 	S: 156 	 (2001) 	T: 155 	 (2000) 	LAP 2
360.24 s > TEAM: 0 	F: 0 	 (3004) 	S: 2 	 (3002) 	T: 1 	 (3000) 	LAP 3
360.24 s > TEAM: 1 	F: 159 	 (4002) 	S: 156 	 (3001) 	T: 155 	 (3000) 	LAP 3
420.24 s > TEAM: 0 	F: 0 	 (4002) 	S: 2 	 (4001) 	T: 1 	 (4000) 	LAP 4
480.24 s > TEAM: 1 	F: 159 	 (5004) 	S: 156 	 (4001) 	T: 155 	 (4000) 	LAP 4
540.48 s > TEAM: 0 	F: 1 	 (5507) 	S: 0 	 (5008) 	T: 4 	 (5000) 	LAP 5
600.24 s > TEAM: 1 	F: 159 	 (6502) 	S: 156 	 (5001) 	T: 155 	 (5000) 	LAP 5
660.48 s > TEAM: 0 	F: 1 	 (6753) 	S: 0 	 (6504) 	T: 4 	 (6000) 	LAP 6
720.24 s > TEAM: 1 	F: 159 	 (7997) 	S: 156 	 (6002) 	T: 155 	 (6000) 	LAP 6
780.48 s > TEAM: 0 	F: 1 	 (7999) 	S: 0 	 (7997) 	T: 4 	 (7000) 	LAP 7
840.24 s > TEAM: 1 	F: 159 	 (8995) 	S: 156 	 (7996) 	T: 155 	 (7000) 	LAP 7
900.24 s > TEAM: 1 	F: 159 	 (9495) 	S: 156 	 (8496) 	T: 155 	 (8000) 	LAP 8
900.48 s > TEAM: 0 	F: 1 	 (8999) 	S: 0 	 (8996) 	T: 4 	 (8000) 	LAP 8
1020.24 s > TEAM: 1 	F: 159 	 (10495) 	S: 156 	 (9496) 	T: 155 	 (9000) 	LAP 9
1020.48 s > TEAM: 0 	F: 1 	 (9999) 	S: 0 	 (9996) 	T: 4 	 (9000) 	LAP 9
1140.24 s > TEAM: 1 	F: 159 	 (11495) 	S: 156 	 (10496) 	T: 155 	 (10000) 	LAP 10
1140.48 s > TEAM: 0 	F: 1 	 (10999) 	S: 0 	 (10996) 	T: 4 	 (10000) 	LAP 10
1200.48 s > TEAM: 0 	F: 0 	 (11496) 	S: 1 	 (11056) 	T: 4 	 (11000) 	LAP 11
1260.24 s > TEAM: 1 	F: 159 	 (12495) 	S: 156 	 (12494) 	T: 155 	 (11000) 	LAP 11
1380.24 s > TEAM: 1 	F: 159 	 (13495) 	S: 156 	 (13494) 	T: 155 	 (12000) 	LAP 12
1440.84 s > TEAM: 0 	F: 0 	 (13499) 	S: 4 	 (13006) 	T: 7 	 (12000) 	LAP 12
1500.24 s > TEAM: 1 	F: 156 	 (14544) 	S: 159 	 (14444) 	T: 155 	 (13000) 	LAP 13
1560.84 s > TEAM: 0 	F: 4 	 (15003) 	S: 0 	 (14527) 	T: 7 	 (13000) 	LAP 13
1620.24 s > TEAM: 1 	F: 156 	 (15772) 	S: 159 	 (14444) 	T: 155 	 (14000) 	LAP 14
1680.84 s > TEAM: 0 	F: 4 	 (16000) 	S: 0 	 (15527) 	T: 7 	 (14000) 	LAP 14
1740.36 s > TEAM: 1 	F: 156 	 (16000) 	S: 155 	 (15001) 	T: 153 	 (15000) 	LAP 15
1800.84 s > TEAM: 0 	F: 0 	 (16000) 	S: 4 	 (16000) 	T: 7 	 (15000) 	LAP 15
1860.36 s > TEAM: 1 	F: 153 	 (16000) 	S: 155 	 (16000) 	T: 156 	 (16000) 	LAP 16
1860.84 s > TEAM: 0 	F: 0 	 (16000) 	S: 4 	 (16000) 	T: 7 	 (16000) 	LAP 16
Broken Team 0: 1 (11), 2 (4), 3 (3), 5 (3), 6 (8), 17 (4), 21 (11), 25 (0), 26 (8), 28 (2), 30 (1), 36 (1), 39 (6), 44 (13), 51 (7), 60 (10), 61 (5), 67 (0), 76 (2), 77 (5), 79 (15), 
Broken Team 1: 80 (5), 81 (2), 82 (6), 83 (6), 85 (3), 87 (4), 89 (2), 92 (1), 95 (11), 97 (5), 100 (0), 101 (6), 102 (8), 107 (13), 109 (10), 112 (7), 116 (10), 119 (2), 121 (7), 122 (8), 126 (12), 130 (8), 132 (9), 134 (0), 135 (4), 136 (9), 138 (2), 144 (0), 146 (6), 149 (15), 158 (12), 159 (14), 
Finishing order: 156 (1647.63), 4 (1680.51), 0 (1737.57), 155 (1860.27), 153 (1860.39), 7 (1860.87), 8 (1860.99), 152 (1920.63), 154 (1920.75), 157 (1920.87), 9 (1921.11), 151 (1921.11), 10 (1921.23), 150 (1921.23), 11 (1921.35), 12 (1921.47), 13 (1921.59), 14 (1921.71), 15 (1921.83), 147 (1921.83), 16 (1921.95), 84 (1922.07), 18 (1922.19), 19 (1922.31), 20 (1922.43), 86 (1922.43), 88 (1922.55), 22 (1922.67), 23 (1922.79), 90 (1922.79), 24 (1922.91), 91 (1922.91), 93 (1923.15), 62 (1923.27), 94 (1923.27), 27 (1923.39), 64 (1923.51), 96 (1923.63), 29 (1923.75), 98 (1923.75), 99 (1923.87), 31 (1923.99), 32 (1924.11), 33 (1924.23), 34 (1924.35), 103 (1924.35), 35 (1924.47), 104 (1924.47), 37 (1924.71), 106 (1924.71), 38 (1924.83), 108 (1924.83), 41 (1925.19), 110 (1925.19), 42 (1925.31), 43 (1925.43), 143 (1925.43), 111 (1925.55), 45 (1925.67), 113 (1925.67), 40 (1925.79), 114 (1925.79), 46 (1925.91), 115 (1925.91), 47 (1926.03), 48 (1926.15), 117 (1926.15), 50 (1926.27), 118 (1926.27), 52 (1926.51), 53 (1926.63), 123 (1926.63), 54 (1926.75), 105 (1926.75), 55 (1926.87), 142 (1926.87), 58 (1926.99), 124 (1926.99), 56 (1927.11), 125 (1927.11), 57 (1927.23), 59 (1927.35), 127 (1927.35), 49 (1927.47), 128 (1927.47), 129 (1927.59), 65 (1927.71), 66 (1927.83), 131 (1927.83), 68 (1927.95), 69 (1928.07), 133 (1928.07), 70 (1928.31), 72 (1928.43), 141 (1928.43), 71 (1928.55), 73 (1928.67), 145 (1928.67), 74 (1928.79), 148 (1928.79), 75 (1928.91), 139 (1928.91), 140 (1929.15), 78 (1929.27), 137 (1929.39), 63 (1929.51), 120 (1929.51), 
Result: TEAM 0 WIN*
