Mode: RANDOM
120.24 s > TEAM: 0 	F: 0 	 (1002) 	S: 1 	 (1001) 	T: 3 	 (1000) 	LAP 1
120.24 s > TEAM: 1 	F: 159 	 (1002) 	S: 120 	 (1001) 	T: 122 	 (1000) 	LAP 1
240.24 s > TEAM: 1 	F: 159 	 (2002) 	S: 120 	 (2001) 	T: 122 	 (2000) 	LAP 2
240.36 s > TEAM: 0 	F: 1 	 (2004) 	S: 3 	 (2001) 	T: 2 	 (2000) 	LAP 2
360.24 s > TEAM: 1 	F: 159 	 (3002) 	S: 120 	 (3001) 	T: 122 	 (3000) 	LAP 3
360.36 s > TEAM: 0 	F: 1 	 (4004) 	S: 3 	 (3001) 	T: 2 	 (3000) 	LAP 3
480.24 s > TEAM: 1 	F: 159 	 (4004) 	S: 120 	 (4001) 	T: 122 	 (4000) 	LAP 4
480.36 s > TEAM: 0 	F: 1 	 (6002) 	S: 3 	 (4001) 	T: 2 	 (4000) 	LAP 4
600.36 s > TEAM: 0 	F: 1 	 (6645) 	S: 3 	 (5002) 	T: 2 	 (5000) 	LAP 5
600.36 s > TEAM: 1 	F: 120 	 (5002) 	S: 122 	 (5001) 	T: 156 	 (5000) 	LAP 5
720.36 s > TEAM: 0 	F: 3 	 (7001) 	S: 1 	 (6645) 	T: 2 	 (6000) 	LAP 6
720.36 s > TEAM: 1 	F: 120 	 (6002) 	S: 122 	 (6001) 	T: 156 	 (6000) 	LAP 6
840.36 s > TEAM: 1 	F: 120 	 (7002) 	S: 122 	 (7001) 	T: 156 	 (7000) 	LAP 7
840.48 s > TEAM: 0 	F: 3 	 (8004) 	S: 2 	 (7002) 	T: 4 	 (7000) 	LAP 7
900.48 s > TEAM: 0 	F: 3 	 (9002) 	S: 2 	 (8001) 	T: 4 	 (8000) 	LAP 8
960.36 s > TEAM: 1 	F: 120 	 (8004) 	S: 122 	 (8001) 	T: 156 	 (8000) 	LAP 8
1020.48 s > TEAM: 0 	F: 3 	 (10004) 	S: 2 	 (9001) 	T: 4 	 (9000) 	LAP 9
1080.36 s > TEAM: 1 	F: 120 	 (9502) 	S: 122 	 (9001) 	T: 156 	 (9000) 	LAP 9
1140.48 s > TEAM: 0 	F: 3 	 (11502) 	S: 2 	 (10001) 	T: 4 	 (10000) 	LAP 10
1200.36 s > TEAM: 1 	F: 120 	 (10998) 	S: 122 	 (10002) 	T: 156 	 (10000) 	LAP 10
1260.36 s > TEAM: 0 	F: 3 	 (13001) 	S: 4 	 (11499) 	T: 2 	 (11000) 	LAP 11
1260.36 s > TEAM: 1 	F: 120 	 (11998) 	S: 122 	 (11002) 	T: 156 	 (11000) 	LAP 11
1320.54 s > TEAM: 1 	F: 120 	 (13001) 	S: 122 	 (12005) 	T: 158 	 (12000) 	LAP 12
1380.36 s > TEAM: 0 	F: 3 	 (14002) 	S: 4 	 (12749) 	T: 2 	 (12000) 	LAP 12
1380.54 s > TEAM: 1 	F: 120 	 (14001) 	S: 122 	 (13005) 	T: 158 	 (13000) 	LAP 13
1500.36 s > TEAM: 0 	F: 3 	 (15501) 	S: 4 	 (14249) 	T: 2 	 (13000) 	LAP 13
1500.36 s > TEAM: 1 	F: 120 	 (15499) 	S: 122 	 (15001) 	T: 156 	 (14000) 	LAP 14
1590.30 s > TEAM: 1 	F: 120 	 (16000) 	S: 122 	 (15750) 	T: 156 	 (15000) 	LAP 15
1620.36 s > TEAM: 0 	F: 3 	 (16000) 	S: 4 	 (15499) 	T: 2 	 (14000) 	LAP 14
1650.30 s > TEAM: 1 	F: 120 	 (16000) 	S: 122 	 (16000) 	T: 156 	 (16000) 	LAP 16
1680.36 s > TEAM: 0 	F: 3 	 (16000) 	S: 4 	 (16000) 	T: 2 	 (15000) 	LAP 15
1800.36 s > TEAM: 0 	F: 2 	 (16000) 	S: 3 	 (16000) 	T: 4 	 (16000) 	LAP 16
Broken Team 0: 0 (1), 1 (6), 5 (6), 12 (13), 13 (4), 17 (7), 19 (12), 22 (5), 23 (1), 24 (5), 26 (0), 28 (10), 33 (14), 35 (6), 39 (14), 40 (10), 41 (13), 42 (2), 43 (0), 44 (13), 46 (10), 52 (0), 54 (14), 55 (0), 56 (11), 57 (8), 59 (9), 60 (13), 61 (5), 65 (0), 66 (11), 67 (9), 69 (2), 74 (1), 75 (7), 
Broken Team 1: 81 (12), 83 (0), 89 (11), 92 (2), 96 (6), 99 (4), 100 (3), 101 (1), 102 (10), 108 (7), 110 (10), 115 (4), 119 (5), 124 (10), 126 (11), 128 (3), 130 (7), 131 (14), 132 (3), 133 (1), 137 (15), 142 (10), 145 (2), 146 (7), 148 (4), 150 (15), 153 (10), 158 (13), 159 (4), 
Finishing order: 3 (1560.27), 120 (1560.51), 122 (1620.27), 156 (1650.33), 4 (1650.45), 2 (1800.39), 121 (1800.75), 157 (1860.63), 155 (1860.87), 80 (1861.11), 6 (1920.75), 7 (1920.87), 8 (1920.99), 9 (1921.11), 82 (1921.23), 84 (1921.35), 11 (1921.47), 138 (1921.47), 136 (1921.59), 10 (1921.71), 139 (1921.71), 14 (1921.83), 85 (1921.83), 16 (1921.95), 134 (1921.95), 38 (1922.07), 135 (1922.07), 15 (1922.19), 87 (1922.19), 86 (1922.31), 88 (1922.43), 20 (1922.55), 21 (1922.67), 123 (1922.67), 18 (1922.79), 90 (1922.79), 93 (1922.91), 94 (1923.03), 149 (1923.15), 25 (1923.27), 97 (1923.27), 98 (1923.39), 29 (1923.51), 30 (1923.63), 107 (1923.75), 27 (1923.87), 95 (1923.87), 32 (1923.99), 31 (1924.23), 34 (1924.35), 91 (1924.35), 36 (1924.47), 103 (1924.47), 37 (1924.59), 104 (1924.71), 106 (1924.83), 112 (1924.95), 45 (1925.19), 111 (1925.19), 105 (1925.31), 48 (1925.43), 49 (1925.55), 114 (1925.55), 113 (1925.67), 50 (1925.79), 53 (1926.03), 116 (1926.03), 47 (1926.27), 109 (1926.27), 125 (1926.39), 127 (1926.51), 58 (1926.63), 51 (1926.87), 117 (1926.99), 64 (1927.11), 140 (1927.23), 62 (1927.35), 63 (1927.47), 71 (1927.71), 143 (1927.71), 70 (1927.83), 144 (1927.95), 147 (1928.07), 151 (1928.19), 77 (1928.31), 79 (1928.43), 73 (1928.55), 154 (1928.55), 78 (1928.79), 118 (1928.79), 152 (1928.91), 72 (1929.03), 129 (1929.03), 76 (1929.15), 68 (1929.27), 141 (1929.39), 
Result: TEAM 1 WIN*
