Mode: RANDOM
120.24 s > TEAM: 0 	F: 0 	 (1002) 	S: 2 	 (1001) 	T: 1 	 (1000) 	LAP 1
120.24 s > TEAM: 1 	F: 159 	 (1004) 	S: 158 	 (1001) 	T: 80 	 (1000) 	LAP 1
240.24 s > TEAM: 0 	F: 0 	 (2002) 	S: 2 	 (2001) 	T: 1 	 (2000) 	LAP 2
240.24 s > TEAM: 1 	F: 159 	 (3002) 	S: 158 	 (2001) 	T: 80 	 (2000) 	LAP 2
360.24 s > TEAM: 0 	F: 0 	 (3002) 	S: 2 	 (3001) 	T: 1 	 (3000) 	LAP 3
360.24 s > TEAM: 1 	F: 159 	 (4004) 	S: 158 	 (3002) 	T: 80 	 (3000) 	LAP 3
420.24 s > TEAM: 1 	F: 159 	 (5002) 	S: 158 	 (4001) 	T: 80 	 (4000) 	LAP 4
480.24 s > TEAM: 0 	F: 0 	 (4002) 	S: 2 	 (4001) 	T: 1 	 (4000) 	LAP 4
540.24 s > TEAM: 1 	F: 159 	 (6002) 	S: 81 	 (5001) 	T: 80 	 (5000) 	LAP 5
600.24 s > TEAM: 0 	F: 0 	 (5004) 	S: 2 	 (5001) 	T: 1 	 (5000) 	LAP 5
660.30 s > TEAM: 1 	F: 159 	 (7002) 	S: 81 	 (6001) 	T: 158 	 (6000) 	LAP 6
720.24 s > TEAM: 0 	F: 0 	 (6502) 	S: 2 	 (6001) 	T: 1 	 (6000) 	LAP 6
780.30 s > TEAM: 1 	F: 159 	 (8002) 	S: 81 	 (7001) 	T: 158 	 (7000) 	LAP 7
840.24 s > TEAM: 0 	F: 0 	 (7502) 	S: 2 	 (7001) 	T: 1 	 (7000) 	LAP 7
900.30 s > TEAM: 1 	F: 159 	 (9005) 	S: 81 	 (8003) 	T: 158 	 (8000) 	LAP 8
960.24 s > TEAM: 0 	F: 0 	 (8995) 	S: 2 	 (8002) 	T: 1 	 (8000) 	LAP 8
1020.30 s > TEAM: 1 	F: 159 	 (10502) 	S: 81 	 (9994) 	T: 158 	 (9000) 	LAP 9
1080.24 s > TEAM: 0 	F: 0 	 (9995) 	S: 2 	 (9993) 	T: 1 	 (9000) 	LAP 9
1140.30 s > TEAM: 1 	F: 159 	 (11993) 	S: 81 	 (10994) 	T: 158 	 (10000) 	LAP 10
1200.24 s > TEAM: 0 	F: 0 	 (10995) 	S: 2 	 (10992) 	T: 1 	 (10000) 	LAP 10
1260.30 s > TEAM: 1 	F: 159 	 (12993) 	S: 81 	 (11994) 	T: 158 	 (11000) 	LAP 11
1320.24 s > TEAM: 0 	F: 0 	 (11995) 	S: 2 	 (11993) 	T: 1 	 (11000) 	LAP 11
1380.30 s > TEAM: 1 	F: 159 	 (13161) 	S: 81 	 (12994) 	T: 158 	 (12000) 	LAP 12
1440.24 s > TEAM: 0 	F: 0 	 (12994) 	S: 2 	 (12392) 	T: 1 	 (12000) 	LAP 12
1500.30 s > TEAM: 1 	F: 81 	 (13996) 	S: 159 	 (13161) 	T: 158 	 (13000) 	LAP 13
1560.48 s > TEAM: 1 	F: 81 	 (14498) 	S: 158 	 (14003) 	T: 82 	 (14000) 	LAP 14
1560.60 s > TEAM: 0 	F: 0 	 (13997) 	S: 3 	 (13002) 	T: 5 	 (13000) 	LAP 13
1621.20 s > TEAM: 1 	F: 81 	 (15009) 	S: 158 	 (15001) 	T: 82 	 (15000) 	LAP 15
1680.60 s > TEAM: 0 	F: 0 	 (14997) 	S: 3 	 (14002) 	T: 5 	 (14000) 	LAP 14
1741.14 s > TEAM: 1 	F: 81 	 (16000) 	S: 82 	 (16000) 	T: 158 	 (16000) 	LAP 16
1800.60 s > TEAM: 0 	F: 0 	 (15997) 	S: 3 	 (15002) 	T: 5 	 (15000) 	LAP 15
1920.60 s > TEAM: 0 	F: 0 	 (16000) 	S: 3 	 (16000) 	T: 5 	 (16000) 	LAP 16
Broken Team 0: 1 (12), 2 (12), 4 (9), 6 (12), 12 (5), 17 (0), 18 (7), 19 (2), 20 (7), 21 (2), 28 (15), 32 (13), 34 (12), 37 (0), 42 (7), 58 (13), 59 (5), 67 (3), 73 (0), 
Broken Team 1: 83 (6), 84 (6), 87 (2), 88 (5), 99 (11), 100 (0), 101 (3), 102 (7), 111 (1), 114 (1), 115 (5), 125 (12), 133 (0), 135 (5), 136 (2), 137 (8), 138 (6), 139 (14), 142 (13), 146 (10), 148 (14), 149 (1), 157 (3), 159 (13), 
Finishing order: 81 (1680.69), 158 (1741.11), 82 (1741.17), 156 (1800.63), 80 (1800.75), 0 (1800.99), 85 (1860.99), 86 (1861.11), 89 (1861.47), 3 (1920.39), 5 (1920.63), 7 (1920.87), 8 (1920.99), 9 (1921.11), 10 (1921.23), 11 (1921.35), 13 (1921.59), 90 (1921.59), 14 (1921.71), 91 (1921.71), 15 (1921.83), 92 (1921.83), 16 (1921.95), 93 (1921.95), 94 (1922.07), 95 (1922.19), 96 (1922.31), 97 (1922.43), 98 (1922.55), 22 (1922.67), 23 (1922.79), 24 (1922.91), 25 (1923.03), 26 (1923.15), 103 (1923.15), 27 (1923.27), 104 (1923.27), 105 (1923.39), 29 (1923.51), 106 (1923.51), 30 (1923.63), 107 (1923.63), 31 (1923.75), 108 (1923.75), 109 (1923.87), 33 (1923.99), 141 (1923.99), 110 (1924.11), 35 (1924.23), 36 (1924.35), 112 (1924.35), 113 (1924.47), 38 (1924.59), 39 (1924.71), 40 (1924.83), 116 (1924.83), 41 (1924.95), 117 (1924.95), 118 (1925.07), 43 (1925.19), 119 (1925.19), 46 (1925.31), 120 (1925.31), 45 (1925.43), 121 (1925.43), 44 (1925.55), 122 (1925.55), 47 (1925.67), 123 (1925.67), 48 (1925.79), 124 (1925.79), 49 (1925.91), 50 (1926.03), 126 (1926.03), 51 (1926.15), 127 (1926.15), 52 (1926.27), 128 (1926.27), 53 (1926.39), 129 (1926.39), 54 (1926.51), 130 (1926.51), 55 (1926.63), 131 (1926.63), 56 (1926.75), 132 (1926.75), 57 (1926.87), 134 (1926.99), 60 (1927.23), 154 (1927.23), 61 (1927.35), 63 (1927.47), 62 (1927.59), 64 (1927.71), 65 (1927.83), 140 (1927.83), 66 (1927.95), 143 (1928.07), 68 (1928.19), 144 (1928.19), 69 (1928.31), 145 (1928.31), 70 (1928.43), 71 (1928.55), 147 (1928.55), 72 (1928.67), 74 (1928.91), 150 (1928.91), 75 (1929.03), 151 (1929.03), 76 (1929.15), 152 (1929.15), 77 (1929.27), 155 (1929.27), 78 (1929.39), 79 (1929.51), 153 (1929.51), 
Result: TEAM 1 WIN*
