Mode: RANDOM
120.24 s > TEAM: 0 	F: 0 	 (1004) 	S: 3 	 (1001) 	T: 1 	 (1000) 	LAP 1
120.24 s > TEAM: 1 	F: 159 	 (1002) 	S: 157 	 (1001) 	T: 156 	 (1000) 	LAP 1
240.24 s > TEAM: 0 	F: 0 	 (3004) 	S: 3 	 (2001) 	T: 1 	 (2000) 	LAP 2
240.24 s > TEAM: 1 	F: 159 	 (2004) 	S: 157 	 (2001) 	T: 156 	 (2000) 	LAP 2
360.24 s > TEAM: 0 	F: 0 	 (5002) 	S: 3 	 (3001) 	T: 1 	 (3000) 	LAP 3
360.24 s > TEAM: 1 	F: 159 	 (4002) 	S: 157 	 (3001) 	T: 156 	 (3000) 	LAP 3
480.24 s > TEAM: 1 	F: 159 	 (5004) 	S: 157 	 (4001) 	T: 156 	 (4000) 	LAP 4
480.36 s > TEAM: 0 	F: 0 	 (6003) 	S: 3 	 (4002) 	T: 2 	 (4000) 	LAP 4
600.24 s > TEAM: 1 	F: 159 	 (7002) 	S: 157 	 (5001) 	T: 156 	 (5000) 	LAP 5
600.36 s > TEAM: 0 	F: 0 	 (7003) 	S: 3 	 (5002) 	T: 2 	 (5000) 	LAP 5
720.24 s > TEAM: 1 	F: 159 	 (8002) 	S: 157 	 (6001) 	T: 156 	 (6000) 	LAP 6
720.36 s > TEAM: 0 	F: 0 	 (8003) 	S: 3 	 (6002) 	T: 2 	 (6000) 	LAP 6
840.36 s > TEAM: 0 	F: 0 	 (9003) 	S: 3 	 (7002) 	T: 2 	 (7000) 	LAP 7
840.36 s > TEAM: 1 	F: 159 	 (9003) 	S: 156 	 (7001) 	T: 153 	 (7000) 	LAP 7
960.36 s > TEAM: 0 	F: 0 	 (10003) 	S: 3 	 (8002) 	T: 2 	 (8000) 	LAP 8
960.36 s > TEAM: 1 	F: 159 	 (10006) 	S: 156 	 (8001) 	T: 153 	 (8000) 	LAP 8
1080.36 s > TEAM: 0 	F: 0 	 (11006) 	S: 3 	 (9004) 	T: 2 	 (9000) 	LAP 9
1080.36 s > TEAM: 1 	F: 159 	 (12003) 	S: 156 	 (9001) 	T: 153 	 (9000) 	LAP 9
1200.36 s > TEAM: 0 	F: 0 	 (13006) 	S: 3 	 (10502) 	T: 2 	 (10000) 	LAP 10
1200.36 s > TEAM: 1 	F: 159 	 (13006) 	S: 156 	 (10001) 	T: 153 	 (10000) 	LAP 10
1320.36 s > TEAM: 0 	F: 0 	 (14503) 	S: 3 	 (11502) 	T: 2 	 (11000) 	LAP 11
1320.36 s > TEAM: 1 	F: 159 	 (14503) 	S: 156 	 (11001) 	T: 153 	 (11000) 	LAP 11
1440.36 s > TEAM: 0 	F: 0 	 (16000) 	S: 3 	 (12502) 	T: 2 	 (12000) 	LAP 12
1440.48 s > TEAM: 1 	F: 159 	 (16000) 	S: 153 	 (12001) 	T: 155 	 (12000) 	LAP 12
1560.36 s > TEAM: 0 	F: 0 	 (16000) 	S: 3 	 (13502) 	T: 2 	 (13000) 	LAP 13
1560.48 s > TEAM: 1 	F: 159 	 (16000) 	S: 153 	 (13001) 	T: 155 	 (13000) 	LAP 13
1680.36 s > TEAM: 0 	F: 0 	 (16000) 	S: 3 	 (14502) 	T: 2 	 (14000) 	LAP 14
1680.48 s > TEAM: 1 	F: 159 	 (16000) 	S: 153 	 (14001) 	T: 155 	 (14000) 	LAP 14
1800.36 s > TEAM: 0 	F: 0 	 (16000) 	S: 3 	 (15502) 	T: 2 	 (15000) 	LAP 15
1800.48 s > TEAM: 1 	F: 159 	 (16000) 	S: 153 	 (15001) 	T: 155 	 (15000) 	LAP 15
1920.36 s > TEAM: 0 	F: 0 	 (16000) 	S: 2 	 (16000) 	T: 3 	 (16000) 	LAP 16
1920.48 s > TEAM: 1 	F: 153 	 (16000) 	S: 155 	 (16000) 	T: 159 	 (16000) 	LAP 16
Broken Team 0: 1 (3), 4 (10), 10 (3), 11 (4), 16 (8), 19 (5), 22 (7), 24 (14), 28 (7), 31 (9), 32 (9), 37 (0), 39 (2), 49 (15), 51 (5), 56 (10), 58 (9), 59 (1), 60 (11), 62 (8), 64 (12), 72 (2), 74 (4), 76 (3), 79 (4), 
Broken Team 1: 81 (5), 82 (4), 88 (2), 96 (10), 102 (6), 106 (9), 110 (6), 111 (13), 113 (11), 116 (7), 120 (1), 125 (10), 128 (3), 131 (3), 133 (7), 138 (0), 139 (15), 143 (4), 144 (1), 148 (2), 149 (4), 156 (11), 157 (6), 158 (14), 
Finishing order: 0 (1440.03), 159 (1440.03), 3 (1860.15), 2 (1920.39), 153 (1920.39), 155 (1920.51), 6 (1920.63), 5 (1920.75), 152 (1920.75), 7 (1920.87), 80 (1920.87), 8 (1920.99), 9 (1921.11), 83 (1921.23), 84 (1921.35), 12 (1921.47), 85 (1921.47), 13 (1921.59), 86 (1921.59), 14 (1921.71), 87 (1921.71), 15 (1921.83), 89 (1921.95), 17 (1922.07), 90 (1922.07), 18 (1922.19), 91 (1922.19), 92 (1922.31), 20 (1922.43), 93 (1922.43), 21 (1922.55), 94 (1922.55), 95 (1922.67), 23 (1922.79), 97 (1922.91), 25 (1923.03), 98 (1923.03), 100 (1923.15), 26 (1923.27), 99 (1923.27), 27 (1923.39), 101 (1923.39), 29 (1923.63), 103 (1923.63), 30 (1923.75), 104 (1923.75), 77 (1923.87), 105 (1923.87), 107 (1924.11), 33 (1924.23), 108 (1924.23), 46 (1924.35), 109 (1924.35), 34 (1924.47), 35 (1924.59), 36 (1924.71), 112 (1924.71), 78 (1924.95), 114 (1924.95), 117 (1925.07), 38 (1925.19), 115 (1925.19), 40 (1925.31), 118 (1925.31), 41 (1925.43), 42 (1925.55), 119 (1925.55), 43 (1925.67), 45 (1925.79), 122 (1925.79), 44 (1925.91), 123 (1925.91), 48 (1926.03), 124 (1926.03), 121 (1926.15), 50 (1926.27), 126 (1926.39), 52 (1926.51), 127 (1926.51), 53 (1926.63), 54 (1926.75), 129 (1926.75), 55 (1926.87), 130 (1926.87), 47 (1926.99), 57 (1927.23), 134 (1927.23), 132 (1927.35), 61 (1927.47), 135 (1927.47), 136 (1927.59), 137 (1927.71), 63 (1927.95), 65 (1928.07), 140 (1928.07), 141 (1928.19), 68 (1928.31), 142 (1928.31), 67 (1928.43), 66 (1928.55), 70 (1928.67), 145 (1928.67), 69 (1928.79), 146 (1928.79), 147 (1928.91), 71 (1929.03), 150 (1929.15), 75 (1929.27), 73 (1929.39), 151 (1929.39), 154 (1929.51), 
Result: TEAM 0 WIN
