Mode: RANDOM
120.24 s > TEAM: 0 	F: 0 	 (1004) 	S: 1 	 (1001) 	T: 4 	 (1000) 	LAP 1
120.24 s > TEAM: 1 	F: 159 	 (1002) 	S: 157 	 (1001) 	T: 80 	 (1000) 	LAP 1
240.24 s > TEAM: 0 	F: 0 	 (3004) 	S: 1 	 (2002) 	T: 4 	 (2000) 	LAP 2
240.36 s > TEAM: 1 	F: 157 	 (2002) 	S: 80 	 (2001) 	T: 81 	 (2000) 	LAP 2
300.24 s > TEAM: 0 	F: 0 	 (4002) 	S: 1 	 (3002) 	T: 4 	 (3000) 	LAP 3
360.36 s > TEAM: 1 	F: 157 	 (3002) 	S: 80 	 (3001) 	T: 81 	 (3000) 	LAP 3
420.24 s > TEAM: 0 	F: 0 	 (5004) 	S: 1 	 (4501) 	T: 4 	 (4000) 	LAP 4
480.36 s > TEAM: 1 	F: 157 	 (4002) 	S: 80 	 (4001) 	T: 81 	 (4000) 	LAP 4
540.24 s > TEAM: 0 	F: 0 	 (6502) 	S: 1 	 (5501) 	T: 4 	 (5000) 	LAP 5
600.36 s > TEAM: 1 	F: 157 	 (5004) 	S: 80 	 (5002) 	T: 81 	 (5000) 	LAP 5
660.24 s > TEAM: 0 	F: 0 	 (7502) 	S: 1 	 (6501) 	T: 4 	 (6000) 	LAP 6
660.36 s > TEAM: 1 	F: 157 	 (6004) 	S: 80 	 (6001) 	T: 81 	 (6000) 	LAP 6
780.24 s > TEAM: 0 	F: 0 	 (8502) 	S: 1 	 (7501) 	T: 4 	 (7000) 	LAP 7
780.36 s > TEAM: 1 	F: 157 	 (7502) 	S: 80 	 (7001) 	T: 81 	 (7000) 	LAP 7
900.36 s > TEAM: 1 	F: 157 	 (8502) 	S: 80 	 (8001) 	T: 81 	 (8000) 	LAP 8
960.36 s > TEAM: 0 	F: 0 	 (10006) 	S: 4 	 (8501) 	T: 2 	 (8000) 	LAP 8
1020.36 s > TEAM: 1 	F: 157 	 (9502) 	S: 80 	 (9001) 	T: 81 	 (9000) 	LAP 9
1080.36 s > TEAM: 0 	F: 0 	 (11503) 	S: 4 	 (9501) 	T: 2 	 (9000) 	LAP 9
1140.36 s > TEAM: 1 	F: 157 	 (10502) 	S: 80 	 (10001) 	T: 81 	 (10000) 	LAP 10
1200.36 s > TEAM: 0 	F: 0 	 (12997) 	S: 4 	 (10996) 	T: 2 	 (10000) 	LAP 10
1260.36 s > TEAM: 1 	F: 157 	 (11502) 	S: 80 	 (11001) 	T: 81 	 (11000) 	LAP 11
1320.36 s > TEAM: 0 	F: 0 	 (13567) 	S: 4 	 (11997) 	T: 2 	 (11000) 	LAP 11
1380.36 s > TEAM: 1 	F: 157 	 (12996) 	S: 80 	 (12001) 	T: 81 	 (12000) 	LAP 12
1440.36 s > TEAM: 0 	F: 0 	 (13567) 	S: 4 	 (12997) 	T: 2 	 (12000) 	LAP 12
1500.48 s > TEAM: 1 	F: 157 	 (13997) 	S: 81 	 (13001) 	T: 82 	 (13000) 	LAP 13
1560.36 s > TEAM: 0 	F: 4 	 (13997) 	S: 0 	 (13567) 	T: 2 	 (13000) 	LAP 13
1620.48 s > TEAM: 1 	F: 157 	 (14998) 	S: 81 	 (14002) 	T: 82 	 (14000) 	LAP 14
1680.48 s > TEAM: 0 	F: 4 	 (14997) 	S: 2 	 (14001) 	T: 5 	 (14000) 	LAP 14
1680.48 s > TEAM: 1 	F: 157 	 (15498) 	S: 81 	 (15002) 	T: 82 	 (15000) 	LAP 15
1800.48 s > TEAM: 0 	F: 4 	 (15997) 	S: 2 	 (15001) 	T: 5 	 (15000) 	LAP 15
1800.48 s > TEAM: 1 	F: 81 	 (16000) 	S: 82 	 (16000) 	T: 157 	 (16000) 	LAP 16
1920.48 s > TEAM: 0 	F: 2 	 (16000) 	S: 4 	 (16000) 	T: 5 	 (16000) 	LAP 16
Broken Team 0: 0 (13), 1 (7), 6 (15), 8 (0), 11 (6), 15 (3), 18 (3), 22 (13), 23 (12), 24 (0), 26 (3), 31 (4), 32 (9), 33 (14), 34 (3), 41 (13), 45 (1), 46 (3), 47 (11), 48 (1), 55 (15), 58 (2), 64 (11), 68 (0), 70 (15), 72 (7), 77 (11), 78 (1), 79 (4), 
Broken Team 1: 80 (12), 85 (2), 86 (3), 92 (3), 95 (9), 97 (9), 98 (8), 100 (1), 101 (15), 106 (5), 108 (12), 110 (0), 111 (2), 113 (1), 115 (8), 117 (4), 126 (14), 132 (3), 134 (13), 135 (8), 136 (8), 137 (6), 139 (6), 146 (14), 147 (8), 148 (13), 153 (12), 159 (1), 
Finishing order: 157 (1740.75), 81 (1740.99), 82 (1800.51), 4 (1800.87), 156 (1860.63), 2 (1920.39), 5 (1920.51), 3 (1920.75), 83 (1920.75), 7 (1920.87), 84 (1920.87), 9 (1921.11), 10 (1921.23), 87 (1921.23), 88 (1921.35), 12 (1921.47), 89 (1921.47), 13 (1921.59), 90 (1921.59), 14 (1921.71), 91 (1921.71), 16 (1921.95), 93 (1921.95), 17 (1922.07), 94 (1922.07), 19 (1922.31), 158 (1922.31), 20 (1922.43), 155 (1922.43), 21 (1922.55), 96 (1922.55), 99 (1922.91), 25 (1923.03), 152 (1923.03), 27 (1923.15), 28 (1923.27), 102 (1923.39), 29 (1923.51), 103 (1923.51), 30 (1923.63), 150 (1923.75), 154 (1923.87), 104 (1923.99), 105 (1924.11), 35 (1924.23), 36 (1924.35), 107 (1924.35), 37 (1924.47), 38 (1924.59), 109 (1924.59), 40 (1924.71), 112 (1924.71), 39 (1924.83), 149 (1924.83), 42 (1925.07), 43 (1925.19), 44 (1925.43), 114 (1925.43), 116 (1925.55), 49 (1925.91), 50 (1926.03), 151 (1926.03), 51 (1926.15), 118 (1926.15), 53 (1926.27), 119 (1926.27), 52 (1926.39), 120 (1926.39), 54 (1926.51), 121 (1926.51), 122 (1926.63), 56 (1926.75), 123 (1926.75), 57 (1926.87), 124 (1926.87), 125 (1926.99), 59 (1927.11), 60 (1927.23), 127 (1927.23), 61 (1927.35), 128 (1927.35), 62 (1927.47), 129 (1927.47), 63 (1927.59), 130 (1927.59), 65 (1927.83), 131 (1927.83), 66 (1927.95), 133 (1927.95), 67 (1928.07), 69 (1928.31), 71 (1928.55), 73 (1928.79), 138 (1928.79), 75 (1928.91), 140 (1928.91), 76 (1929.03), 141 (1929.03), 74 (1929.15), 143 (1929.15), 144 (1929.27), 145 (1929.39), 142 (1929.51), 
Result: TEAM 0 WIN*
