Mode: RANDOM
120.24 s > TEAM: 0 	F: 1 	 (1004) 	S: 3 	 (1001) 	T: 0 	 (1000) 	LAP 1
120.36 s > TEAM: 1 	F: 9 	 (1006) 	S: 5 	 (1004) 	T: 6 	 (1000) 	LAP 1
180.36 s > TEAM: 1 	F: 9 	 (2006) 	S: 5 	 (2004) 	T: 6 	 (2000) 	LAP 2
240.24 s > TEAM: 0 	F: 1 	 (3004) 	S: 3 	 (2001) 	T: 0 	 (2000) 	LAP 2
240.36 s > TEAM: 1 	F: 9 	 (3003) 	S: 5 	 (3002) 	T: 6 	 (3000) 	LAP 3
360.12 s > TEAM: 1 	F: 6 	 (4996) 	S: 9 	 (4001) 	T: 5 	 (4000) 	LAP 4
360.24 s > TEAM: 0 	F: 1 	 (4502) 	S: 3 	 (3001) 	T: 0 	 (3000) 	LAP 3
480.12 s > TEAM: 1 	F: 6 	 (5998) 	S: 9 	 (5001) 	T: 5 	 (5000) 	LAP 5
480.24 s > TEAM: 0 	F: 1 	 (6002) 	S: 3 	 (4001) 	T: 0 	 (4000) 	LAP 4
600.12 s > TEAM: 1 	F: 6 	 (7498) 	S: 9 	 (6001) 	T: 5 	 (6000) 	LAP 6
600.24 s > TEAM: 0 	F: 1 	 (7004) 	S: 3 	 (5001) 	T: 0 	 (5000) 	LAP 5
720.12 s > TEAM: 1 	F: 6 	 (8498) 	S: 9 	 (7001) 	T: 5 	 (7000) 	LAP 7
720.24 s > TEAM: 0 	F: 1 	 (8502) 	S: 3 	 (6001) 	T: 0 	 (6000) 	LAP 6
840.12 s > TEAM: 1 	F: 6 	 (9996) 	S: 9 	 (8001) 	T: 5 	 (8000) 	LAP 8
840.24 s > TEAM: 0 	F: 1 	 (9502) 	S: 3 	 (7001) 	T: 0 	 (7000) 	LAP 7
960.12 s > TEAM: 1 	F: 6 	 (10998) 	S: 9 	 (9001) 	T: 5 	 (9000) 	LAP 9
960.24 s > TEAM: 0 	F: 1 	 (10502) 	S: 3 	 (8001) 	T: 0 	 (8000) 	LAP 8
1080.12 s > TEAM: 1 	F: 6 	 (12246) 	S: 9 	 (10001) 	T: 5 	 (10000) 	LAP 10
1080.24 s > TEAM: 0 	F: 1 	 (11009) 	S: 3 	 (9002) 	T: 0 	 (9000) 	LAP 9
1140.24 s > TEAM: 0 	F: 1 	 (11009) 	S: 3 	 (10001) 	T: 0 	 (10000) 	LAP 10
1200.12 s > TEAM: 1 	F: 6 	 (13246) 	S: 9 	 (11001) 	T: 5 	 (11000) 	LAP 11
1260.24 s > TEAM: 0 	F: 1 	 (11009) 	S: 3 	 (11002) 	T: 0 	 (11000) 	LAP 11
1320.12 s > TEAM: 1 	F: 6 	 (14246) 	S: 9 	 (12001) 	T: 5 	 (12000) 	LAP 12
1440.12 s > TEAM: 1 	F: 6 	 (15246) 	S: 9 	 (13001) 	T: 5 	 (13000) 	LAP 13
1440.48 s > TEAM: 0 	F: 0 	 (13502) 	S: 3 	 (13003) 	T: 4 	 (12000) 	LAP 12
1560.12 s > TEAM: 1 	F: 6 	 (16000) 	S: 9 	 (14002) 	T: 5 	 (14000) 	LAP 14
1560.48 s > TEAM: 0 	F: 0 	 (14502) 	S: 3 	 (14003) 	T: 4 	 (13000) 	LAP 13
1680.12 s > TEAM: 1 	F: 6 	 (16000) 	S: 9 	 (15501) 	T: 5 	 (15000) 	LAP 15
1680.48 s > TEAM: 0 	F: 0 	 (16000) 	S: 3 	 (15003) 	T: 4 	 (14000) 	LAP 14
1800.12 s > TEAM: 1 	F: 5 	 (16000) 	S: 6 	 (16000) 	T: 9 	 (16000) 	LAP 16
1800.48 s > TEAM: 0 	F: 0 	 (16000) 	S: 3 	 (16000) 	T: 4 	 (15000) 	LAP 15
1920.48 s > TEAM: 0 	F: 0 	 (16000) 	S: 3 	 (16000) 	T: 4 	 (16000) 	LAP 16
Broken Team 0: 1 (11), 2 (10), 
Broken Team 1: 7 (0), 
Finishing order: 6 (1530.63), 0 (1680.27), 9 (1740.03), 3 (1800.15), 5 (1800.15), 4 (1920.51), 8 (1920.51), 
Result: TEAM 1 WIN*
1 (14), 24 (9), 25 (13), 26 (12), 27 (2), 28 (11), 30 (4), 31 (7), 33 (8), 36 (1), 40 (2), 41 (7), 43 (6), 51 (10), 55 (7), 59 (0), 61 (15), 63 (6), 64 (1), 66 (3), 67 (15), 71 (0), 72 (15), 77 (8), 
Broken Team 1: 81 (8), 85 (15), 86 (15), 88 (12), 90 (2), 95 (9), 98 (2), 102 (7), 103 (3), 104 (6), 112 (0), 117 (7), 118 (11), 119 (13), 121 (11), 122 (1), 124 (0), 126 (15), 127 (12), 133 (6), 134 (8), 135 (1), 138 (10), 140 (2), 141 (8), 143 (0), 145 (11), 148 (1), 149 (2), 154 (5), 155 (0), 158 (7), 
Finishing order: 0 (1500.03), 159 (1560.03), 156 (1800.27), 1 (1860.27), 153 (1860.63), 3 (1920.39), 4 (1920.63), 151 (1920.75), 9 (1920.87), 94 (1920.87), 8 (1920.99), 150 (1920.99), 157 (1921.11), 139 (1921.23), 12 (1921.35), 114 (1921.47), 14 (1921.59), 80 (1921.59), 82 (1921.71), 15 (1921.83), 120 (1921.83), 74 (1922.07), 83 (1922.07), 84 (1922.19), 76 (1922.31), 87 (1922.31), 18 (1922.43), 20 (1922.55), 92 (1922.55), 91 (1922.91), 22 (1923.03), 152 (1923.03), 29 (1923.15), 93 (1923.27), 89 (1923.39), 115 (1923.51), 23 (1923.63), 32 (1923.75), 136 (1923.75), 96 (1923.99), 100 (1924.23), 53 (1924.35), 69 (1924.47), 101 (1924.59), 35 (1924.71), 106 (1924.71), 39 (1924.83), 111 (1924.83), 38 (1924.95), 109 (1924.95), 37 (1925.19), 131 (1925.19), 46 (1925.31), 110 (1925.31), 107 (1925.43), 44 (1925.55), 49 (1925.67), 47 (1925.79), 48 (1925.91), 50 (1926.03), 123 (1926.03), 116 (1926.15), 78 (1926.27), 132 (1926.39), 52 (1926.51), 54 (1926.63), 99 (1926.63), 34 (1926.87), 57 (1926.99), 130 (1926.99), 137 (1927.11), 62 (1927.23), 125 (1927.23), 65 (1927.35), 108 (1927.59), 144 (1927.71), 68 (1927.83), 146 (1927.83), 56 (1928.07), 142 (1928.07), 73 (1928.19), 42 (1928.43), 97 (1928.43), 70 (1928.55), 113 (1928.55), 60 (1928.79), 105 (1928.79), 58 (1928.91), 128 (1928.91), 19 (1929.03), 45 (1929.15), 129 (1929.15), 75 (1929.27), 79 (1929.39), 147 (1929.51), 
Result: TEAM 1 WIN
