Mode: RANDOM
120.24 s > TEAM: 0 	F: 0 	 (1004) 	S: 2 	 (1001) 	T: 41 	 (1000) 	LAP 1
120.24 s > TEAM: 1 	F: 159 	 (1002) 	S: 156 	 (1001) 	T: 155 	 (1000) 	LAP 1
240.24 s > TEAM: 0 	F: 0 	 (2502) 	S: 2 	 (2001) 	T: 41 	 (2000) 	LAP 2
240.24 s > TEAM: 1 	F: 159 	 (2004) 	S: 156 	 (2001) 	T: 155 	 (2000) 	LAP 2
360.24 s > TEAM: 0 	F: 0 	 (3502) 	S: 2 	 (3001) 	T: 41 	 (3000) 	LAP 3
360.24 s > TEAM: 1 	F: 159 	 (3502) 	S: 156 	 (3001) 	T: 155 	 (3000) 	LAP 3
480.24 s > TEAM: 0 	F: 0 	 (4502) 	S: 2 	 (4001) 	T: 41 	 (4000) 	LAP 4
480.24 s > TEAM: 1 	F: 159 	 (4502) 	S: 156 	 (4001) 	T: 155 	 (4000) 	LAP 4
600.24 s > TEAM: 0 	F: 0 	 (6004) 	S: 2 	 (5002) 	T: 41 	 (5000) 	LAP 5
600.24 s > TEAM: 1 	F: 159 	 (6004) 	S: 156 	 (5002) 	T: 155 	 (5000) 	LAP 5
660.24 s > TEAM: 0 	F: 0 	 (7004) 	S: 2 	 (6001) 	T: 41 	 (6000) 	LAP 6
720.24 s > TEAM: 1 	F: 159 	 (7502) 	S: 156 	 (6501) 	T: 155 	 (6000) 	LAP 6
840.24 s > TEAM: 1 	F: 159 	 (9002) 	S: 156 	 (7501) 	T: 155 	 (7000) 	LAP 7
840.36 s > TEAM: 0 	F: 0 	 (9503) 	S: 2 	 (7502) 	T: 3 	 (7000) 	LAP 7
960.24 s > TEAM: 1 	F: 159 	 (10004) 	S: 156 	 (8501) 	T: 155 	 (8000) 	LAP 8
960.48 s > TEAM: 0 	F: 0 	 (10504) 	S: 2 	 (8503) 	T: 1 	 (8000) 	LAP 8
1080.24 s > TEAM: 1 	F: 159 	 (11502) 	S: 156 	 (9501) 	T: 155 	 (9000) 	LAP 9
1080.48 s > TEAM: 0 	F: 0 	 (12004) 	S: 2 	 (9503) 	T: 1 	 (9000) 	LAP 9
1200.24 s > TEAM: 1 	F: 159 	 (13002) 	S: 156 	 (11001) 	T: 155 	 (10000) 	LAP 10
1200.48 s > TEAM: 0 	F: 0 	 (13004) 	S: 2 	 (10503) 	T: 1 	 (10000) 	LAP 10
1320.24 s > TEAM: 1 	F: 159 	 (14004) 	S: 156 	 (12001) 	T: 155 	 (11000) 	LAP 11
1320.48 s > TEAM: 0 	F: 0 	 (14004) 	S: 2 	 (11503) 	T: 1 	 (11000) 	LAP 11
1440.24 s > TEAM: 1 	F: 159 	 (16000) 	S: 156 	 (13001) 	T: 155 	 (12000) 	LAP 12
1440.48 s > TEAM: 0 	F: 0 	 (15008) 	S: 2 	 (12503) 	T: 1 	 (12000) 	LAP 12
1560.24 s > TEAM: 1 	F: 159 	 (16000) 	S: 156 	 (14002) 	T: 155 	 (13000) 	LAP 13
1560.48 s > TEAM: 0 	F: 0 	 (16000) 	S: 2 	 (13503) 	T: 1 	 (13000) 	LAP 13
1620.24 s > TEAM: 1 	F: 159 	 (16000) 	S: 156 	 (15002) 	T: 155 	 (14000) 	LAP 14
1680.24 s > TEAM: 1 	F: 156 	 (16000) 	S: 159 	 (16000) 	T: 155 	 (15000) 	LAP 15
1680.48 s > TEAM: 0 	F: 0 	 (16000) 	S: 2 	 (15003) 	T: 1 	 (14000) 	LAP 14
1740.24 s > TEAM: 1 	F: 155 	 (16000) 	S: 156 	 (16000) 	T: 159 	 (16000) 	LAP 16
1800.48 s > TEAM: 0 	F: 0 	 (16000) 	S: 2 	 (16000) 	T: 1 	 (15000) 	LAP 15
1860.48 s > TEAM: 0 	F: 0 	 (16000) 	S: 1 	 (16000) 	T: 2 	 (16000) 	LAP 16
Broken Team 0: 3 (7), 4 (9), 6 (7), 12 (13), 17 (4), 19 (1), 27 (7), 28 (4), 31 (3), 32 (5), 35 (8), 41 (6), 43 (0), 45 (1), 46 (11), 47 (9), 48 (14), 50 (14), 52 (9), 55 (3), 57 (9), 61 (14), 64 (2), 65 (2), 67 (8), 71 (2), 76 (3), 77 (11), 
Broken Team 1: 80 (7), 85 (0), 96 (10), 102 (0), 103 (4), 104 (5), 105 (12), 107 (3), 109 (4), 111 (6), 114 (3), 117 (15), 122 (2), 126 (6), 132 (4), 134 (9), 135 (5), 138 (2), 144 (5), 145 (0), 146 (10), 149 (1), 152 (1), 153 (12), 154 (4), 
Finishing order: 159 (1440.27), 0 (1500.27), 156 (1680.15), 155 (1740.27), 2 (1800.15), 1 (1860.51), 5 (1860.63), 158 (1920.51), 81 (1920.75), 82 (1920.87), 8 (1920.99), 83 (1920.99), 9 (1921.11), 84 (1921.11), 7 (1921.23), 10 (1921.35), 87 (1921.35), 11 (1921.47), 88 (1921.47), 86 (1921.59), 13 (1921.71), 89 (1921.71), 14 (1921.83), 91 (1921.83), 16 (1921.95), 92 (1921.95), 15 (1922.07), 90 (1922.07), 93 (1922.19), 18 (1922.31), 94 (1922.31), 95 (1922.43), 20 (1922.55), 21 (1922.67), 157 (1922.67), 22 (1922.79), 97 (1922.79), 23 (1922.91), 99 (1922.91), 24 (1923.03), 98 (1923.03), 25 (1923.15), 101 (1923.15), 26 (1923.27), 106 (1923.39), 29 (1923.63), 30 (1923.75), 110 (1923.99), 33 (1924.11), 112 (1924.11), 34 (1924.23), 113 (1924.23), 36 (1924.47), 115 (1924.47), 37 (1924.59), 39 (1924.71), 116 (1924.71), 38 (1924.83), 118 (1924.83), 42 (1924.95), 119 (1924.95), 44 (1925.07), 120 (1925.07), 40 (1925.19), 121 (1925.19), 123 (1925.31), 124 (1925.55), 125 (1925.67), 51 (1926.03), 127 (1926.03), 53 (1926.15), 130 (1926.15), 49 (1926.27), 129 (1926.27), 54 (1926.39), 128 (1926.39), 75 (1926.51), 131 (1926.51), 133 (1926.75), 58 (1926.87), 59 (1926.99), 139 (1927.11), 56 (1927.23), 136 (1927.23), 60 (1927.35), 140 (1927.35), 142 (1927.47), 62 (1927.59), 143 (1927.59), 63 (1927.71), 141 (1927.71), 66 (1928.07), 147 (1928.07), 69 (1928.31), 148 (1928.31), 68 (1928.43), 70 (1928.55), 150 (1928.55), 72 (1928.79), 151 (1928.79), 73 (1929.03), 100 (1929.15), 78 (1929.27), 108 (1929.27), 79 (1929.39), 74 (1929.51), 137 (1929.51), 
Result: TEAM 0 WIN*
