Mode: RANDOM
120.24 s > TEAM: 0 	F: 1 	 (1002) 	S: 0 	 (1001) 	T: 4 	 (1000) 	LAP 1
120.36 s > TEAM: 1 	F: 159 	 (1006) 	S: 158 	 (1001) 	T: 80 	 (1000) 	LAP 1
240.24 s > TEAM: 0 	F: 1 	 (2002) 	S: 0 	 (2001) 	T: 4 	 (2000) 	LAP 2
240.36 s > TEAM: 1 	F: 159 	 (3003) 	S: 158 	 (2001) 	T: 80 	 (2000) 	LAP 2
360.36 s > TEAM: 0 	F: 1 	 (3003) 	S: 0 	 (3002) 	T: 2 	 (3000) 	LAP 3
360.36 s > TEAM: 1 	F: 159 	 (4006) 	S: 158 	 (3002) 	T: 80 	 (3000) 	LAP 3
420.36 s > TEAM: 1 	F: 159 	 (5006) 	S: 158 	 (4001) 	T: 80 	 (4000) 	LAP 4
480.36 s > TEAM: 0 	F: 1 	 (4006) 	S: 0 	 (4004) 	T: 2 	 (4000) 	LAP 4
540.24 s > TEAM: 1 	F: 159 	 (7004) 	S: 80 	 (5499) 	T: 158 	 (5000) 	LAP 5
540.36 s > TEAM: 0 	F: 1 	 (5006) 	S: 0 	 (5002) 	T: 2 	 (5000) 	LAP 5
660.12 s > TEAM: 0 	F: 1 	 (6501) 	S: 2 	 (6498) 	T: 0 	 (6000) 	LAP 6
660.24 s > TEAM: 1 	F: 159 	 (8502) 	S: 80 	 (6499) 	T: 158 	 (6000) 	LAP 6
780.12 s > TEAM: 0 	F: 1 	 (8001) 	S: 2 	 (7498) 	T: 0 	 (7000) 	LAP 7
780.24 s > TEAM: 1 	F: 159 	 (10002) 	S: 80 	 (7499) 	T: 158 	 (7000) 	LAP 7
900.12 s > TEAM: 0 	F: 1 	 (9001) 	S: 2 	 (8498) 	T: 0 	 (8000) 	LAP 8
900.24 s > TEAM: 1 	F: 159 	 (11002) 	S: 80 	 (8499) 	T: 158 	 (8000) 	LAP 8
1020.12 s > TEAM: 0 	F: 1 	 (10001) 	S: 2 	 (9498) 	T: 0 	 (9000) 	LAP 9
1020.24 s > TEAM: 1 	F: 159 	 (12002) 	S: 80 	 (9499) 	T: 158 	 (9000) 	LAP 9
1140.12 s > TEAM: 0 	F: 1 	 (11001) 	S: 2 	 (10498) 	T: 0 	 (10000) 	LAP 10
1140.24 s > TEAM: 1 	F: 159 	 (13004) 	S: 80 	 (10499) 	T: 158 	 (10000) 	LAP 10
1260.12 s > TEAM: 0 	F: 1 	 (12002) 	S: 2 	 (11498) 	T: 0 	 (11000) 	LAP 11
1260.24 s > TEAM: 1 	F: 159 	 (15004) 	S: 80 	 (11998) 	T: 158 	 (11000) 	LAP 11
1380.12 s > TEAM: 0 	F: 1 	 (13497) 	S: 2 	 (12996) 	T: 0 	 (12000) 	LAP 12
1380.48 s > TEAM: 1 	F: 159 	 (16000) 	S: 80 	 (13002) 	T: 81 	 (12000) 	LAP 12
1440.48 s > TEAM: 1 	F: 159 	 (16000) 	S: 80 	 (14002) 	T: 81 	 (13000) 	LAP 13
1500.12 s > TEAM: 0 	F: 1 	 (14497) 	S: 2 	 (13998) 	T: 0 	 (13000) 	LAP 13
1500.48 s > TEAM: 1 	F: 159 	 (16000) 	S: 80 	 (15001) 	T: 81 	 (14000) 	LAP 14
1620.12 s > TEAM: 0 	F: 1 	 (15497) 	S: 2 	 (14998) 	T: 0 	 (14000) 	LAP 14
1620.42 s > TEAM: 1 	F: 80 	 (16000) 	S: 159 	 (16000) 	T: 81 	 (15000) 	LAP 15
1680.42 s > TEAM: 1 	F: 80 	 (16000) 	S: 81 	 (16000) 	T: 159 	 (16000) 	LAP 16
1740.12 s > TEAM: 0 	F: 1 	 (16000) 	S: 2 	 (15998) 	T: 0 	 (15000) 	LAP 15
1860.12 s > TEAM: 0 	F: 0 	 (16000) 	S: 1 	 (16000) 	T: 2 	 (16000) 	LAP 16
Broken Team 0: 4 (2), 5 (4), 9 (10), 11 (8), 12 (10), 17 (6), 21 (2), 30 (9), 37 (5), 42 (8), 43 (14), 44 (1), 53 (5), 62 (10), 64 (7), 67 (13), 75 (5), 
Broken Team 1: 83 (4), 85 (1), 89 (6), 91 (8), 93 (6), 96 (14), 97 (13), 100 (15), 108 (8), 112 (15), 115 (0), 118 (5), 120 (2), 123 (6), 134 (14), 145 (13), 147 (1), 152 (7), 156 (2), 157 (0), 158 (11), 
Finishing order: 159 (1320.03), 80 (1620.39), 1 (1680.45), 81 (1680.45), 2 (1740.39), 82 (1800.63), 0 (1860.15), 3 (1860.63), 7 (1920.75), 6 (1920.87), 84 (1920.87), 8 (1920.99), 124 (1920.99), 10 (1921.23), 122 (1921.23), 13 (1921.47), 86 (1921.59), 14 (1921.71), 87 (1921.71), 121 (1921.83), 15 (1921.95), 88 (1921.95), 18 (1922.07), 155 (1922.07), 16 (1922.19), 19 (1922.31), 90 (1922.31), 20 (1922.43), 92 (1922.55), 22 (1922.67), 23 (1922.79), 94 (1922.79), 25 (1922.91), 95 (1922.91), 24 (1923.03), 26 (1923.15), 27 (1923.27), 99 (1923.27), 28 (1923.39), 98 (1923.39), 29 (1923.51), 101 (1923.63), 31 (1923.75), 103 (1923.75), 33 (1923.87), 102 (1923.87), 34 (1923.99), 104 (1923.99), 35 (1924.11), 105 (1924.11), 32 (1924.23), 106 (1924.23), 38 (1924.35), 107 (1924.35), 39 (1924.47), 40 (1924.59), 109 (1924.59), 110 (1924.71), 41 (1924.83), 111 (1924.83), 153 (1925.07), 45 (1925.19), 113 (1925.19), 46 (1925.43), 114 (1925.43), 47 (1925.55), 116 (1925.55), 48 (1925.67), 117 (1925.67), 49 (1925.79), 50 (1925.91), 119 (1925.91), 51 (1926.03), 36 (1926.15), 125 (1926.15), 126 (1926.27), 52 (1926.39), 127 (1926.39), 54 (1926.51), 128 (1926.51), 55 (1926.63), 129 (1926.63), 56 (1926.75), 130 (1926.75), 57 (1926.87), 154 (1926.87), 58 (1926.99), 151 (1926.99), 59 (1927.11), 131 (1927.11), 61 (1927.23), 132 (1927.23), 133 (1927.35), 63 (1927.47), 137 (1927.59), 65 (1927.71), 135 (1927.71), 60 (1927.83), 66 (1927.95), 136 (1927.95), 138 (1928.07), 68 (1928.19), 139 (1928.19), 72 (1928.31), 150 (1928.31), 73 (1928.43), 140 (1928.43), 74 (1928.55), 141 (1928.55), 142 (1928.67), 69 (1928.79), 143 (1928.79), 76 (1928.91), 144 (1928.91), 77 (1929.03), 71 (1929.15), 146 (1929.15), 70 (1929.27), 148 (1929.27), 78 (1929.39), 149 (1929.39), 79 (1929.51), 
Result: TEAM 1 WIN*
