Mode: RANDOM
120.24 s > TEAM: 0 	F: 0 	 (1004) 	S: 2 	 (1002) 	T: 4 	 (1000) 	LAP 1
120.24 s > TEAM: 1 	F: 159 	 (1002) 	S: 157 	 (1001) 	T: 156 	 (1000) 	LAP 1
180.24 s > TEAM: 0 	F: 0 	 (2002) 	S: 2 	 (2001) 	T: 4 	 (2000) 	LAP 2
240.24 s > TEAM: 1 	F: 159 	 (2004) 	S: 157 	 (2001) 	T: 156 	 (2000) 	LAP 2
300.00 s > TEAM: 0 	F: 2 	 (3499) 	S: 4 	 (3249) 	T: 0 	 (3000) 	LAP 3
360.24 s > TEAM: 1 	F: 159 	 (4002) 	S: 157 	 (3001) 	T: 156 	 (3000) 	LAP 3
420.00 s > TEAM: 0 	F: 2 	 (4749) 	S: 4 	 (4249) 	T: 0 	 (4000) 	LAP 4
480.24 s > TEAM: 1 	F: 159 	 (5004) 	S: 157 	 (4001) 	T: 156 	 (4000) 	LAP 4
540.00 s > TEAM: 0 	F: 2 	 (5749) 	S: 4 	 (5249) 	T: 0 	 (5000) 	LAP 5
600.24 s > TEAM: 1 	F: 159 	 (7002) 	S: 157 	 (5001) 	T: 156 	 (5000) 	LAP 5
660.00 s > TEAM: 0 	F: 2 	 (6749) 	S: 4 	 (6249) 	T: 0 	 (6000) 	LAP 6
720.24 s > TEAM: 1 	F: 159 	 (8004) 	S: 157 	 (6001) 	T: 156 	 (6000) 	LAP 6
780.00 s > TEAM: 0 	F: 2 	 (8249) 	S: 4 	 (7249) 	T: 0 	 (7000) 	LAP 7
840.24 s > TEAM: 1 	F: 159 	 (10004) 	S: 157 	 (7001) 	T: 156 	 (7000) 	LAP 7
900.00 s > TEAM: 0 	F: 2 	 (9249) 	S: 4 	 (8249) 	T: 0 	 (8000) 	LAP 8
960.24 s > TEAM: 1 	F: 159 	 (11250) 	S: 157 	 (8001) 	T: 156 	 (8000) 	LAP 8
1020.00 s > TEAM: 0 	F: 2 	 (10249) 	S: 4 	 (9249) 	T: 0 	 (9000) 	LAP 9
1080.24 s > TEAM: 1 	F: 159 	 (12250) 	S: 157 	 (9001) 	T: 156 	 (9000) 	LAP 9
1140.00 s > TEAM: 0 	F: 2 	 (11499) 	S: 4 	 (10498) 	T: 0 	 (10000) 	LAP 10
1200.00 s > TEAM: 0 	F: 2 	 (12249) 	S: 4 	 (11498) 	T: 0 	 (11000) 	LAP 11
1200.24 s > TEAM: 1 	F: 159 	 (13501) 	S: 157 	 (10002) 	T: 156 	 (10000) 	LAP 10
1320.00 s > TEAM: 0 	F: 2 	 (13499) 	S: 4 	 (12749) 	T: 0 	 (12000) 	LAP 12
1320.24 s > TEAM: 1 	F: 159 	 (14750) 	S: 157 	 (12002) 	T: 156 	 (11000) 	LAP 11
1440.00 s > TEAM: 0 	F: 2 	 (14749) 	S: 4 	 (13749) 	T: 0 	 (13000) 	LAP 13
1440.24 s > TEAM: 1 	F: 159 	 (16000) 	S: 157 	 (13250) 	T: 156 	 (12000) 	LAP 12
1560.00 s > TEAM: 0 	F: 2 	 (15749) 	S: 4 	 (14749) 	T: 0 	 (14000) 	LAP 14
1560.24 s > TEAM: 1 	F: 159 	 (16000) 	S: 157 	 (14250) 	T: 156 	 (13000) 	LAP 13
1680.00 s > TEAM: 0 	F: 2 	 (16000) 	S: 4 	 (16000) 	T: 0 	 (15000) 	LAP 15
1680.24 s > TEAM: 1 	F: 157 	 (16000) 	S: 159 	 (16000) 	T: 156 	 (14000) 	LAP 14
1740.24 s > TEAM: 1 	F: 157 	 (16000) 	S: 159 	 (16000) 	T: 156 	 (15000) 	LAP 15
1800.00 s > TEAM: 0 	F: 0 	 (16000) 	S: 2 	 (16000) 	T: 4 	 (16000) 	LAP 16
1860.24 s > TEAM: 1 	F: 156 	 (16000) 	S: 157 	 (16000) 	T: 159 	 (16000) 	LAP 16
Broken Team 0: 5 (8), 6 (13), 8 (12), 12 (1), 13 (0), 18 (3), 19 (14), 25 (8), 42 (0), 46 (1), 49 (5), 51 (11), 54 (11), 57 (7), 60 (13), 77 (10), 79 (5), 
Broken Team 1: 82 (13), 84 (7), 87 (1), 90 (13), 95 (7), 99 (7), 100 (8), 101 (1), 106 (6), 109 (6), 110 (10), 111 (14), 116 (2), 121 (2), 124 (14), 126 (1), 134 (7), 143 (8), 147 (3), 149 (12), 151 (9), 152 (8), 154 (7), 
Finishing order: 159 (1410.27), 2 (1590.09), 4 (1650.21), 157 (1680.15), 0 (1800.03), 156 (1860.27), 3 (1860.63), 80 (1920.39), 81 (1920.51), 7 (1920.75), 83 (1920.75), 1 (1920.99), 85 (1920.99), 9 (1921.11), 141 (1921.11), 10 (1921.23), 86 (1921.23), 11 (1921.35), 88 (1921.47), 14 (1921.59), 89 (1921.59), 15 (1921.83), 91 (1921.83), 16 (1921.95), 92 (1921.95), 17 (1922.07), 93 (1922.07), 94 (1922.19), 138 (1922.31), 20 (1922.43), 21 (1922.55), 158 (1922.55), 22 (1922.67), 96 (1922.67), 23 (1922.79), 97 (1922.79), 24 (1922.91), 26 (1923.15), 27 (1923.27), 98 (1923.27), 28 (1923.39), 102 (1923.39), 29 (1923.51), 104 (1923.51), 30 (1923.63), 103 (1923.63), 31 (1923.75), 155 (1923.75), 32 (1923.87), 33 (1923.99), 108 (1923.99), 35 (1924.11), 34 (1924.23), 107 (1924.23), 36 (1924.35), 55 (1924.47), 113 (1924.47), 37 (1924.59), 39 (1924.71), 140 (1924.71), 38 (1924.83), 41 (1924.95), 114 (1924.95), 40 (1925.07), 120 (1925.07), 43 (1925.31), 122 (1925.31), 45 (1925.43), 117 (1925.43), 48 (1925.55), 119 (1925.55), 47 (1925.67), 112 (1925.67), 44 (1925.79), 118 (1925.79), 125 (1925.91), 123 (1926.15), 59 (1926.27), 56 (1926.39), 115 (1926.39), 62 (1926.51), 127 (1926.51), 58 (1926.63), 129 (1926.63), 128 (1926.75), 53 (1926.87), 131 (1926.87), 66 (1926.99), 133 (1926.99), 64 (1927.11), 130 (1927.11), 61 (1927.23), 63 (1927.35), 136 (1927.35), 68 (1927.47), 139 (1927.47), 69 (1927.59), 135 (1927.59), 67 (1927.71), 137 (1927.71), 71 (1927.83), 144 (1927.83), 73 (1927.95), 142 (1927.95), 72 (1928.07), 132 (1928.07), 74 (1928.19), 145 (1928.19), 70 (1928.55), 146 (1928.55), 78 (1928.67), 76 (1928.79), 150 (1928.79), 65 (1929.03), 148 (1929.03), 75 (1929.15), 105 (1929.27), 52 (1929.39), 153 (1929.39), 50 (1929.51), 
Result: TEAM 0 WIN*
