Mode: RANDOM
120.24 s > TEAM: 0 	F: 0 	 (1002) 	S: 4 	 (1001) 	T: 1 	 (1000) 	LAP 1
120.24 s > TEAM: 1 	F: 159 	 (1004) 	S: 80 	 (1002) 	T: 81 	 (1000) 	LAP 1
180.24 s > TEAM: 1 	F: 159 	 (2002) 	S: 80 	 (2001) 	T: 81 	 (2000) 	LAP 2
240.24 s > TEAM: 0 	F: 0 	 (2004) 	S: 4 	 (2001) 	T: 1 	 (2000) 	LAP 2
300.24 s > TEAM: 1 	F: 159 	 (3004) 	S: 80 	 (3001) 	T: 81 	 (3000) 	LAP 3
360.24 s > TEAM: 0 	F: 0 	 (3999) 	S: 4 	 (3002) 	T: 1 	 (3000) 	LAP 3
420.24 s > TEAM: 0 	F: 0 	 (4499) 	S: 4 	 (4001) 	T: 1 	 (4000) 	LAP 4
420.24 s > TEAM: 1 	F: 159 	 (4998) 	S: 80 	 (4002) 	T: 81 	 (4000) 	LAP 4
540.12 s > TEAM: 0 	F: 1 	 (5497) 	S: 0 	 (5090) 	T: 4 	 (5000) 	LAP 5
540.24 s > TEAM: 1 	F: 159 	 (6498) 	S: 80 	 (5501) 	T: 81 	 (5000) 	LAP 5
660.24 s > TEAM: 1 	F: 159 	 (6765) 	S: 80 	 (6501) 	T: 81 	 (6000) 	LAP 6
720.36 s > TEAM: 0 	F: 1 	 (7499) 	S: 4 	 (6502) 	T: 5 	 (6000) 	LAP 6
840.48 s > TEAM: 0 	F: 1 	 (8395) 	S: 4 	 (7503) 	T: 3 	 (7000) 	LAP 7
840.48 s > TEAM: 1 	F: 80 	 (8006) 	S: 81 	 (7502) 	T: 83 	 (7000) 	LAP 7
960.48 s > TEAM: 0 	F: 4 	 (9003) 	S: 1 	 (8395) 	T: 3 	 (8000) 	LAP 8
960.48 s > TEAM: 1 	F: 80 	 (9503) 	S: 81 	 (8502) 	T: 83 	 (8000) 	LAP 8
1080.48 s > TEAM: 1 	F: 80 	 (11006) 	S: 81 	 (10004) 	T: 83 	 (9000) 	LAP 9
1080.60 s > TEAM: 0 	F: 4 	 (10004) 	S: 3 	 (9001) 	T: 6 	 (9000) 	LAP 9
1200.48 s > TEAM: 1 	F: 80 	 (12503) 	S: 81 	 (12002) 	T: 83 	 (10000) 	LAP 10
1200.60 s > TEAM: 0 	F: 4 	 (10178) 	S: 3 	 (10001) 	T: 6 	 (10000) 	LAP 10
1320.48 s > TEAM: 1 	F: 80 	 (13503) 	S: 81 	 (13002) 	T: 83 	 (11000) 	LAP 11
1320.72 s > TEAM: 0 	F: 3 	 (11004) 	S: 6 	 (11001) 	T: 7 	 (11000) 	LAP 11
1440.48 s > TEAM: 1 	F: 81 	 (14004) 	S: 80 	 (13939) 	T: 83 	 (12000) 	LAP 12
1440.72 s > TEAM: 0 	F: 3 	 (13004) 	S: 6 	 (12001) 	T: 7 	 (12000) 	LAP 12
1500.48 s > TEAM: 1 	F: 81 	 (15002) 	S: 80 	 (13939) 	T: 83 	 (13000) 	LAP 13
1560.72 s > TEAM: 0 	F: 3 	 (14999) 	S: 6 	 (13001) 	T: 7 	 (13000) 	LAP 13
1620.72 s > TEAM: 1 	F: 81 	 (16000) 	S: 83 	 (14004) 	T: 85 	 (14000) 	LAP 14
1680.72 s > TEAM: 0 	F: 3 	 (15999) 	S: 6 	 (14001) 	T: 7 	 (14000) 	LAP 14
1680.72 s > TEAM: 1 	F: 81 	 (16000) 	S: 83 	 (15004) 	T: 85 	 (15000) 	LAP 15
1800.72 s > TEAM: 0 	F: 3 	 (16000) 	S: 6 	 (15001) 	T: 7 	 (15000) 	LAP 15
1800.72 s > TEAM: 1 	F: 81 	 (16000) 	S: 83 	 (16000) 	T: 85 	 (16000) 	LAP 16
1920.72 s > TEAM: 0 	F: 3 	 (16000) 	S: 6 	 (16000) 	T: 7 	 (16000) 	LAP 16
Broken Team 0: 0 (5), 1 (8), 4 (10), 5 (6), 17 (7), 18 (1), 29 (8), 31 (0), 33 (12), 34 (14), 37 (11), 40 (8), 41 (12), 48 (3), 52 (5), 54 (9), 55 (3), 56 (0), 58 (9), 60 (14), 61 (12), 62 (6), 63 (0), 68 (6), 69 (6), 77 (5), 
Broken Team 1: 80 (13), 82 (3), 84 (3), 86 (7), 88 (15), 89 (4), 90 (2), 93 (11), 94 (1), 95 (8), 97 (6), 102 (14), 104 (8), 106 (2), 107 (14), 108 (15), 109 (14), 114 (12), 122 (10), 124 (12), 130 (6), 134 (11), 141 (5), 145 (9), 150 (4), 152 (5), 154 (2), 157 (8), 159 (6), 
Finishing order: 81 (1620.27), 3 (1680.87), 83 (1740.51), 85 (1800.75), 139 (1860.99), 6 (1920.63), 7 (1920.75), 8 (1920.87), 9 (1920.99), 10 (1921.11), 87 (1921.11), 2 (1921.23), 11 (1921.35), 12 (1921.47), 14 (1921.59), 13 (1921.71), 15 (1921.83), 16 (1921.95), 91 (1921.95), 92 (1922.07), 19 (1922.31), 22 (1922.43), 96 (1922.43), 20 (1922.55), 21 (1922.67), 98 (1922.67), 23 (1922.79), 99 (1922.79), 26 (1922.91), 100 (1922.91), 25 (1923.03), 101 (1923.03), 27 (1923.15), 28 (1923.27), 105 (1923.27), 30 (1923.39), 103 (1923.51), 110 (1923.63), 32 (1923.75), 111 (1923.75), 112 (1923.87), 24 (1923.99), 35 (1924.11), 113 (1924.11), 36 (1924.23), 115 (1924.23), 116 (1924.35), 38 (1924.47), 117 (1924.47), 39 (1924.59), 118 (1924.59), 120 (1924.71), 119 (1924.83), 42 (1925.07), 121 (1925.07), 43 (1925.19), 123 (1925.19), 46 (1925.31), 44 (1925.43), 125 (1925.43), 47 (1925.55), 126 (1925.55), 50 (1925.67), 127 (1925.67), 49 (1925.79), 128 (1925.79), 45 (1925.91), 129 (1925.91), 51 (1926.15), 131 (1926.15), 132 (1926.27), 133 (1926.39), 57 (1926.51), 135 (1926.63), 158 (1926.75), 59 (1926.87), 136 (1926.87), 138 (1927.11), 142 (1927.23), 65 (1927.35), 143 (1927.35), 144 (1927.47), 64 (1927.59), 146 (1927.59), 67 (1927.71), 147 (1927.71), 66 (1927.83), 148 (1928.07), 73 (1928.19), 149 (1928.31), 70 (1928.43), 151 (1928.43), 74 (1928.55), 75 (1928.67), 153 (1928.67), 71 (1928.91), 155 (1928.91), 76 (1929.03), 156 (1929.03), 78 (1929.15), 79 (1929.27), 137 (1929.27), 72 (1929.39), 53 (1929.51), 140 (1929.51), 
Result: TEAM 1 WIN*
