Mode: RANDOM
120.24 s > TEAM: 0 	F: 0 	 (1002) 	S: 1 	 (1001) 	T: 2 	 (1000) 	LAP 1
120.24 s > TEAM: 1 	F: 159 	 (1002) 	S: 158 	 (1001) 	T: 155 	 (1000) 	LAP 1
240.24 s > TEAM: 0 	F: 0 	 (2004) 	S: 1 	 (2001) 	T: 2 	 (2000) 	LAP 2
240.36 s > TEAM: 1 	F: 158 	 (2002) 	S: 155 	 (2001) 	T: 156 	 (2000) 	LAP 2
360.24 s > TEAM: 0 	F: 0 	 (4002) 	S: 1 	 (3001) 	T: 2 	 (3000) 	LAP 3
360.36 s > TEAM: 1 	F: 158 	 (3002) 	S: 155 	 (3001) 	T: 156 	 (3000) 	LAP 3
480.24 s > TEAM: 0 	F: 0 	 (5002) 	S: 1 	 (4001) 	T: 2 	 (4000) 	LAP 4
480.36 s > TEAM: 1 	F: 158 	 (4002) 	S: 155 	 (4001) 	T: 156 	 (4000) 	LAP 4
600.24 s > TEAM: 0 	F: 0 	 (6004) 	S: 1 	 (5002) 	T: 2 	 (5000) 	LAP 5
600.36 s > TEAM: 1 	F: 158 	 (5004) 	S: 155 	 (5001) 	T: 156 	 (5000) 	LAP 5
720.24 s > TEAM: 0 	F: 0 	 (8002) 	S: 1 	 (6501) 	T: 2 	 (6000) 	LAP 6
720.36 s > TEAM: 1 	F: 158 	 (6502) 	S: 155 	 (6001) 	T: 156 	 (6000) 	LAP 6
840.24 s > TEAM: 0 	F: 0 	 (9004) 	S: 1 	 (7501) 	T: 2 	 (7000) 	LAP 7
840.36 s > TEAM: 1 	F: 158 	 (7502) 	S: 155 	 (7001) 	T: 156 	 (7000) 	LAP 7
960.24 s > TEAM: 0 	F: 0 	 (10502) 	S: 1 	 (8501) 	T: 2 	 (8000) 	LAP 8
960.36 s > TEAM: 1 	F: 158 	 (8502) 	S: 155 	 (8001) 	T: 156 	 (8000) 	LAP 8
1080.24 s > TEAM: 0 	F: 0 	 (11502) 	S: 1 	 (9501) 	T: 2 	 (9000) 	LAP 9
1080.36 s > TEAM: 1 	F: 158 	 (10002) 	S: 155 	 (9001) 	T: 156 	 (9000) 	LAP 9
1200.24 s > TEAM: 0 	F: 0 	 (12502) 	S: 1 	 (10501) 	T: 2 	 (10000) 	LAP 10
1200.36 s > TEAM: 1 	F: 158 	 (11002) 	S: 155 	 (10001) 	T: 156 	 (10000) 	LAP 10
1320.24 s > TEAM: 0 	F: 0 	 (14004) 	S: 1 	 (11501) 	T: 2 	 (11000) 	LAP 11
1320.36 s > TEAM: 1 	F: 158 	 (12004) 	S: 155 	 (11001) 	T: 156 	 (11000) 	LAP 11
1440.24 s > TEAM: 0 	F: 0 	 (16000) 	S: 1 	 (13001) 	T: 2 	 (12000) 	LAP 12
1440.36 s > TEAM: 1 	F: 158 	 (14004) 	S: 155 	 (12002) 	T: 156 	 (12000) 	LAP 12
1560.24 s > TEAM: 0 	F: 0 	 (16000) 	S: 1 	 (14001) 	T: 2 	 (13000) 	LAP 13
1560.36 s > TEAM: 1 	F: 158 	 (15502) 	S: 155 	 (13501) 	T: 156 	 (13000) 	LAP 13
1680.24 s > TEAM: 0 	F: 0 	 (16000) 	S: 1 	 (15001) 	T: 2 	 (14000) 	LAP 14
1680.36 s > TEAM: 1 	F: 158 	 (16000) 	S: 155 	 (14501) 	T: 156 	 (14000) 	LAP 14
1800.24 s > TEAM: 0 	F: 0 	 (16000) 	S: 1 	 (16000) 	T: 2 	 (15000) 	LAP 15
1800.36 s > TEAM: 1 	F: 155 	 (16000) 	S: 158 	 (16000) 	T: 156 	 (15000) 	LAP 15
1920.24 s > TEAM: 0 	F: 0 	 (16000) 	S: 1 	 (16000) 	T: 2 	 (16000) 	LAP 16
1920.36 s > TEAM: 1 	F: 155 	 (16000) 	S: 156 	 (16000) 	T: 158 	 (16000) 	LAP 16
Broken Team 0: 19 (9), 22 (14), 24 (11), 30 (10), 33 (12), 37 (0), 43 (13), 45 (4), 49 (13), 50 (7), 52 (14), 54 (11), 59 (4), 60 (0), 62 (0), 66 (9), 79 (14), 
Broken Team 1: 80 (8), 82 (8), 83 (1), 87 (9), 90 (7), 91 (3), 95 (6), 96 (1), 98 (2), 102 (13), 106 (5), 107 (0), 110 (10), 112 (7), 114 (6), 117 (0), 118 (11), 119 (4), 121 (10), 132 (0), 134 (13), 139 (2), 143 (0), 145 (4), 146 (8), 148 (13), 150 (2), 153 (8), 154 (9), 157 (0), 159 (1), 
Finishing order: 0 (1440.03), 158 (1620.15), 1 (1800.15), 155 (1800.21), 2 (1920.27), 3 (1920.39), 156 (1920.39), 4 (1920.51), 5 (1920.63), 6 (1920.75), 81 (1920.75), 7 (1920.87), 8 (1920.99), 9 (1921.11), 84 (1921.11), 10 (1921.23), 85 (1921.23), 11 (1921.47), 88 (1921.47), 12 (1921.59), 86 (1921.59), 13 (1921.71), 14 (1921.83), 89 (1921.83), 15 (1921.95), 111 (1921.95), 16 (1922.07), 17 (1922.19), 92 (1922.19), 18 (1922.43), 113 (1922.43), 20 (1922.55), 21 (1922.67), 93 (1922.67), 94 (1922.79), 23 (1922.91), 25 (1923.15), 97 (1923.15), 26 (1923.27), 27 (1923.39), 99 (1923.39), 28 (1923.51), 100 (1923.51), 101 (1923.63), 31 (1923.75), 32 (1923.87), 29 (1923.99), 104 (1923.99), 136 (1924.11), 34 (1924.23), 35 (1924.35), 103 (1924.35), 36 (1924.47), 105 (1924.47), 38 (1924.71), 108 (1924.71), 39 (1924.83), 109 (1924.83), 41 (1924.95), 115 (1925.07), 46 (1925.19), 116 (1925.19), 48 (1925.31), 47 (1925.55), 120 (1925.67), 51 (1925.79), 42 (1925.91), 122 (1925.91), 123 (1926.03), 53 (1926.15), 125 (1926.15), 55 (1926.27), 126 (1926.27), 56 (1926.39), 130 (1926.39), 57 (1926.51), 127 (1926.51), 61 (1926.63), 133 (1926.75), 131 (1926.87), 58 (1926.99), 64 (1927.11), 65 (1927.23), 140 (1927.23), 141 (1927.35), 69 (1927.47), 142 (1927.47), 67 (1927.59), 144 (1927.59), 70 (1927.71), 71 (1927.83), 72 (1927.95), 68 (1928.07), 147 (1928.07), 73 (1928.19), 149 (1928.19), 74 (1928.31), 78 (1928.43), 151 (1928.43), 75 (1928.55), 152 (1928.67), 124 (1928.79), 63 (1928.91), 137 (1928.91), 40 (1929.03), 44 (1929.15), 138 (1929.15), 76 (1929.27), 135 (1929.27), 77 (1929.39), 128 (1929.39), 129 (1929.51), 
Result: TEAM 0 WIN
