Mode: RANDOM
120.24 s > TEAM: 0 	F: 1 	 (1002) 	S: 0 	 (1001) 	T: 3 	 (1000) 	LAP 1
120.24 s > TEAM: 1 	F: 159 	 (1002) 	S: 156 	 (1001) 	T: 155 	 (1000) 	LAP 1
240.24 s > TEAM: 0 	F: 1 	 (2002) 	S: 0 	 (2001) 	T: 3 	 (2000) 	LAP 2
240.24 s > TEAM: 1 	F: 159 	 (2004) 	S: 156 	 (2001) 	T: 155 	 (2000) 	LAP 2
360.24 s > TEAM: 0 	F: 1 	 (3004) 	S: 0 	 (3002) 	T: 3 	 (3000) 	LAP 3
360.24 s > TEAM: 1 	F: 159 	 (4004) 	S: 156 	 (3002) 	T: 155 	 (3000) 	LAP 3
420.24 s > TEAM: 0 	F: 1 	 (4004) 	S: 0 	 (4001) 	T: 3 	 (4000) 	LAP 4
420.24 s > TEAM: 1 	F: 159 	 (5004) 	S: 156 	 (4001) 	T: 155 	 (4000) 	LAP 4
540.12 s > TEAM: 1 	F: 159 	 (7001) 	S: 154 	 (5996) 	T: 156 	 (5000) 	LAP 5
540.24 s > TEAM: 0 	F: 1 	 (6004) 	S: 0 	 (5001) 	T: 3 	 (5000) 	LAP 5
660.12 s > TEAM: 1 	F: 159 	 (8001) 	S: 154 	 (6998) 	T: 156 	 (6000) 	LAP 6
660.24 s > TEAM: 0 	F: 1 	 (7502) 	S: 0 	 (6001) 	T: 3 	 (6000) 	LAP 6
780.12 s > TEAM: 1 	F: 159 	 (9002) 	S: 154 	 (7998) 	T: 156 	 (7000) 	LAP 7
780.24 s > TEAM: 0 	F: 1 	 (9004) 	S: 0 	 (7002) 	T: 3 	 (7000) 	LAP 7
900.12 s > TEAM: 1 	F: 159 	 (10999) 	S: 154 	 (9498) 	T: 156 	 (8000) 	LAP 8
900.24 s > TEAM: 0 	F: 1 	 (10502) 	S: 0 	 (8501) 	T: 3 	 (8000) 	LAP 8
1020.12 s > TEAM: 1 	F: 159 	 (11999) 	S: 154 	 (10498) 	T: 156 	 (9000) 	LAP 9
1020.24 s > TEAM: 0 	F: 1 	 (11502) 	S: 0 	 (9501) 	T: 3 	 (9000) 	LAP 9
1140.12 s > TEAM: 1 	F: 159 	 (12999) 	S: 154 	 (11498) 	T: 156 	 (10000) 	LAP 10
1140.24 s > TEAM: 0 	F: 1 	 (12502) 	S: 0 	 (10501) 	T: 3 	 (10000) 	LAP 10
1260.12 s > TEAM: 1 	F: 159 	 (13999) 	S: 154 	 (12498) 	T: 156 	 (11000) 	LAP 11
1260.24 s > TEAM: 0 	F: 1 	 (13603) 	S: 0 	 (11501) 	T: 3 	 (11000) 	LAP 11
1380.12 s > TEAM: 1 	F: 159 	 (14999) 	S: 154 	 (13498) 	T: 156 	 (12000) 	LAP 12
1380.24 s > TEAM: 0 	F: 1 	 (13603) 	S: 0 	 (13002) 	T: 3 	 (12000) 	LAP 12
1440.24 s > TEAM: 0 	F: 0 	 (14001) 	S: 1 	 (13603) 	T: 3 	 (13000) 	LAP 13
1500.12 s > TEAM: 1 	F: 159 	 (15126) 	S: 154 	 (14996) 	T: 156 	 (13000) 	LAP 13
1620.12 s > TEAM: 1 	F: 154 	 (15998) 	S: 159 	 (15126) 	T: 156 	 (14000) 	LAP 14
1680.48 s > TEAM: 0 	F: 0 	 (16000) 	S: 3 	 (15002) 	T: 5 	 (14000) 	LAP 14
1740.12 s > TEAM: 1 	F: 154 	 (16000) 	S: 159 	 (15126) 	T: 156 	 (15000) 	LAP 15
1800.48 s > TEAM: 0 	F: 0 	 (16000) 	S: 3 	 (16000) 	T: 5 	 (15000) 	LAP 15
1860.24 s > TEAM: 1 	F: 154 	 (16000) 	S: 155 	 (16000) 	T: 156 	 (16000) 	LAP 16
1920.48 s > TEAM: 0 	F: 0 	 (16000) 	S: 3 	 (16000) 	T: 5 	 (16000) 	LAP 16
Broken Team 0: 1 (13), 2 (3), 4 (2), 7 (13), 14 (13), 17 (6), 18 (9), 21 (15), 24 (7), 25 (5), 26 (10), 29 (12), 31 (8), 32 (15), 38 (2), 40 (5), 44 (6), 46 (1), 48 (2), 49 (13), 50 (13), 53 (11), 55 (3), 57 (0), 59 (15), 63 (9), 67 (0), 69 (15), 72 (1), 74 (2), 75 (5), 76 (4), 77 (1), 78 (9), 
Broken Team 1: 83 (15), 84 (3), 88 (4), 91 (14), 92 (15), 93 (8), 96 (2), 97 (12), 106 (0), 107 (15), 108 (8), 111 (2), 112 (0), 116 (11), 117 (11), 119 (4), 120 (7), 122 (11), 123 (11), 127 (2), 129 (12), 132 (14), 134 (7), 141 (5), 142 (0), 144 (7), 150 (6), 153 (2), 159 (15), 
Finishing order: 154 (1620.39), 0 (1680.15), 3 (1800.21), 156 (1860.15), 155 (1860.27), 5 (1920.51), 151 (1920.51), 157 (1920.63), 6 (1920.75), 158 (1920.75), 8 (1920.87), 80 (1920.87), 10 (1920.99), 81 (1920.99), 9 (1921.11), 82 (1921.11), 11 (1921.23), 152 (1921.23), 12 (1921.47), 85 (1921.47), 13 (1921.59), 15 (1921.71), 86 (1921.71), 149 (1922.07), 19 (1922.19), 148 (1922.19), 20 (1922.31), 147 (1922.31), 145 (1922.43), 87 (1922.55), 23 (1922.67), 89 (1922.79), 22 (1922.91), 90 (1922.91), 30 (1923.15), 28 (1923.39), 94 (1923.39), 95 (1923.51), 16 (1923.63), 146 (1923.63), 47 (1923.99), 98 (1923.99), 62 (1924.11), 143 (1924.23), 58 (1924.35), 60 (1924.47), 99 (1924.47), 61 (1924.59), 100 (1924.59), 33 (1924.71), 101 (1924.71), 35 (1924.83), 102 (1924.83), 36 (1924.95), 103 (1924.95), 37 (1925.07), 104 (1925.07), 39 (1925.19), 105 (1925.19), 41 (1925.55), 42 (1925.67), 43 (1925.79), 121 (1925.79), 45 (1925.91), 110 (1926.15), 51 (1926.27), 118 (1926.39), 52 (1926.51), 115 (1926.51), 109 (1926.63), 113 (1926.75), 56 (1926.99), 114 (1927.11), 64 (1927.35), 54 (1927.47), 65 (1927.59), 124 (1927.59), 68 (1927.71), 126 (1927.83), 70 (1927.95), 128 (1927.95), 66 (1928.07), 131 (1928.07), 34 (1928.19), 130 (1928.19), 133 (1928.31), 73 (1928.43), 137 (1928.43), 138 (1928.55), 125 (1928.67), 139 (1928.79), 140 (1928.91), 71 (1929.03), 135 (1929.27), 79 (1929.39), 27 (1929.51), 136 (1929.51), 
Result: TEAM 1 WIN*
