Mode: RANDOM
120.24 s > TEAM: 0 	F: 2 	 (1002) 	S: 1 	 (1001) 	T: 0 	 (1000) 	LAP 1
120.24 s > TEAM: 1 	F: 159 	 (1004) 	S: 158 	 (1002) 	T: 156 	 (1000) 	LAP 1
180.24 s > TEAM: 1 	F: 159 	 (2004) 	S: 158 	 (2002) 	T: 156 	 (2000) 	LAP 2
240.24 s > TEAM: 0 	F: 2 	 (2004) 	S: 1 	 (2001) 	T: 0 	 (2000) 	LAP 2
240.24 s > TEAM: 1 	F: 159 	 (3004) 	S: 158 	 (3001) 	T: 156 	 (3000) 	LAP 3
360.24 s > TEAM: 0 	F: 2 	 (4004) 	S: 1 	 (3002) 	T: 0 	 (3000) 	LAP 3
360.24 s > TEAM: 1 	F: 159 	 (4502) 	S: 158 	 (4001) 	T: 156 	 (4000) 	LAP 4
420.24 s > TEAM: 0 	F: 2 	 (5002) 	S: 1 	 (4001) 	T: 0 	 (4000) 	LAP 4
480.24 s > TEAM: 1 	F: 159 	 (5502) 	S: 158 	 (5001) 	T: 156 	 (5000) 	LAP 5
540.24 s > TEAM: 0 	F: 2 	 (6004) 	S: 1 	 (5001) 	T: 0 	 (5000) 	LAP 5
600.24 s > TEAM: 1 	F: 159 	 (6998) 	S: 158 	 (6001) 	T: 156 	 (6000) 	LAP 6
660.36 s > TEAM: 0 	F: 2 	 (7503) 	S: 0 	 (6001) 	T: 3 	 (6000) 	LAP 6
720.24 s > TEAM: 1 	F: 159 	 (7998) 	S: 158 	 (7002) 	T: 156 	 (7000) 	LAP 7
780.24 s > TEAM: 1 	F: 159 	 (8498) 	S: 158 	 (8001) 	T: 156 	 (8000) 	LAP 8
780.36 s > TEAM: 0 	F: 2 	 (8998) 	S: 0 	 (7002) 	T: 3 	 (7000) 	LAP 7
840.36 s > TEAM: 0 	F: 2 	 (9498) 	S: 0 	 (8001) 	T: 3 	 (8000) 	LAP 8
900.24 s > TEAM: 1 	F: 159 	 (9498) 	S: 158 	 (9001) 	T: 156 	 (9000) 	LAP 9
960.36 s > TEAM: 0 	F: 2 	 (10498) 	S: 0 	 (9001) 	T: 3 	 (9000) 	LAP 9
1020.24 s > TEAM: 1 	F: 159 	 (10996) 	S: 158 	 (10002) 	T: 156 	 (10000) 	LAP 10
1080.30 s > TEAM: 0 	F: 2 	 (11997) 	S: 0 	 (10001) 	T: 3 	 (10000) 	LAP 10
1140.24 s > TEAM: 1 	F: 159 	 (11998) 	S: 158 	 (11997) 	T: 156 	 (11000) 	LAP 11
1140.30 s > TEAM: 0 	F: 2 	 (12496) 	S: 0 	 (11000) 	T: 3 	 (11000) 	LAP 11
1260.24 s > TEAM: 1 	F: 159 	 (12998) 	S: 158 	 (12997) 	T: 156 	 (12000) 	LAP 12
1260.30 s > TEAM: 0 	F: 2 	 (13496) 	S: 0 	 (12000) 	T: 3 	 (12000) 	LAP 12
1380.24 s > TEAM: 1 	F: 159 	 (14498) 	S: 158 	 (14497) 	T: 156 	 (13000) 	LAP 13
1380.30 s > TEAM: 0 	F: 2 	 (14747) 	S: 0 	 (13000) 	T: 3 	 (13000) 	LAP 13
1500.24 s > TEAM: 1 	F: 159 	 (15498) 	S: 158 	 (15497) 	T: 156 	 (14000) 	LAP 14
1500.30 s > TEAM: 0 	F: 2 	 (15996) 	S: 0 	 (14001) 	T: 3 	 (14000) 	LAP 14
1620.24 s > TEAM: 1 	F: 158 	 (16000) 	S: 159 	 (16000) 	T: 156 	 (15000) 	LAP 15
1680.60 s > TEAM: 1 	F: 156 	 (16000) 	S: 158 	 (16000) 	T: 159 	 (16000) 	LAP 16
1740.48 s > TEAM: 0 	F: 2 	 (16000) 	S: 3 	 (16000) 	T: 4 	 (15000) 	LAP 15
1860.48 s > TEAM: 0 	F: 2 	 (16000) 	S: 3 	 (16000) 	T: 4 	 (16000) 	LAP 16
Broken Team 0: 0 (14), 1 (5), 6 (5), 7 (5), 8 (5), 10 (12), 11 (14), 14 (10), 24 (15), 28 (12), 30 (14), 32 (14), 38 (14), 41 (4), 43 (12), 44 (3), 50 (12), 52 (15), 55 (11), 57 (13), 62 (6), 64 (6), 65 (13), 68 (9), 69 (13), 78 (4), 79 (9), 
Broken Team 1: 80 (10), 81 (13), 86 (6), 88 (0), 92 (6), 93 (10), 94 (9), 108 (12), 109 (0), 110 (3), 119 (7), 125 (0), 126 (15), 130 (4), 131 (14), 135 (1), 138 (9), 141 (15), 142 (14), 143 (1), 144 (10), 146 (3), 150 (2), 153 (0), 
Finishing order: 2 (1500.75), 159 (1560.51), 158 (1560.63), 3 (1620.33), 156 (1680.63), 4 (1860.51), 155 (1920.39), 152 (1920.51), 5 (1920.63), 151 (1920.63), 148 (1920.75), 9 (1921.11), 147 (1921.11), 154 (1921.35), 12 (1921.47), 157 (1921.47), 13 (1921.59), 149 (1921.59), 15 (1921.83), 19 (1921.95), 82 (1921.95), 20 (1922.07), 83 (1922.07), 21 (1922.19), 84 (1922.19), 22 (1922.31), 85 (1922.31), 23 (1922.43), 87 (1922.55), 25 (1922.67), 27 (1922.79), 90 (1922.79), 26 (1922.91), 91 (1922.91), 29 (1923.15), 89 (1923.15), 16 (1923.27), 102 (1923.39), 31 (1923.51), 101 (1923.63), 33 (1923.75), 95 (1923.75), 34 (1923.87), 96 (1923.87), 35 (1923.99), 97 (1923.99), 36 (1924.11), 104 (1924.11), 37 (1924.23), 99 (1924.23), 100 (1924.35), 40 (1924.47), 98 (1924.47), 39 (1924.59), 105 (1924.59), 106 (1924.71), 42 (1924.83), 103 (1924.83), 107 (1924.95), 17 (1925.19), 45 (1925.31), 46 (1925.43), 111 (1925.43), 75 (1925.55), 112 (1925.55), 48 (1925.67), 113 (1925.67), 47 (1925.79), 114 (1925.79), 49 (1925.91), 115 (1925.91), 116 (1926.03), 117 (1926.15), 118 (1926.27), 54 (1926.39), 53 (1926.51), 121 (1926.63), 56 (1926.75), 120 (1926.75), 122 (1926.87), 58 (1926.99), 123 (1926.99), 60 (1927.11), 59 (1927.35), 127 (1927.35), 63 (1927.47), 124 (1927.47), 129 (1927.59), 66 (1927.71), 128 (1927.71), 67 (1927.95), 132 (1927.95), 133 (1928.07), 70 (1928.19), 134 (1928.31), 71 (1928.43), 137 (1928.43), 72 (1928.55), 136 (1928.55), 74 (1928.67), 76 (1928.79), 73 (1928.91), 77 (1929.03), 139 (1929.03), 140 (1929.15), 61 (1929.27), 51 (1929.39), 18 (1929.51), 145 (1929.51), 
Result: TEAM 1 WIN*
