Mode: RANDOM
120.24 s > TEAM: 0 	F: 0 	 (1004) 	S: 2 	 (1001) 	T: 3 	 (1000) 	LAP 1
120.24 s > TEAM: 1 	F: 159 	 (1002) 	S: 80 	 (1001) 	T: 81 	 (1000) 	LAP 1
240.24 s > TEAM: 0 	F: 0 	 (2502) 	S: 2 	 (2001) 	T: 3 	 (2000) 	LAP 2
240.24 s > TEAM: 1 	F: 159 	 (2004) 	S: 80 	 (2001) 	T: 81 	 (2000) 	LAP 2
360.24 s > TEAM: 0 	F: 0 	 (4004) 	S: 2 	 (3001) 	T: 3 	 (3000) 	LAP 3
360.24 s > TEAM: 1 	F: 159 	 (4002) 	S: 80 	 (3001) 	T: 81 	 (3000) 	LAP 3
480.24 s > TEAM: 0 	F: 0 	 (6002) 	S: 2 	 (4001) 	T: 3 	 (4000) 	LAP 4
480.24 s > TEAM: 1 	F: 159 	 (5002) 	S: 80 	 (4001) 	T: 81 	 (4000) 	LAP 4
600.24 s > TEAM: 0 	F: 0 	 (7002) 	S: 2 	 (5001) 	T: 3 	 (5000) 	LAP 5
600.24 s > TEAM: 1 	F: 159 	 (6002) 	S: 80 	 (5001) 	T: 81 	 (5000) 	LAP 5
720.24 s > TEAM: 0 	F: 0 	 (8004) 	S: 2 	 (6002) 	T: 3 	 (6000) 	LAP 6
720.24 s > TEAM: 1 	F: 159 	 (7002) 	S: 80 	 (6001) 	T: 81 	 (6000) 	LAP 6
780.24 s > TEAM: 0 	F: 0 	 (9004) 	S: 2 	 (7002) 	T: 3 	 (7000) 	LAP 7
840.24 s > TEAM: 1 	F: 159 	 (8002) 	S: 80 	 (7001) 	T: 81 	 (7000) 	LAP 7
900.24 s > TEAM: 0 	F: 0 	 (10502) 	S: 2 	 (8501) 	T: 3 	 (8000) 	LAP 8
960.24 s > TEAM: 1 	F: 159 	 (9002) 	S: 80 	 (8001) 	T: 81 	 (8000) 	LAP 8
1020.24 s > TEAM: 0 	F: 0 	 (11502) 	S: 2 	 (9501) 	T: 3 	 (9000) 	LAP 9
1080.36 s > TEAM: 1 	F: 159 	 (10006) 	S: 81 	 (9001) 	T: 82 	 (9000) 	LAP 9
1140.24 s > TEAM: 0 	F: 0 	 (12502) 	S: 2 	 (10501) 	T: 3 	 (10000) 	LAP 10
1200.36 s > TEAM: 1 	F: 159 	 (11503) 	S: 81 	 (10001) 	T: 82 	 (10000) 	LAP 10
1260.24 s > TEAM: 0 	F: 0 	 (13998) 	S: 2 	 (11999) 	T: 3 	 (11000) 	LAP 11
1320.36 s > TEAM: 1 	F: 159 	 (12998) 	S: 81 	 (11001) 	T: 82 	 (11000) 	LAP 11
1380.24 s > TEAM: 0 	F: 0 	 (14998) 	S: 2 	 (12999) 	T: 3 	 (12000) 	LAP 12
1440.36 s > TEAM: 1 	F: 159 	 (13998) 	S: 81 	 (12001) 	T: 82 	 (12000) 	LAP 12
1500.24 s > TEAM: 0 	F: 0 	 (15998) 	S: 2 	 (13999) 	T: 3 	 (13000) 	LAP 13
1560.36 s > TEAM: 1 	F: 159 	 (14999) 	S: 81 	 (13002) 	T: 82 	 (13000) 	LAP 13
1620.24 s > TEAM: 0 	F: 0 	 (16000) 	S: 2 	 (14999) 	T: 3 	 (14000) 	LAP 14
1680.36 s > TEAM: 1 	F: 159 	 (15999) 	S: 81 	 (14998) 	T: 82 	 (14000) 	LAP 14
1740.24 s > TEAM: 0 	F: 0 	 (16000) 	S: 2 	 (16000) 	T: 3 	 (15000) 	LAP 15
1800.24 s > TEAM: 0 	F: 0 	 (16000) 	S: 2 	 (16000) 	T: 3 	 (16000) 	LAP 16
1800.36 s > TEAM: 1 	F: 159 	 (16000) 	S: 81 	 (15998) 	T: 82 	 (15000) 	LAP 15
1920.36 s > TEAM: 1 	F: 81 	 (16000) 	S: 82 	 (16000) 	T: 159 	 (16000) 	LAP 16
Broken Team 0: 1 (11), 4 (4), 6 (13), 13 (6), 16 (11), 21 (2), 22 (8), 27 (13), 31 (6), 33 (0), 34 (7), 36 (9), 39 (9), 45 (8), 48 (6), 51 (1), 61 (3), 65 (15), 68 (11), 75 (0), 78 (4), 
Broken Team 1: 80 (8), 84 (5), 87 (5), 89 (13), 90 (10), 93 (14), 96 (2), 97 (13), 103 (0), 108 (3), 110 (12), 113 (12), 117 (8), 118 (2), 125 (13), 127 (11), 134 (14), 142 (0), 143 (9), 145 (1), 149 (0), 154 (6), 
Finishing order: 0 (1500.51), 2 (1680.39), 159 (1680.51), 3 (1800.27), 81 (1800.57), 5 (1860.75), 7 (1860.87), 82 (1920.39), 83 (1920.51), 85 (1920.75), 86 (1920.87), 8 (1920.99), 9 (1921.11), 88 (1921.11), 10 (1921.23), 11 (1921.35), 12 (1921.47), 91 (1921.47), 92 (1921.59), 14 (1921.71), 94 (1921.83), 15 (1921.95), 95 (1921.95), 17 (1922.19), 18 (1922.31), 98 (1922.31), 19 (1922.43), 99 (1922.43), 100 (1922.55), 20 (1922.67), 101 (1922.67), 102 (1922.79), 23 (1922.91), 24 (1923.03), 104 (1923.03), 26 (1923.15), 105 (1923.15), 25 (1923.27), 106 (1923.27), 107 (1923.39), 28 (1923.51), 29 (1923.63), 109 (1923.63), 30 (1923.75), 111 (1923.87), 35 (1923.99), 112 (1923.99), 32 (1924.11), 114 (1924.23), 37 (1924.35), 115 (1924.35), 38 (1924.47), 116 (1924.47), 40 (1924.59), 41 (1924.83), 119 (1924.83), 42 (1924.95), 120 (1924.95), 43 (1925.07), 121 (1925.07), 44 (1925.19), 122 (1925.19), 123 (1925.31), 46 (1925.43), 124 (1925.43), 47 (1925.55), 126 (1925.67), 49 (1925.79), 128 (1925.91), 50 (1926.03), 129 (1926.03), 52 (1926.15), 130 (1926.15), 57 (1926.27), 131 (1926.27), 53 (1926.39), 133 (1926.39), 55 (1926.51), 56 (1926.63), 135 (1926.63), 58 (1926.75), 132 (1926.75), 59 (1926.87), 136 (1926.87), 60 (1926.99), 137 (1926.99), 138 (1927.11), 62 (1927.23), 141 (1927.23), 63 (1927.35), 140 (1927.35), 66 (1927.47), 64 (1927.59), 139 (1927.59), 67 (1927.71), 144 (1927.71), 69 (1927.83), 146 (1927.95), 147 (1928.07), 73 (1928.19), 148 (1928.19), 72 (1928.43), 71 (1928.55), 150 (1928.55), 74 (1928.67), 151 (1928.67), 79 (1928.79), 152 (1928.79), 76 (1928.91), 153 (1928.91), 77 (1929.03), 70 (1929.15), 156 (1929.15), 157 (1929.27), 155 (1929.39), 54 (1929.51), 158 (1929.51), 
Result: TEAM 0 WIN*
