Mode: RANDOM
120.24 s > TEAM: 0 	F: 0 	 (1002) 	S: 2 	 (1001) 	T: 3 	 (1000) 	LAP 1
120.36 s > TEAM: 1 	F: 159 	 (1006) 	S: 80 	 (1002) 	T: 156 	 (1000) 	LAP 1
180.36 s > TEAM: 1 	F: 159 	 (2003) 	S: 80 	 (2002) 	T: 156 	 (2000) 	LAP 2
240.24 s > TEAM: 0 	F: 0 	 (2002) 	S: 2 	 (2001) 	T: 3 	 (2000) 	LAP 2
360.36 s > TEAM: 0 	F: 0 	 (3003) 	S: 2 	 (3002) 	T: 4 	 (3000) 	LAP 3
360.48 s > TEAM: 1 	F: 159 	 (4008) 	S: 156 	 (3503) 	T: 81 	 (3000) 	LAP 3
480.36 s > TEAM: 0 	F: 0 	 (4003) 	S: 2 	 (4002) 	T: 4 	 (4000) 	LAP 4
480.48 s > TEAM: 1 	F: 159 	 (5502) 	S: 156 	 (4503) 	T: 81 	 (4000) 	LAP 4
600.36 s > TEAM: 0 	F: 0 	 (5006) 	S: 2 	 (5002) 	T: 4 	 (5000) 	LAP 5
600.48 s > TEAM: 1 	F: 159 	 (6502) 	S: 156 	 (5502) 	T: 81 	 (5000) 	LAP 5
720.36 s > TEAM: 0 	F: 0 	 (6503) 	S: 2 	 (6002) 	T: 4 	 (6000) 	LAP 6
720.60 s > TEAM: 1 	F: 159 	 (7503) 	S: 156 	 (6503) 	T: 82 	 (6000) 	LAP 6
840.36 s > TEAM: 0 	F: 0 	 (8006) 	S: 2 	 (7004) 	T: 4 	 (7000) 	LAP 7
840.60 s > TEAM: 1 	F: 159 	 (9007) 	S: 156 	 (7503) 	T: 82 	 (7000) 	LAP 7
900.36 s > TEAM: 0 	F: 0 	 (9003) 	S: 2 	 (8002) 	T: 4 	 (8000) 	LAP 8
960.60 s > TEAM: 1 	F: 159 	 (10999) 	S: 156 	 (8503) 	T: 82 	 (8000) 	LAP 8
1020.36 s > TEAM: 0 	F: 0 	 (10006) 	S: 2 	 (9004) 	T: 4 	 (9000) 	LAP 9
1080.60 s > TEAM: 1 	F: 159 	 (11999) 	S: 156 	 (9998) 	T: 82 	 (9000) 	LAP 9
1140.36 s > TEAM: 0 	F: 0 	 (11995) 	S: 2 	 (10502) 	T: 4 	 (10000) 	LAP 10
1140.60 s > TEAM: 1 	F: 159 	 (12499) 	S: 156 	 (10498) 	T: 82 	 (10000) 	LAP 10
1201.02 s > TEAM: 1 	F: 159 	 (13003) 	S: 156 	 (11002) 	T: 82 	 (11000) 	LAP 11
1260.36 s > TEAM: 0 	F: 0 	 (12996) 	S: 2 	 (11502) 	T: 4 	 (11000) 	LAP 11
1321.14 s > TEAM: 1 	F: 159 	 (14004) 	S: 82 	 (12001) 	T: 156 	 (12000) 	LAP 12
1380.36 s > TEAM: 0 	F: 0 	 (13996) 	S: 2 	 (12502) 	T: 4 	 (12000) 	LAP 12
1500.36 s > TEAM: 0 	F: 0 	 (15494) 	S: 2 	 (13502) 	T: 4 	 (13000) 	LAP 13
1500.78 s > TEAM: 1 	F: 159 	 (16000) 	S: 82 	 (13996) 	T: 158 	 (13000) 	LAP 13
1560.78 s > TEAM: 1 	F: 159 	 (16000) 	S: 82 	 (14497) 	T: 158 	 (14000) 	LAP 14
1620.36 s > TEAM: 0 	F: 0 	 (16000) 	S: 2 	 (14502) 	T: 4 	 (14000) 	LAP 14
1621.44 s > TEAM: 1 	F: 159 	 (16000) 	S: 82 	 (15003) 	T: 158 	 (15000) 	LAP 15
1740.36 s > TEAM: 0 	F: 0 	 (16000) 	S: 2 	 (15502) 	T: 4 	 (15000) 	LAP 15
1741.44 s > TEAM: 1 	F: 82 	 (16000) 	S: 158 	 (16000) 	T: 159 	 (16000) 	LAP 16
1860.60 s > TEAM: 0 	F: 0 	 (16000) 	S: 4 	 (16000) 	T: 5 	 (16000) 	LAP 16
Broken Team 0: 1 (4), 2 (15), 3 (2), 7 (1), 8 (7), 12 (10), 16 (12), 20 (7), 22 (6), 24 (6), 26 (13), 27 (1), 31 (12), 34 (4), 41 (7), 50 (5), 53 (2), 55 (2), 59 (14), 65 (13), 66 (4), 67 (9), 71 (9), 72 (12), 75 (13), 76 (5), 
Broken Team 1: 80 (2), 81 (5), 87 (7), 88 (5), 91 (1), 94 (10), 96 (10), 101 (15), 103 (8), 104 (0), 106 (1), 109 (6), 110 (14), 113 (4), 116 (6), 120 (1), 123 (11), 125 (4), 130 (4), 131 (9), 132 (10), 136 (6), 138 (0), 139 (8), 146 (7), 148 (5), 151 (11), 155 (4), 156 (12), 157 (0), 
Finishing order: 159 (1500.69), 0 (1530.75), 82 (1741.11), 158 (1741.47), 4 (1860.39), 5 (1860.63), 83 (1860.93), 85 (1861.23), 84 (1861.29), 6 (1920.99), 9 (1921.11), 10 (1921.23), 86 (1921.23), 11 (1921.35), 13 (1921.47), 154 (1921.47), 14 (1921.59), 153 (1921.59), 15 (1921.71), 17 (1921.95), 152 (1921.95), 18 (1922.07), 89 (1922.07), 19 (1922.19), 90 (1922.43), 150 (1922.55), 23 (1922.67), 93 (1922.67), 25 (1922.79), 149 (1922.79), 92 (1922.91), 97 (1923.15), 28 (1923.27), 95 (1923.27), 29 (1923.39), 147 (1923.39), 30 (1923.63), 98 (1923.63), 21 (1923.75), 99 (1923.75), 32 (1923.87), 145 (1923.87), 33 (1923.99), 35 (1924.11), 144 (1924.11), 36 (1924.23), 100 (1924.35), 40 (1924.47), 39 (1924.59), 102 (1924.59), 142 (1924.71), 42 (1924.83), 143 (1924.83), 43 (1924.95), 37 (1925.07), 44 (1925.19), 141 (1925.19), 38 (1925.31), 105 (1925.31), 45 (1925.43), 49 (1925.55), 107 (1925.55), 47 (1925.67), 108 (1925.67), 48 (1925.79), 111 (1925.91), 46 (1926.03), 112 (1926.03), 51 (1926.15), 54 (1926.39), 114 (1926.51), 56 (1926.63), 115 (1926.63), 52 (1926.75), 140 (1926.87), 58 (1926.99), 117 (1926.99), 57 (1927.11), 118 (1927.11), 60 (1927.23), 119 (1927.23), 61 (1927.35), 62 (1927.47), 121 (1927.47), 64 (1927.59), 63 (1927.71), 122 (1927.83), 68 (1927.95), 124 (1927.95), 69 (1928.19), 126 (1928.19), 128 (1928.31), 127 (1928.43), 74 (1928.67), 133 (1928.91), 73 (1929.03), 137 (1929.03), 78 (1929.15), 135 (1929.15), 79 (1929.27), 77 (1929.39), 129 (1929.39), 70 (1929.51), 134 (1929.51), 
Result: TEAM 1 WIN*
