Mode: RANDOM
120.24 s > TEAM: 0 	F: 0 	 (1004) 	S: 2 	 (1002) 	T: 1 	 (1000) 	LAP 1
120.24 s > TEAM: 1 	F: 159 	 (1002) 	S: 156 	 (1001) 	T: 155 	 (1000) 	LAP 1
180.24 s > TEAM: 0 	F: 0 	 (2004) 	S: 2 	 (2002) 	T: 1 	 (2000) 	LAP 2
240.24 s > TEAM: 1 	F: 159 	 (2004) 	S: 156 	 (2002) 	T: 155 	 (2000) 	LAP 2
360.24 s > TEAM: 1 	F: 159 	 (3502) 	S: 156 	 (3501) 	T: 155 	 (3000) 	LAP 3
360.36 s > TEAM: 0 	F: 0 	 (4006) 	S: 2 	 (4002) 	T: 3 	 (3000) 	LAP 3
480.24 s > TEAM: 1 	F: 159 	 (4502) 	S: 156 	 (4501) 	T: 155 	 (4000) 	LAP 4
480.36 s > TEAM: 0 	F: 0 	 (6006) 	S: 2 	 (4065) 	T: 3 	 (4000) 	LAP 4
600.24 s > TEAM: 1 	F: 159 	 (5502) 	S: 156 	 (5501) 	T: 155 	 (5000) 	LAP 5
600.48 s > TEAM: 0 	F: 0 	 (8008) 	S: 3 	 (5002) 	T: 5 	 (5000) 	LAP 5
720.24 s > TEAM: 1 	F: 159 	 (7002) 	S: 156 	 (6501) 	T: 155 	 (6000) 	LAP 6
720.48 s > TEAM: 0 	F: 0 	 (9833) 	S: 3 	 (7001) 	T: 5 	 (6000) 	LAP 6
840.24 s > TEAM: 1 	F: 159 	 (8004) 	S: 156 	 (7501) 	T: 155 	 (7000) 	LAP 7
840.48 s > TEAM: 0 	F: 0 	 (9833) 	S: 3 	 (8001) 	T: 5 	 (7000) 	LAP 7
960.24 s > TEAM: 1 	F: 159 	 (9502) 	S: 156 	 (8501) 	T: 155 	 (8000) 	LAP 8
960.48 s > TEAM: 0 	F: 0 	 (9833) 	S: 3 	 (9001) 	T: 5 	 (8000) 	LAP 8
1080.24 s > TEAM: 1 	F: 159 	 (10502) 	S: 156 	 (9302) 	T: 155 	 (9000) 	LAP 9
1080.48 s > TEAM: 0 	F: 3 	 (10001) 	S: 0 	 (9833) 	T: 5 	 (9000) 	LAP 9
1200.36 s > TEAM: 1 	F: 159 	 (11503) 	S: 155 	 (10001) 	T: 154 	 (10000) 	LAP 10
1200.60 s > TEAM: 0 	F: 3 	 (11002) 	S: 5 	 (10001) 	T: 4 	 (10000) 	LAP 10
1320.36 s > TEAM: 1 	F: 159 	 (12503) 	S: 155 	 (11001) 	T: 154 	 (11000) 	LAP 11
1320.60 s > TEAM: 0 	F: 3 	 (12004) 	S: 5 	 (11001) 	T: 4 	 (11000) 	LAP 11
1440.36 s > TEAM: 1 	F: 159 	 (13503) 	S: 155 	 (12001) 	T: 154 	 (12000) 	LAP 12
1440.60 s > TEAM: 0 	F: 3 	 (13502) 	S: 5 	 (12001) 	T: 4 	 (12000) 	LAP 12
1560.36 s > TEAM: 1 	F: 159 	 (14999) 	S: 155 	 (13002) 	T: 154 	 (13000) 	LAP 13
1560.60 s > TEAM: 0 	F: 3 	 (14502) 	S: 5 	 (13001) 	T: 4 	 (13000) 	LAP 13
1680.36 s > TEAM: 1 	F: 159 	 (16000) 	S: 155 	 (14501) 	T: 154 	 (14000) 	LAP 14
1680.60 s > TEAM: 0 	F: 3 	 (16000) 	S: 5 	 (14002) 	T: 4 	 (14000) 	LAP 14
1800.36 s > TEAM: 1 	F: 155 	 (16000) 	S: 159 	 (16000) 	T: 154 	 (15000) 	LAP 15
1800.60 s > TEAM: 0 	F: 3 	 (16000) 	S: 5 	 (16000) 	T: 4 	 (15000) 	LAP 15
1860.36 s > TEAM: 1 	F: 154 	 (16000) 	S: 155 	 (16000) 	T: 159 	 (16000) 	LAP 16
1920.60 s > TEAM: 0 	F: 3 	 (16000) 	S: 4 	 (16000) 	T: 5 	 (16000) 	LAP 16
Broken Team 0: 0 (9), 1 (2), 2 (4), 11 (9), 17 (4), 22 (12), 24 (11), 25 (10), 28 (15), 30 (2), 33 (1), 36 (0), 50 (0), 54 (0), 55 (6), 57 (4), 59 (8), 60 (2), 63 (7), 64 (6), 65 (10), 66 (3), 67 (14), 71 (6), 
Broken Team 1: 80 (0), 86 (5), 90 (5), 91 (1), 93 (14), 94 (5), 95 (7), 97 (1), 99 (7), 101 (0), 102 (13), 103 (0), 104 (4), 106 (6), 109 (9), 111 (10), 116 (8), 120 (3), 130 (14), 134 (4), 140 (6), 142 (6), 145 (9), 146 (12), 147 (4), 151 (7), 153 (6), 156 (9), 
Finishing order: 159 (1650.45), 3 (1680.39), 155 (1800.27), 5 (1800.51), 154 (1860.39), 105 (1860.87), 98 (1861.23), 4 (1920.63), 6 (1920.75), 7 (1920.87), 8 (1920.99), 9 (1921.11), 10 (1921.23), 149 (1921.35), 13 (1921.47), 144 (1921.47), 12 (1921.59), 148 (1921.59), 15 (1921.71), 14 (1921.83), 16 (1921.95), 152 (1921.95), 18 (1922.07), 157 (1922.07), 158 (1922.19), 19 (1922.31), 20 (1922.43), 150 (1922.43), 49 (1922.55), 45 (1922.67), 81 (1922.67), 23 (1922.79), 82 (1922.79), 84 (1922.91), 27 (1923.03), 83 (1923.03), 85 (1923.15), 87 (1923.27), 62 (1923.39), 88 (1923.39), 89 (1923.63), 31 (1923.75), 26 (1923.99), 21 (1924.11), 92 (1924.11), 78 (1924.23), 29 (1924.47), 96 (1924.47), 133 (1924.71), 32 (1924.83), 35 (1925.07), 100 (1925.07), 39 (1925.19), 37 (1925.31), 112 (1925.31), 42 (1925.43), 43 (1925.55), 38 (1925.67), 114 (1925.79), 40 (1925.91), 44 (1926.03), 108 (1926.03), 51 (1926.15), 107 (1926.15), 52 (1926.27), 117 (1926.27), 47 (1926.39), 122 (1926.39), 143 (1926.51), 115 (1926.63), 48 (1926.75), 110 (1926.75), 58 (1926.87), 113 (1926.87), 61 (1926.99), 119 (1927.11), 53 (1927.23), 121 (1927.23), 68 (1927.47), 123 (1927.47), 73 (1927.59), 124 (1927.59), 75 (1927.71), 125 (1927.71), 34 (1927.83), 127 (1927.83), 46 (1927.95), 128 (1927.95), 56 (1928.07), 131 (1928.07), 129 (1928.19), 118 (1928.31), 69 (1928.43), 126 (1928.43), 79 (1928.55), 137 (1928.55), 72 (1928.67), 135 (1928.67), 138 (1928.79), 74 (1928.91), 139 (1928.91), 136 (1929.03), 70 (1929.15), 77 (1929.27), 141 (1929.27), 76 (1929.39), 132 (1929.39), 41 (1929.51), 
Result: TEAM 1 WIN*
