Mode: RANDOM
120.24 s > TEAM: 0 	F: 0 	 (1002) 	S: 2 	 (1001) 	T: 1 	 (1000) 	LAP 1
120.24 s > TEAM: 1 	F: 159 	 (1002) 	S: 157 	 (1001) 	T: 80 	 (1000) 	LAP 1
240.24 s > TEAM: 0 	F: 0 	 (2002) 	S: 2 	 (2001) 	T: 1 	 (2000) 	LAP 2
240.24 s > TEAM: 1 	F: 159 	 (2004) 	S: 157 	 (2002) 	T: 80 	 (2000) 	LAP 2
360.24 s > TEAM: 0 	F: 0 	 (3004) 	S: 2 	 (3002) 	T: 1 	 (3000) 	LAP 3
360.24 s > TEAM: 1 	F: 159 	 (4002) 	S: 157 	 (3501) 	T: 80 	 (3000) 	LAP 3
480.24 s > TEAM: 0 	F: 0 	 (4502) 	S: 2 	 (4501) 	T: 1 	 (4000) 	LAP 4
480.24 s > TEAM: 1 	F: 159 	 (5004) 	S: 157 	 (4501) 	T: 80 	 (4000) 	LAP 4
600.24 s > TEAM: 0 	F: 0 	 (6002) 	S: 2 	 (6002) 	T: 1 	 (5000) 	LAP 5
600.24 s > TEAM: 1 	F: 159 	 (7002) 	S: 157 	 (6002) 	T: 80 	 (5000) 	LAP 5
720.24 s > TEAM: 0 	F: 2 	 (7501) 	S: 0 	 (7002) 	T: 1 	 (6000) 	LAP 6
720.24 s > TEAM: 1 	F: 159 	 (8004) 	S: 157 	 (7501) 	T: 80 	 (6000) 	LAP 6
840.24 s > TEAM: 0 	F: 2 	 (9001) 	S: 0 	 (8004) 	T: 1 	 (7000) 	LAP 7
840.24 s > TEAM: 1 	F: 159 	 (9502) 	S: 157 	 (8501) 	T: 80 	 (7000) 	LAP 7
960.24 s > TEAM: 0 	F: 2 	 (10001) 	S: 0 	 (9502) 	T: 1 	 (8000) 	LAP 8
960.24 s > TEAM: 1 	F: 159 	 (11004) 	S: 157 	 (9501) 	T: 80 	 (8000) 	LAP 8
1080.24 s > TEAM: 0 	F: 2 	 (11001) 	S: 0 	 (10502) 	T: 1 	 (9000) 	LAP 9
1080.24 s > TEAM: 1 	F: 159 	 (12500) 	S: 157 	 (10501) 	T: 80 	 (9000) 	LAP 9
1200.24 s > TEAM: 0 	F: 2 	 (12002) 	S: 0 	 (11502) 	T: 1 	 (10000) 	LAP 10
1200.24 s > TEAM: 1 	F: 159 	 (14001) 	S: 157 	 (12001) 	T: 80 	 (10000) 	LAP 10
1320.24 s > TEAM: 0 	F: 2 	 (14001) 	S: 0 	 (12502) 	T: 1 	 (11000) 	LAP 11
1320.24 s > TEAM: 1 	F: 159 	 (16000) 	S: 157 	 (13001) 	T: 80 	 (11000) 	LAP 11
1440.24 s > TEAM: 0 	F: 2 	 (15002) 	S: 0 	 (13502) 	T: 1 	 (12000) 	LAP 12
1440.24 s > TEAM: 1 	F: 159 	 (16000) 	S: 157 	 (14001) 	T: 80 	 (12000) 	LAP 12
1560.24 s > TEAM: 0 	F: 2 	 (16000) 	S: 0 	 (15004) 	T: 1 	 (13000) 	LAP 13
1560.24 s > TEAM: 1 	F: 159 	 (16000) 	S: 157 	 (15001) 	T: 80 	 (13000) 	LAP 13
1680.24 s > TEAM: 0 	F: 0 	 (16000) 	S: 2 	 (16000) 	T: 1 	 (14000) 	LAP 14
1680.24 s > TEAM: 1 	F: 157 	 (16000) 	S: 159 	 (16000) 	T: 80 	 (14000) 	LAP 14
1740.24 s > TEAM: 0 	F: 0 	 (16000) 	S: 2 	 (16000) 	T: 1 	 (15000) 	LAP 15
1800.24 s > TEAM: 0 	F: 0 	 (16000) 	S: 1 	 (16000) 	T: 2 	 (16000) 	LAP 16
1800.24 s > TEAM: 1 	F: 157 	 (16000) 	S: 159 	 (16000) 	T: 80 	 (15000) 	LAP 15
1860.24 s > TEAM: 1 	F: 80 	 (16000) 	S: 157 	 (16000) 	T: 159 	 (16000) 	LAP 16
Broken Team 0: 3 (0), 6 (7), 8 (11), 9 (15), 11 (10), 12 (12), 14 (6), 17 (9), 20 (13), 24 (6), 26 (2), 29 (3), 30 (11), 33 (3), 36 (8), 39 (9), 40 (7), 41 (4), 52 (13), 62 (6), 63 (3), 64 (3), 67 (0), 69 (2), 73 (4), 
Broken Team 1: 82 (10), 84 (7), 87 (13), 91 (1), 98 (6), 99 (3), 103 (15), 106 (3), 107 (10), 108 (9), 113 (1), 116 (5), 117 (2), 121 (0), 127 (4), 129 (9), 132 (11), 136 (2), 144 (7), 146 (1), 147 (8), 151 (0), 153 (8), 155 (13), 
Finishing order: 159 (1320.21), 2 (1500.15), 0 (1620.03), 157 (1680.15), 1 (1800.27), 80 (1860.27), 10 (1860.51), 5 (1860.57), 4 (1860.63), 156 (1920.39), 81 (1920.51), 83 (1920.75), 158 (1920.99), 118 (1921.11), 7 (1921.23), 85 (1921.23), 86 (1921.47), 13 (1921.59), 15 (1921.71), 88 (1921.71), 89 (1921.83), 16 (1921.95), 90 (1921.95), 18 (1922.07), 92 (1922.19), 93 (1922.31), 21 (1922.43), 94 (1922.43), 19 (1922.55), 95 (1922.55), 22 (1922.67), 97 (1922.67), 23 (1922.79), 96 (1922.79), 25 (1923.03), 100 (1923.15), 27 (1923.27), 102 (1923.27), 28 (1923.39), 101 (1923.39), 104 (1923.63), 31 (1923.75), 105 (1923.75), 32 (1923.87), 34 (1923.99), 35 (1924.23), 109 (1924.23), 110 (1924.35), 37 (1924.47), 111 (1924.47), 38 (1924.59), 112 (1924.59), 114 (1924.83), 42 (1924.95), 115 (1924.95), 43 (1925.19), 119 (1925.19), 44 (1925.31), 120 (1925.31), 46 (1925.43), 45 (1925.55), 122 (1925.55), 47 (1925.67), 123 (1925.67), 48 (1925.79), 124 (1925.79), 51 (1925.91), 125 (1925.91), 50 (1926.03), 126 (1926.03), 49 (1926.27), 154 (1926.27), 53 (1926.39), 128 (1926.39), 54 (1926.51), 55 (1926.63), 130 (1926.63), 56 (1926.75), 131 (1926.75), 57 (1926.87), 58 (1926.99), 133 (1926.99), 59 (1927.11), 134 (1927.11), 60 (1927.23), 135 (1927.23), 61 (1927.35), 137 (1927.47), 138 (1927.59), 139 (1927.71), 65 (1927.83), 140 (1927.83), 66 (1927.95), 141 (1927.95), 142 (1928.07), 68 (1928.19), 143 (1928.19), 71 (1928.43), 145 (1928.43), 70 (1928.55), 72 (1928.67), 148 (1928.67), 74 (1928.91), 149 (1928.91), 75 (1929.03), 150 (1929.03), 76 (1929.15), 77 (1929.27), 152 (1929.27), 78 (1929.39), 79 (1929.51), 
Result: TEAM 0 WIN*
