Mode: RANDOM
120.24 s > TEAM: 0 	F: 0 	 (1004) 	S: 2 	 (1002) 	T: 3 	 (1000) 	LAP 1
120.24 s > TEAM: 1 	F: 159 	 (1004) 	S: 99 	 (1001) 	T: 158 	 (1000) 	LAP 1
180.24 s > TEAM: 0 	F: 0 	 (2004) 	S: 2 	 (2001) 	T: 3 	 (2000) 	LAP 2
240.24 s > TEAM: 1 	F: 159 	 (2502) 	S: 99 	 (2001) 	T: 158 	 (2000) 	LAP 2
300.24 s > TEAM: 0 	F: 0 	 (3996) 	S: 2 	 (3001) 	T: 1 	 (3000) 	LAP 3
360.24 s > TEAM: 1 	F: 159 	 (3502) 	S: 99 	 (3001) 	T: 158 	 (3000) 	LAP 3
420.24 s > TEAM: 0 	F: 0 	 (4997) 	S: 2 	 (4001) 	T: 1 	 (4000) 	LAP 4
480.24 s > TEAM: 1 	F: 159 	 (4994) 	S: 99 	 (4002) 	T: 158 	 (4000) 	LAP 4
540.24 s > TEAM: 0 	F: 0 	 (5997) 	S: 2 	 (5001) 	T: 1 	 (5000) 	LAP 5
540.24 s > TEAM: 1 	F: 159 	 (5494) 	S: 99 	 (5002) 	T: 158 	 (5000) 	LAP 5
601.20 s > TEAM: 1 	F: 159 	 (6002) 	S: 99 	 (6001) 	T: 158 	 (6000) 	LAP 6
660.24 s > TEAM: 0 	F: 0 	 (6997) 	S: 2 	 (6001) 	T: 1 	 (6000) 	LAP 6
721.20 s > TEAM: 1 	F: 159 	 (7002) 	S: 99 	 (7001) 	T: 158 	 (7000) 	LAP 7
780.24 s > TEAM: 0 	F: 0 	 (7997) 	S: 2 	 (7001) 	T: 1 	 (7000) 	LAP 7
841.20 s > TEAM: 1 	F: 159 	 (8002) 	S: 99 	 (8001) 	T: 158 	 (8000) 	LAP 8
900.24 s > TEAM: 0 	F: 0 	 (8997) 	S: 2 	 (8001) 	T: 1 	 (8000) 	LAP 8
961.20 s > TEAM: 1 	F: 159 	 (9002) 	S: 99 	 (9001) 	T: 158 	 (9000) 	LAP 9
1020.24 s > TEAM: 0 	F: 0 	 (9997) 	S: 2 	 (9001) 	T: 1 	 (9000) 	LAP 9
1081.20 s > TEAM: 1 	F: 159 	 (10002) 	S: 99 	 (10001) 	T: 158 	 (10000) 	LAP 10
1140.24 s > TEAM: 0 	F: 0 	 (10997) 	S: 2 	 (10001) 	T: 1 	 (10000) 	LAP 10
1260.24 s > TEAM: 0 	F: 0 	 (11997) 	S: 2 	 (11001) 	T: 1 	 (11000) 	LAP 11
1320.36 s > TEAM: 1 	F: 99 	 (11995) 	S: 159 	 (11994) 	T: 81 	 (11000) 	LAP 11
1380.24 s > TEAM: 0 	F: 0 	 (12997) 	S: 2 	 (12001) 	T: 1 	 (12000) 	LAP 12
1380.36 s > TEAM: 1 	F: 99 	 (12495) 	S: 159 	 (12494) 	T: 81 	 (12000) 	LAP 12
1441.20 s > TEAM: 1 	F: 99 	 (13002) 	S: 81 	 (13001) 	T: 159 	 (13000) 	LAP 13
1500.24 s > TEAM: 0 	F: 0 	 (13997) 	S: 2 	 (13002) 	T: 1 	 (13000) 	LAP 13
1561.20 s > TEAM: 1 	F: 81 	 (14002) 	S: 159 	 (14001) 	T: 99 	 (14000) 	LAP 14
1620.24 s > TEAM: 0 	F: 0 	 (15247) 	S: 2 	 (14501) 	T: 1 	 (14000) 	LAP 14
1681.20 s > TEAM: 1 	F: 159 	 (15001) 	S: 81 	 (15000) 	T: 99 	 (15000) 	LAP 15
1740.24 s > TEAM: 0 	F: 0 	 (16000) 	S: 2 	 (15501) 	T: 1 	 (15000) 	LAP 15
1801.26 s > TEAM: 1 	F: 81 	 (16000) 	S: 99 	 (16000) 	T: 159 	 (16000) 	LAP 16
1860.24 s > TEAM: 0 	F: 0 	 (16000) 	S: 1 	 (16000) 	T: 2 	 (16000) 	LAP 16
Broken Team 0: 7 (2), 9 (10), 12 (8), 18 (7), 19 (3), 25 (1), 27 (15), 28 (8), 30 (15), 32 (15), 35 (12), 36 (4), 37 (11), 38 (10), 39 (4), 40 (7), 44 (0), 46 (15), 51 (14), 55 (9), 59 (2), 61 (7), 62 (8), 67 (12), 68 (0), 72 (1), 73 (5), 76 (7), 77 (12), 
Broken Team 1: 94 (1), 95 (9), 100 (0), 105 (0), 109 (5), 122 (15), 124 (10), 125 (14), 127 (6), 134 (6), 136 (8), 141 (0), 143 (15), 144 (4), 147 (4), 151 (10), 154 (14), 157 (4), 158 (10), 
Finishing order: 0 (1710.57), 2 (1800.15), 159 (1801.05), 99 (1801.23), 81 (1801.29), 1 (1860.27), 3 (1860.39), 4 (1860.51), 80 (1860.51), 6 (1860.75), 5 (1860.87), 82 (1920.63), 83 (1920.75), 85 (1920.87), 8 (1920.99), 84 (1920.99), 86 (1921.11), 13 (1921.23), 87 (1921.23), 10 (1921.35), 88 (1921.35), 14 (1921.47), 89 (1921.47), 11 (1921.59), 90 (1921.59), 15 (1921.71), 91 (1921.71), 20 (1921.83), 92 (1921.83), 22 (1921.95), 93 (1921.95), 23 (1922.07), 21 (1922.19), 96 (1922.19), 24 (1922.31), 102 (1922.43), 26 (1922.55), 103 (1922.55), 104 (1922.67), 29 (1922.79), 34 (1922.91), 106 (1922.91), 107 (1923.03), 108 (1923.15), 31 (1923.39), 111 (1923.39), 110 (1923.51), 113 (1923.63), 112 (1923.75), 116 (1923.87), 41 (1923.99), 114 (1923.99), 42 (1924.11), 118 (1924.11), 43 (1924.23), 115 (1924.23), 117 (1924.35), 120 (1924.47), 45 (1924.59), 119 (1924.59), 47 (1924.71), 121 (1924.71), 48 (1924.95), 49 (1925.07), 126 (1925.19), 50 (1925.31), 123 (1925.31), 52 (1925.43), 128 (1925.43), 129 (1925.55), 53 (1925.67), 131 (1925.79), 132 (1925.91), 56 (1926.03), 130 (1926.03), 54 (1926.15), 133 (1926.15), 58 (1926.27), 135 (1926.39), 57 (1926.51), 60 (1926.63), 139 (1926.63), 66 (1926.75), 64 (1926.87), 70 (1926.99), 137 (1926.99), 65 (1927.11), 145 (1927.11), 146 (1927.23), 69 (1927.35), 148 (1927.47), 71 (1927.59), 149 (1927.59), 74 (1927.83), 150 (1927.83), 152 (1928.07), 75 (1928.19), 156 (1928.19), 155 (1928.31), 16 (1928.43), 153 (1928.43), 17 (1928.55), 101 (1928.79), 78 (1928.91), 79 (1929.03), 97 (1929.03), 98 (1929.15), 142 (1929.27), 63 (1929.39), 140 (1929.39), 33 (1929.51), 138 (1929.51), 
Result: TEAM 0 WIN*
