Mode: RANDOM
120.24 s > TEAM: 0 	F: 1 	 (1002) 	S: 0 	 (1001) 	T: 3 	 (1000) 	LAP 1
120.24 s > TEAM: 1 	F: 159 	 (1004) 	S: 156 	 (1002) 	T: 155 	 (1000) 	LAP 1
240.24 s > TEAM: 0 	F: 1 	 (2002) 	S: 0 	 (2001) 	T: 3 	 (2000) 	LAP 2
240.24 s > TEAM: 1 	F: 159 	 (2502) 	S: 156 	 (2501) 	T: 155 	 (2000) 	LAP 2
360.24 s > TEAM: 0 	F: 1 	 (3004) 	S: 0 	 (3002) 	T: 3 	 (3000) 	LAP 3
360.24 s > TEAM: 1 	F: 159 	 (3502) 	S: 156 	 (3501) 	T: 155 	 (3000) 	LAP 3
480.24 s > TEAM: 0 	F: 1 	 (5002) 	S: 0 	 (4501) 	T: 3 	 (4000) 	LAP 4
480.24 s > TEAM: 1 	F: 156 	 (5002) 	S: 159 	 (5002) 	T: 155 	 (4000) 	LAP 4
600.24 s > TEAM: 0 	F: 1 	 (6004) 	S: 0 	 (5501) 	T: 3 	 (5000) 	LAP 5
600.24 s > TEAM: 1 	F: 156 	 (6501) 	S: 159 	 (6002) 	T: 155 	 (5000) 	LAP 5
720.24 s > TEAM: 0 	F: 1 	 (8002) 	S: 0 	 (7002) 	T: 3 	 (6000) 	LAP 6
720.24 s > TEAM: 1 	F: 156 	 (7501) 	S: 159 	 (7002) 	T: 155 	 (6000) 	LAP 6
840.24 s > TEAM: 0 	F: 0 	 (9002) 	S: 1 	 (9002) 	T: 3 	 (7000) 	LAP 7
840.24 s > TEAM: 1 	F: 156 	 (8501) 	S: 159 	 (8002) 	T: 155 	 (7000) 	LAP 7
960.24 s > TEAM: 0 	F: 0 	 (11001) 	S: 1 	 (10002) 	T: 3 	 (8000) 	LAP 8
960.24 s > TEAM: 1 	F: 156 	 (9501) 	S: 159 	 (9002) 	T: 155 	 (8000) 	LAP 8
1080.24 s > TEAM: 0 	F: 0 	 (12002) 	S: 1 	 (10412) 	T: 3 	 (9000) 	LAP 9
1080.24 s > TEAM: 1 	F: 156 	 (10501) 	S: 159 	 (10002) 	T: 155 	 (9000) 	LAP 9
1200.24 s > TEAM: 0 	F: 0 	 (13501) 	S: 1 	 (10412) 	T: 3 	 (10000) 	LAP 10
1200.24 s > TEAM: 1 	F: 156 	 (12002) 	S: 159 	 (11004) 	T: 155 	 (10000) 	LAP 10
1320.24 s > TEAM: 1 	F: 159 	 (12502) 	S: 156 	 (12035) 	T: 155 	 (11000) 	LAP 11
1320.60 s > TEAM: 0 	F: 0 	 (14504) 	S: 3 	 (11003) 	T: 5 	 (11000) 	LAP 11
1440.24 s > TEAM: 1 	F: 159 	 (13502) 	S: 156 	 (12035) 	T: 155 	 (12000) 	LAP 12
1440.72 s > TEAM: 0 	F: 0 	 (15505) 	S: 3 	 (12004) 	T: 6 	 (12000) 	LAP 12
1560.36 s > TEAM: 1 	F: 159 	 (15006) 	S: 155 	 (13001) 	T: 152 	 (13000) 	LAP 13
1560.72 s > TEAM: 0 	F: 0 	 (16000) 	S: 3 	 (13004) 	T: 6 	 (13000) 	LAP 13
1680.36 s > TEAM: 1 	F: 159 	 (16000) 	S: 155 	 (14001) 	T: 152 	 (14000) 	LAP 14
1680.72 s > TEAM: 0 	F: 0 	 (16000) 	S: 3 	 (14004) 	T: 6 	 (14000) 	LAP 14
1800.36 s > TEAM: 1 	F: 159 	 (16000) 	S: 155 	 (15002) 	T: 152 	 (15000) 	LAP 15
1800.72 s > TEAM: 0 	F: 0 	 (16000) 	S: 3 	 (15008) 	T: 6 	 (15000) 	LAP 15
1860.72 s > TEAM: 0 	F: 0 	 (16000) 	S: 3 	 (16000) 	T: 6 	 (16000) 	LAP 16
1920.36 s > TEAM: 1 	F: 152 	 (16000) 	S: 155 	 (16000) 	T: 159 	 (16000) 	LAP 16
Broken Team 0: 1 (10), 2 (7), 4 (7), 5 (11), 19 (4), 21 (11), 22 (1), 24 (6), 31 (1), 36 (4), 38 (9), 39 (7), 41 (15), 43 (13), 48 (13), 51 (6), 53 (14), 56 (10), 59 (11), 63 (3), 65 (6), 69 (12), 71 (1), 73 (3), 76 (6), 77 (4), 
Broken Team 1: 80 (7), 81 (0), 82 (0), 85 (12), 90 (6), 92 (7), 93 (12), 99 (8), 100 (4), 102 (12), 103 (9), 106 (10), 107 (8), 109 (13), 110 (7), 114 (4), 117 (14), 126 (3), 127 (14), 129 (2), 130 (2), 131 (8), 138 (15), 144 (7), 145 (2), 147 (8), 150 (5), 151 (11), 156 (12), 157 (4), 158 (2), 
Finishing order: 0 (1500.15), 159 (1620.03), 3 (1860.27), 155 (1860.27), 6 (1860.75), 152 (1920.39), 149 (1920.51), 148 (1920.63), 7 (1920.87), 8 (1920.99), 9 (1921.11), 10 (1921.23), 11 (1921.35), 154 (1921.35), 13 (1921.47), 153 (1921.47), 12 (1921.59), 14 (1921.71), 15 (1921.83), 16 (1921.95), 17 (1922.07), 83 (1922.19), 20 (1922.31), 146 (1922.31), 32 (1922.43), 84 (1922.43), 18 (1922.55), 86 (1922.55), 23 (1922.79), 87 (1922.79), 88 (1922.91), 25 (1923.03), 89 (1923.03), 34 (1923.15), 91 (1923.15), 26 (1923.27), 27 (1923.39), 28 (1923.63), 94 (1923.63), 30 (1923.75), 95 (1923.75), 96 (1923.87), 29 (1923.99), 97 (1923.99), 35 (1924.11), 37 (1924.23), 98 (1924.35), 101 (1924.47), 40 (1924.83), 42 (1924.95), 108 (1924.95), 105 (1925.07), 44 (1925.19), 45 (1925.31), 104 (1925.31), 46 (1925.43), 113 (1925.43), 47 (1925.67), 49 (1925.79), 115 (1925.79), 50 (1925.91), 116 (1925.91), 118 (1926.03), 52 (1926.15), 112 (1926.27), 54 (1926.39), 120 (1926.39), 55 (1926.51), 119 (1926.51), 122 (1926.63), 57 (1926.75), 123 (1926.75), 124 (1926.87), 58 (1926.99), 125 (1926.99), 62 (1927.11), 121 (1927.11), 64 (1927.35), 128 (1927.35), 66 (1927.47), 68 (1927.59), 133 (1927.59), 134 (1927.83), 67 (1927.95), 135 (1927.95), 137 (1928.07), 72 (1928.19), 132 (1928.19), 74 (1928.31), 136 (1928.43), 79 (1928.55), 142 (1928.55), 78 (1928.67), 143 (1928.67), 140 (1928.79), 75 (1928.91), 33 (1929.03), 139 (1929.03), 60 (1929.15), 141 (1929.15), 61 (1929.39), 111 (1929.39), 70 (1929.51), 
Result: TEAM 0 WIN
