Mode: RANDOM
120.24 s > TEAM: 0 	F: 2 	 (1004) 	S: 1 	 (1001) 	T: 4 	 (1000) 	LAP 1
120.24 s > TEAM: 1 	F: 159 	 (1002) 	S: 158 	 (1001) 	T: 80 	 (1000) 	LAP 1
240.24 s > TEAM: 0 	F: 2 	 (3004) 	S: 1 	 (2001) 	T: 4 	 (2000) 	LAP 2
240.24 s > TEAM: 1 	F: 159 	 (2002) 	S: 158 	 (2001) 	T: 80 	 (2000) 	LAP 2
360.24 s > TEAM: 0 	F: 2 	 (4502) 	S: 1 	 (3001) 	T: 4 	 (3000) 	LAP 3
360.24 s > TEAM: 1 	F: 159 	 (3002) 	S: 158 	 (3001) 	T: 80 	 (3000) 	LAP 3
480.24 s > TEAM: 0 	F: 2 	 (5502) 	S: 1 	 (4001) 	T: 4 	 (4000) 	LAP 4
480.24 s > TEAM: 1 	F: 159 	 (4004) 	S: 158 	 (4002) 	T: 80 	 (4000) 	LAP 4
600.24 s > TEAM: 1 	F: 159 	 (5502) 	S: 158 	 (5501) 	T: 80 	 (5000) 	LAP 5
600.36 s > TEAM: 0 	F: 2 	 (6503) 	S: 1 	 (5002) 	T: 3 	 (5000) 	LAP 5
720.24 s > TEAM: 1 	F: 158 	 (7001) 	S: 159 	 (6767) 	T: 80 	 (6000) 	LAP 6
720.36 s > TEAM: 0 	F: 2 	 (7503) 	S: 1 	 (6002) 	T: 3 	 (6000) 	LAP 6
840.36 s > TEAM: 0 	F: 2 	 (8503) 	S: 1 	 (7002) 	T: 3 	 (7000) 	LAP 7
840.36 s > TEAM: 1 	F: 158 	 (8004) 	S: 80 	 (7001) 	T: 81 	 (7000) 	LAP 7
960.36 s > TEAM: 0 	F: 2 	 (9503) 	S: 1 	 (8002) 	T: 3 	 (8000) 	LAP 8
960.36 s > TEAM: 1 	F: 158 	 (9386) 	S: 80 	 (8001) 	T: 81 	 (8000) 	LAP 8
1080.36 s > TEAM: 0 	F: 2 	 (10503) 	S: 1 	 (9002) 	T: 3 	 (9000) 	LAP 9
1080.36 s > TEAM: 1 	F: 158 	 (9386) 	S: 80 	 (9001) 	T: 81 	 (9000) 	LAP 9
1200.36 s > TEAM: 0 	F: 2 	 (12003) 	S: 1 	 (10002) 	T: 3 	 (10000) 	LAP 10
1200.48 s > TEAM: 1 	F: 80 	 (10004) 	S: 81 	 (10002) 	T: 82 	 (10000) 	LAP 10
1320.36 s > TEAM: 0 	F: 2 	 (13003) 	S: 1 	 (11002) 	T: 3 	 (11000) 	LAP 11
1320.48 s > TEAM: 1 	F: 80 	 (12002) 	S: 81 	 (11501) 	T: 82 	 (11000) 	LAP 11
1440.36 s > TEAM: 0 	F: 2 	 (14006) 	S: 1 	 (12004) 	T: 3 	 (12000) 	LAP 12
1440.72 s > TEAM: 1 	F: 80 	 (13004) 	S: 81 	 (12503) 	T: 84 	 (12000) 	LAP 12
1500.36 s > TEAM: 0 	F: 2 	 (15006) 	S: 1 	 (13002) 	T: 3 	 (13000) 	LAP 13
1560.72 s > TEAM: 1 	F: 80 	 (14008) 	S: 81 	 (13503) 	T: 84 	 (13000) 	LAP 13
1620.12 s > TEAM: 0 	F: 2 	 (15893) 	S: 3 	 (14498) 	T: 1 	 (14000) 	LAP 14
1680.72 s > TEAM: 1 	F: 80 	 (15502) 	S: 81 	 (14503) 	T: 84 	 (14000) 	LAP 14
1740.12 s > TEAM: 0 	F: 2 	 (15893) 	S: 3 	 (15498) 	T: 1 	 (15000) 	LAP 15
1800.72 s > TEAM: 1 	F: 80 	 (16000) 	S: 81 	 (15503) 	T: 84 	 (15000) 	LAP 15
1920.48 s > TEAM: 0 	F: 0 	 (16000) 	S: 1 	 (16000) 	T: 3 	 (16000) 	LAP 16
1920.72 s > TEAM: 1 	F: 80 	 (16000) 	S: 81 	 (16000) 	T: 84 	 (16000) 	LAP 16
Broken Team 0: 2 (15), 4 (4), 6 (0), 8 (4), 9 (6), 12 (3), 14 (11), 19 (9), 22 (12), 25 (4), 28 (5), 30 (7), 35 (9), 39 (10), 44 (2), 45 (1), 52 (15), 57 (1), 58 (8), 61 (9), 64 (2), 67 (2), 68 (11), 70 (9), 71 (0), 72 (9), 75 (15), 79 (15), 
Broken Team 1: 82 (11), 85 (12), 86 (0), 87 (12), 88 (4), 89 (5), 91 (1), 93 (6), 94 (5), 96 (9), 97 (3), 103 (7), 105 (0), 112 (1), 124 (3), 127 (5), 129 (4), 130 (12), 132 (11), 133 (10), 134 (0), 136 (11), 138 (1), 142 (14), 143 (10), 145 (11), 148 (5), 150 (6), 151 (13), 158 (9), 159 (6), 
Finishing order: 80 (1740.51), 3 (1800.39), 1 (1860.15), 81 (1860.39), 0 (1920.51), 5 (1920.75), 84 (1920.75), 7 (1920.87), 36 (1920.99), 92 (1921.11), 41 (1921.35), 90 (1921.35), 11 (1921.47), 10 (1921.59), 13 (1921.71), 95 (1921.71), 15 (1922.07), 98 (1922.07), 16 (1922.19), 99 (1922.19), 17 (1922.31), 100 (1922.31), 18 (1922.43), 101 (1922.43), 20 (1922.67), 102 (1922.67), 21 (1922.79), 106 (1922.79), 107 (1922.91), 23 (1923.03), 108 (1923.03), 33 (1923.15), 109 (1923.15), 24 (1923.27), 110 (1923.27), 26 (1923.51), 113 (1923.51), 27 (1923.63), 104 (1923.63), 111 (1923.75), 29 (1923.87), 115 (1923.87), 114 (1923.99), 31 (1924.11), 116 (1924.11), 34 (1924.23), 117 (1924.23), 32 (1924.35), 118 (1924.35), 119 (1924.47), 40 (1924.59), 120 (1924.59), 42 (1924.71), 121 (1924.71), 43 (1924.83), 126 (1924.83), 125 (1924.95), 48 (1925.19), 128 (1925.19), 49 (1925.31), 46 (1925.43), 131 (1925.43), 47 (1925.55), 50 (1925.67), 51 (1925.79), 55 (1926.03), 137 (1926.03), 56 (1926.15), 135 (1926.15), 54 (1926.27), 37 (1926.39), 53 (1926.51), 139 (1926.51), 63 (1926.63), 140 (1926.63), 141 (1926.75), 60 (1926.87), 59 (1926.99), 62 (1927.11), 147 (1927.11), 146 (1927.23), 69 (1927.47), 149 (1927.59), 153 (1927.83), 154 (1927.95), 155 (1928.07), 65 (1928.19), 152 (1928.19), 66 (1928.31), 156 (1928.31), 74 (1928.43), 83 (1928.43), 76 (1928.55), 77 (1928.67), 157 (1928.67), 78 (1928.91), 73 (1929.03), 122 (1929.03), 38 (1929.39), 144 (1929.39), 123 (1929.51), 
Result: TEAM 0 WIN*
