Mode: RANDOM
120.24 s > TEAM: 0 	F: 1 	 (1002) 	S: 0 	 (1001) 	T: 2 	 (1000) 	LAP 1
120.24 s > TEAM: 1 	F: 159 	 (1002) 	S: 80 	 (1001) 	T: 81 	 (1000) 	LAP 1
240.24 s > TEAM: 0 	F: 1 	 (2004) 	S: 0 	 (2002) 	T: 2 	 (2000) 	LAP 2
240.24 s > TEAM: 1 	F: 159 	 (2004) 	S: 80 	 (2001) 	T: 81 	 (2000) 	LAP 2
300.24 s > TEAM: 0 	F: 1 	 (3002) 	S: 0 	 (3001) 	T: 2 	 (3000) 	LAP 3
360.24 s > TEAM: 1 	F: 159 	 (3502) 	S: 80 	 (3001) 	T: 81 	 (3000) 	LAP 3
420.24 s > TEAM: 0 	F: 1 	 (4004) 	S: 0 	 (4001) 	T: 2 	 (4000) 	LAP 4
480.36 s > TEAM: 1 	F: 80 	 (4004) 	S: 81 	 (4002) 	T: 82 	 (4000) 	LAP 4
540.24 s > TEAM: 0 	F: 1 	 (6004) 	S: 0 	 (5002) 	T: 2 	 (5000) 	LAP 5
540.36 s > TEAM: 1 	F: 80 	 (5002) 	S: 81 	 (5001) 	T: 82 	 (5000) 	LAP 5
660.24 s > TEAM: 0 	F: 1 	 (7492) 	S: 0 	 (6494) 	T: 2 	 (6000) 	LAP 6
660.36 s > TEAM: 1 	F: 80 	 (6002) 	S: 81 	 (6001) 	T: 82 	 (6000) 	LAP 6
780.24 s > TEAM: 0 	F: 1 	 (8492) 	S: 0 	 (7494) 	T: 2 	 (7000) 	LAP 7
780.60 s > TEAM: 1 	F: 80 	 (7004) 	S: 82 	 (7002) 	T: 84 	 (7000) 	LAP 7
900.60 s > TEAM: 1 	F: 80 	 (8004) 	S: 82 	 (8002) 	T: 84 	 (8000) 	LAP 8
960.36 s > TEAM: 0 	F: 1 	 (9995) 	S: 2 	 (8501) 	T: 4 	 (8000) 	LAP 8
1020.60 s > TEAM: 1 	F: 80 	 (9008) 	S: 82 	 (9004) 	T: 84 	 (9000) 	LAP 9
1080.36 s > TEAM: 0 	F: 1 	 (10995) 	S: 2 	 (9501) 	T: 4 	 (9000) 	LAP 9
1140.60 s > TEAM: 1 	F: 82 	 (10995) 	S: 80 	 (10994) 	T: 84 	 (10000) 	LAP 10
1200.36 s > TEAM: 0 	F: 1 	 (11995) 	S: 2 	 (10501) 	T: 4 	 (10000) 	LAP 10
1260.60 s > TEAM: 1 	F: 82 	 (11995) 	S: 80 	 (11994) 	T: 84 	 (11000) 	LAP 11
1320.36 s > TEAM: 0 	F: 1 	 (12907) 	S: 2 	 (11501) 	T: 4 	 (11000) 	LAP 11
1380.60 s > TEAM: 1 	F: 82 	 (12997) 	S: 80 	 (12994) 	T: 84 	 (12000) 	LAP 12
1440.36 s > TEAM: 0 	F: 1 	 (12907) 	S: 2 	 (12501) 	T: 4 	 (12000) 	LAP 12
1500.60 s > TEAM: 1 	F: 82 	 (13997) 	S: 80 	 (13994) 	T: 84 	 (13000) 	LAP 13
1560.48 s > TEAM: 0 	F: 2 	 (13996) 	S: 4 	 (13002) 	T: 3 	 (13000) 	LAP 13
1620.48 s > TEAM: 0 	F: 2 	 (14174) 	S: 4 	 (14001) 	T: 3 	 (14000) 	LAP 14
1620.60 s > TEAM: 1 	F: 80 	 (14997) 	S: 82 	 (14997) 	T: 84 	 (14000) 	LAP 14
1740.48 s > TEAM: 0 	F: 5 	 (15496) 	S: 4 	 (15001) 	T: 3 	 (15000) 	LAP 15
1740.60 s > TEAM: 1 	F: 80 	 (15997) 	S: 82 	 (15996) 	T: 84 	 (15000) 	LAP 15
1860.48 s > TEAM: 0 	F: 3 	 (16000) 	S: 4 	 (16000) 	T: 5 	 (16000) 	LAP 16
1860.60 s > TEAM: 1 	F: 80 	 (16000) 	S: 82 	 (16000) 	T: 84 	 (16000) 	LAP 16
Broken Team 0: 0 (7), 1 (12), 2 (14), 6 (9), 8 (8), 14 (2), 18 (6), 19 (1), 22 (2), 25 (4), 31 (1), 32 (2), 36 (14), 37 (12), 40 (2), 48 (7), 57 (4), 62 (4), 63 (3), 66 (4), 69 (12), 71 (3), 72 (12), 74 (10), 78 (8), 
Broken Team 1: 81 (6), 83 (2), 85 (3), 87 (3), 88 (11), 91 (12), 99 (13), 108 (2), 118 (12), 119 (2), 121 (14), 122 (6), 125 (1), 126 (7), 128 (11), 129 (5), 131 (1), 137 (10), 140 (0), 142 (7), 145 (10), 146 (0), 150 (10), 152 (0), 153 (8), 154 (6), 159 (3), 
Finishing order: 80 (1740.99), 82 (1741.05), 5 (1800.99), 4 (1860.39), 3 (1860.51), 84 (1860.63), 86 (1860.87), 7 (1920.87), 10 (1921.11), 9 (1921.23), 158 (1921.23), 11 (1921.35), 89 (1921.35), 12 (1921.47), 90 (1921.47), 13 (1921.59), 156 (1921.71), 15 (1921.83), 92 (1921.83), 17 (1921.95), 93 (1921.95), 94 (1922.07), 16 (1922.19), 95 (1922.19), 157 (1922.31), 20 (1922.43), 96 (1922.43), 155 (1922.55), 21 (1922.67), 97 (1922.67), 23 (1922.79), 98 (1922.79), 24 (1922.91), 26 (1923.03), 101 (1923.03), 102 (1923.15), 28 (1923.27), 104 (1923.27), 29 (1923.39), 100 (1923.39), 27 (1923.51), 103 (1923.51), 30 (1923.63), 105 (1923.75), 106 (1923.87), 33 (1923.99), 107 (1923.99), 34 (1924.11), 35 (1924.23), 109 (1924.35), 110 (1924.47), 38 (1924.59), 111 (1924.59), 39 (1924.71), 112 (1924.71), 113 (1924.83), 41 (1924.95), 42 (1925.07), 114 (1925.07), 43 (1925.19), 115 (1925.19), 44 (1925.31), 116 (1925.31), 45 (1925.43), 117 (1925.43), 46 (1925.55), 47 (1925.67), 151 (1925.67), 50 (1925.91), 120 (1925.91), 51 (1926.03), 49 (1926.15), 52 (1926.27), 124 (1926.27), 53 (1926.39), 123 (1926.39), 54 (1926.51), 55 (1926.63), 56 (1926.75), 77 (1926.87), 127 (1926.87), 130 (1926.99), 58 (1927.11), 60 (1927.23), 132 (1927.23), 59 (1927.35), 133 (1927.35), 61 (1927.47), 134 (1927.47), 135 (1927.59), 64 (1927.71), 67 (1927.95), 138 (1927.95), 136 (1928.07), 76 (1928.19), 68 (1928.31), 139 (1928.31), 141 (1928.43), 65 (1928.67), 143 (1928.67), 70 (1928.79), 144 (1928.91), 75 (1929.03), 73 (1929.15), 148 (1929.27), 147 (1929.39), 79 (1929.51), 149 (1929.51), 
Result: TEAM 0 WIN*
