Mode: RANDOM
120.24 s > TEAM: 0 	F: 1 	 (1002) 	S: 0 	 (1001) 	T: 3 	 (1000) 	LAP 1
120.24 s > TEAM: 1 	F: 159 	 (1004) 	S: 154 	 (1002) 	T: 81 	 (1000) 	LAP 1
180.24 s > TEAM: 1 	F: 159 	 (2002) 	S: 154 	 (2001) 	T: 81 	 (2000) 	LAP 2
240.24 s > TEAM: 0 	F: 1 	 (2002) 	S: 0 	 (2001) 	T: 3 	 (2000) 	LAP 2
300.24 s > TEAM: 1 	F: 159 	 (3002) 	S: 154 	 (3001) 	T: 81 	 (3000) 	LAP 3
360.24 s > TEAM: 0 	F: 1 	 (3002) 	S: 0 	 (3001) 	T: 3 	 (3000) 	LAP 3
420.24 s > TEAM: 1 	F: 159 	 (4004) 	S: 154 	 (4003) 	T: 81 	 (4000) 	LAP 4
480.24 s > TEAM: 0 	F: 1 	 (4002) 	S: 0 	 (4001) 	T: 3 	 (4000) 	LAP 4
480.24 s > TEAM: 1 	F: 159 	 (5004) 	S: 154 	 (5003) 	T: 81 	 (5000) 	LAP 5
540.24 s > TEAM: 1 	F: 159 	 (6004) 	S: 154 	 (6003) 	T: 81 	 (6000) 	LAP 6
600.24 s > TEAM: 0 	F: 1 	 (5002) 	S: 0 	 (5001) 	T: 3 	 (5000) 	LAP 5
720.24 s > TEAM: 0 	F: 1 	 (6004) 	S: 0 	 (6001) 	T: 3 	 (6000) 	LAP 6
840.24 s > TEAM: 0 	F: 1 	 (7502) 	S: 0 	 (7001) 	T: 3 	 (7000) 	LAP 7
840.36 s > TEAM: 1 	F: 159 	 (9503) 	S: 81 	 (9001) 	T: 80 	 (7000) 	LAP 7
960.24 s > TEAM: 0 	F: 1 	 (8502) 	S: 0 	 (8001) 	T: 3 	 (8000) 	LAP 8
960.36 s > TEAM: 1 	F: 159 	 (11003) 	S: 81 	 (10001) 	T: 80 	 (8000) 	LAP 8
1080.24 s > TEAM: 0 	F: 1 	 (9502) 	S: 0 	 (9001) 	T: 3 	 (9000) 	LAP 9
1080.36 s > TEAM: 1 	F: 159 	 (12006) 	S: 81 	 (11002) 	T: 80 	 (9000) 	LAP 9
1200.24 s > TEAM: 0 	F: 1 	 (11004) 	S: 0 	 (10002) 	T: 3 	 (10000) 	LAP 10
1200.36 s > TEAM: 1 	F: 159 	 (13503) 	S: 81 	 (13001) 	T: 80 	 (10000) 	LAP 10
1260.24 s > TEAM: 0 	F: 1 	 (12002) 	S: 0 	 (11001) 	T: 3 	 (11000) 	LAP 11
1320.36 s > TEAM: 1 	F: 159 	 (14503) 	S: 81 	 (14001) 	T: 80 	 (11000) 	LAP 11
1380.24 s > TEAM: 0 	F: 1 	 (13004) 	S: 0 	 (12001) 	T: 3 	 (12000) 	LAP 12
1440.36 s > TEAM: 1 	F: 159 	 (16000) 	S: 81 	 (15002) 	T: 80 	 (12000) 	LAP 12
1500.24 s > TEAM: 0 	F: 1 	 (15004) 	S: 0 	 (13001) 	T: 3 	 (13000) 	LAP 13
1560.36 s > TEAM: 1 	F: 81 	 (16000) 	S: 159 	 (16000) 	T: 80 	 (13000) 	LAP 13
1620.24 s > TEAM: 0 	F: 1 	 (16000) 	S: 0 	 (14002) 	T: 3 	 (14000) 	LAP 14
1680.36 s > TEAM: 1 	F: 81 	 (16000) 	S: 159 	 (16000) 	T: 80 	 (14000) 	LAP 14
1740.24 s > TEAM: 0 	F: 0 	 (16000) 	S: 1 	 (16000) 	T: 3 	 (15000) 	LAP 15
1740.36 s > TEAM: 1 	F: 81 	 (16000) 	S: 159 	 (16000) 	T: 80 	 (15000) 	LAP 15
1800.36 s > TEAM: 1 	F: 80 	 (16000) 	S: 81 	 (16000) 	T: 159 	 (16000) 	LAP 16
1860.24 s > TEAM: 0 	F: 0 	 (16000) 	S: 1 	 (16000) 	T: 3 	 (16000) 	LAP 16
Broken Team 0: 4 (15), 7 (12), 19 (6), 26 (8), 27 (4), 28 (5), 29 (2), 30 (10), 31 (13), 33 (2), 35 (2), 36 (2), 44 (3), 47 (7), 49 (9), 54 (3), 60 (15), 61 (0), 64 (7), 66 (1), 67 (6), 69 (8), 71 (15), 72 (14), 74 (1), 
Broken Team 1: 82 (1), 86 (2), 87 (10), 90 (3), 92 (10), 94 (14), 95 (2), 99 (5), 100 (5), 102 (10), 106 (3), 109 (9), 115 (9), 116 (10), 119 (1), 121 (5), 122 (8), 135 (13), 137 (5), 139 (9), 140 (3), 142 (9), 144 (13), 146 (5), 149 (4), 150 (11), 151 (5), 152 (6), 154 (6), 
Finishing order: 159 (1440.33), 81 (1500.27), 1 (1560.03), 0 (1740.15), 80 (1800.39), 3 (1860.27), 83 (1860.63), 84 (1860.75), 5 (1920.51), 6 (1920.63), 9 (1920.87), 65 (1920.99), 85 (1920.99), 2 (1921.23), 89 (1921.23), 8 (1921.35), 158 (1921.35), 10 (1921.47), 88 (1921.47), 11 (1921.59), 156 (1921.59), 12 (1921.71), 14 (1921.83), 91 (1921.83), 15 (1921.95), 157 (1921.95), 13 (1922.07), 16 (1922.19), 93 (1922.19), 17 (1922.31), 18 (1922.43), 153 (1922.43), 21 (1922.55), 96 (1922.55), 155 (1922.67), 22 (1922.79), 20 (1922.91), 23 (1923.03), 25 (1923.15), 98 (1923.15), 24 (1923.27), 101 (1923.51), 138 (1923.63), 97 (1923.87), 104 (1923.99), 32 (1924.11), 105 (1924.11), 103 (1924.23), 34 (1924.35), 37 (1924.59), 38 (1924.83), 108 (1924.83), 39 (1924.95), 111 (1924.95), 40 (1925.07), 107 (1925.07), 41 (1925.19), 43 (1925.31), 112 (1925.31), 45 (1925.43), 110 (1925.43), 113 (1925.55), 46 (1925.67), 114 (1925.79), 48 (1925.91), 42 (1926.03), 118 (1926.03), 52 (1926.15), 117 (1926.15), 51 (1926.39), 120 (1926.39), 53 (1926.51), 50 (1926.63), 55 (1926.75), 123 (1926.75), 124 (1926.87), 56 (1926.99), 125 (1926.99), 59 (1927.11), 126 (1927.11), 58 (1927.23), 127 (1927.23), 128 (1927.35), 129 (1927.47), 57 (1927.59), 130 (1927.59), 62 (1927.71), 131 (1927.71), 63 (1927.83), 132 (1927.83), 133 (1927.95), 134 (1928.07), 68 (1928.19), 136 (1928.31), 141 (1928.43), 73 (1928.67), 143 (1928.67), 70 (1928.79), 75 (1928.91), 145 (1928.91), 77 (1929.15), 147 (1929.15), 76 (1929.27), 78 (1929.39), 148 (1929.39), 79 (1929.51), 
Result: TEAM 1 WIN*
