Mode: RANDOM
120.24 s > TEAM: 0 	F: 0 	 (1004) 	S: 1 	 (1001) 	T: 3 	 (1000) 	LAP 1
120.24 s > TEAM: 1 	F: 159 	 (1004) 	S: 85 	 (1001) 	T: 80 	 (1000) 	LAP 1
240.24 s > TEAM: 0 	F: 0 	 (3004) 	S: 1 	 (2002) 	T: 3 	 (2000) 	LAP 2
240.24 s > TEAM: 1 	F: 159 	 (3004) 	S: 85 	 (2002) 	T: 80 	 (2000) 	LAP 2
360.24 s > TEAM: 0 	F: 0 	 (5002) 	S: 1 	 (4002) 	T: 3 	 (3000) 	LAP 3
360.24 s > TEAM: 1 	F: 159 	 (5002) 	S: 85 	 (4002) 	T: 80 	 (3000) 	LAP 3
480.24 s > TEAM: 0 	F: 0 	 (6004) 	S: 1 	 (6001) 	T: 3 	 (4000) 	LAP 4
480.24 s > TEAM: 1 	F: 159 	 (6004) 	S: 85 	 (6002) 	T: 80 	 (4000) 	LAP 4
600.24 s > TEAM: 0 	F: 0 	 (7502) 	S: 1 	 (7001) 	T: 3 	 (5000) 	LAP 5
600.24 s > TEAM: 1 	F: 85 	 (8002) 	S: 159 	 (7502) 	T: 80 	 (5000) 	LAP 5
720.24 s > TEAM: 0 	F: 0 	 (9000) 	S: 1 	 (8001) 	T: 3 	 (6000) 	LAP 6
720.24 s > TEAM: 1 	F: 85 	 (9501) 	S: 159 	 (8502) 	T: 80 	 (6000) 	LAP 6
840.24 s > TEAM: 0 	F: 0 	 (10501) 	S: 1 	 (9002) 	T: 3 	 (7000) 	LAP 7
840.24 s > TEAM: 1 	F: 85 	 (11002) 	S: 159 	 (9502) 	T: 80 	 (7000) 	LAP 7
960.24 s > TEAM: 0 	F: 0 	 (11750) 	S: 1 	 (10501) 	T: 3 	 (8000) 	LAP 8
960.24 s > TEAM: 1 	F: 85 	 (13001) 	S: 159 	 (10502) 	T: 80 	 (8000) 	LAP 8
1080.24 s > TEAM: 0 	F: 0 	 (12750) 	S: 1 	 (11501) 	T: 3 	 (9000) 	LAP 9
1080.24 s > TEAM: 1 	F: 85 	 (14002) 	S: 159 	 (11502) 	T: 80 	 (9000) 	LAP 9
1200.24 s > TEAM: 0 	F: 0 	 (14250) 	S: 1 	 (12501) 	T: 3 	 (10000) 	LAP 10
1200.24 s > TEAM: 1 	F: 85 	 (16000) 	S: 159 	 (13004) 	T: 80 	 (10000) 	LAP 10
1260.24 s > TEAM: 1 	F: 85 	 (16000) 	S: 159 	 (14004) 	T: 80 	 (11000) 	LAP 11
1320.24 s > TEAM: 0 	F: 0 	 (15250) 	S: 1 	 (13501) 	T: 3 	 (11000) 	LAP 11
1380.24 s > TEAM: 1 	F: 85 	 (16000) 	S: 159 	 (15502) 	T: 80 	 (12000) 	LAP 12
1440.24 s > TEAM: 0 	F: 0 	 (16000) 	S: 1 	 (14501) 	T: 3 	 (12000) 	LAP 12
1500.24 s > TEAM: 1 	F: 85 	 (16000) 	S: 159 	 (16000) 	T: 80 	 (13000) 	LAP 13
1560.24 s > TEAM: 0 	F: 0 	 (16000) 	S: 1 	 (15501) 	T: 3 	 (13000) 	LAP 13
1560.24 s > TEAM: 1 	F: 85 	 (16000) 	S: 159 	 (16000) 	T: 80 	 (14000) 	LAP 14
1620.24 s > TEAM: 1 	F: 85 	 (16000) 	S: 159 	 (16000) 	T: 80 	 (15000) 	LAP 15
1680.24 s > TEAM: 0 	F: 0 	 (16000) 	S: 1 	 (16000) 	T: 3 	 (14000) 	LAP 14
1740.24 s > TEAM: 1 	F: 80 	 (16000) 	S: 85 	 (16000) 	T: 159 	 (16000) 	LAP 16
1800.24 s > TEAM: 0 	F: 0 	 (16000) 	S: 1 	 (16000) 	T: 3 	 (15000) 	LAP 15
1860.24 s > TEAM: 0 	F: 0 	 (16000) 	S: 1 	 (16000) 	T: 3 	 (16000) 	LAP 16
Broken Team 0: 4 (3), 6 (2), 11 (0), 13 (14), 17 (0), 18 (0), 19 (1), 21 (8), 25 (13), 28 (2), 31 (8), 34 (5), 36 (2), 37 (8), 38 (13), 40 (7), 47 (6), 48 (3), 56 (1), 59 (3), 61 (9), 66 (6), 67 (7), 68 (0), 69 (12), 72 (1), 77 (2), 
Broken Team 1: 81 (13), 82 (9), 84 (10), 87 (2), 89 (1), 94 (13), 95 (5), 96 (9), 97 (1), 99 (13), 107 (11), 114 (13), 115 (14), 116 (7), 118 (9), 120 (0), 121 (10), 122 (5), 123 (12), 135 (13), 137 (14), 138 (5), 142 (10), 143 (0), 146 (12), 147 (0), 
Finishing order: 85 (1200.15), 0 (1410.21), 159 (1440.03), 1 (1620.15), 80 (1740.27), 158 (1740.39), 86 (1800.51), 90 (1800.87), 88 (1800.99), 3 (1860.27), 39 (1860.39), 5 (1860.63), 2 (1920.87), 9 (1920.99), 10 (1921.11), 91 (1921.11), 7 (1921.23), 8 (1921.35), 98 (1921.47), 12 (1921.59), 100 (1921.71), 15 (1921.83), 101 (1921.83), 14 (1921.95), 103 (1921.95), 104 (1922.19), 105 (1922.31), 22 (1922.43), 106 (1922.43), 20 (1922.55), 102 (1922.55), 110 (1922.67), 16 (1922.79), 111 (1922.79), 23 (1922.91), 112 (1922.91), 27 (1923.03), 113 (1923.03), 26 (1923.15), 24 (1923.51), 117 (1923.51), 29 (1923.63), 33 (1923.75), 32 (1923.87), 119 (1923.87), 35 (1924.11), 30 (1924.35), 45 (1924.47), 124 (1924.47), 108 (1924.59), 46 (1924.71), 125 (1924.71), 126 (1924.83), 130 (1924.95), 41 (1925.07), 127 (1925.07), 128 (1925.19), 51 (1925.31), 132 (1925.31), 50 (1925.43), 133 (1925.43), 49 (1925.55), 131 (1925.55), 53 (1925.67), 134 (1925.67), 52 (1925.79), 55 (1925.91), 136 (1925.91), 54 (1926.03), 57 (1926.15), 109 (1926.27), 60 (1926.39), 144 (1926.39), 58 (1926.63), 145 (1926.75), 63 (1926.87), 152 (1926.87), 65 (1926.99), 148 (1926.99), 62 (1927.11), 149 (1927.23), 73 (1927.35), 150 (1927.35), 64 (1927.47), 153 (1927.47), 139 (1927.59), 71 (1927.71), 129 (1927.71), 76 (1927.83), 154 (1927.83), 74 (1927.95), 155 (1927.95), 141 (1928.07), 75 (1928.19), 156 (1928.19), 79 (1928.31), 157 (1928.31), 78 (1928.43), 43 (1928.55), 42 (1928.67), 44 (1928.79), 83 (1928.79), 140 (1928.91), 93 (1929.03), 70 (1929.27), 92 (1929.27), 151 (1929.51), 
Result: TEAM 1 WIN*
