Mode: RANDOM
120.24 s > TEAM: 0 	F: 1 	 (1004) 	S: 3 	 (1002) 	T: 2 	 (1000) 	LAP 1
120.24 s > TEAM: 1 	F: 159 	 (1004) 	S: 80 	 (1002) 	T: 81 	 (1000) 	LAP 1
240.24 s > TEAM: 0 	F: 3 	 (3002) 	S: 1 	 (2414) 	T: 2 	 (2000) 	LAP 2
240.24 s > TEAM: 1 	F: 159 	 (3002) 	S: 80 	 (3001) 	T: 81 	 (2000) 	LAP 2
360.24 s > TEAM: 1 	F: 159 	 (4002) 	S: 80 	 (4001) 	T: 81 	 (3000) 	LAP 3
360.48 s > TEAM: 0 	F: 3 	 (5006) 	S: 2 	 (3002) 	T: 5 	 (3000) 	LAP 3
480.24 s > TEAM: 1 	F: 159 	 (5004) 	S: 80 	 (5001) 	T: 81 	 (4000) 	LAP 4
480.48 s > TEAM: 0 	F: 3 	 (6503) 	S: 2 	 (4002) 	T: 5 	 (4000) 	LAP 4
600.24 s > TEAM: 1 	F: 159 	 (6502) 	S: 80 	 (6001) 	T: 81 	 (5000) 	LAP 5
600.48 s > TEAM: 0 	F: 3 	 (7503) 	S: 2 	 (5002) 	T: 5 	 (5000) 	LAP 5
720.24 s > TEAM: 1 	F: 159 	 (7502) 	S: 80 	 (6206) 	T: 81 	 (6000) 	LAP 6
720.48 s > TEAM: 0 	F: 3 	 (8503) 	S: 2 	 (6002) 	T: 5 	 (6000) 	LAP 6
840.36 s > TEAM: 1 	F: 159 	 (9003) 	S: 81 	 (7001) 	T: 82 	 (7000) 	LAP 7
840.48 s > TEAM: 0 	F: 3 	 (9382) 	S: 2 	 (7004) 	T: 5 	 (7000) 	LAP 7
960.36 s > TEAM: 1 	F: 159 	 (10006) 	S: 81 	 (8001) 	T: 82 	 (8000) 	LAP 8
960.48 s > TEAM: 0 	F: 3 	 (9382) 	S: 2 	 (9002) 	T: 5 	 (8000) 	LAP 8
1080.36 s > TEAM: 1 	F: 159 	 (11503) 	S: 81 	 (9001) 	T: 82 	 (9000) 	LAP 9
1080.48 s > TEAM: 0 	F: 2 	 (10004) 	S: 3 	 (9382) 	T: 5 	 (9000) 	LAP 9
1140.60 s > TEAM: 0 	F: 2 	 (11003) 	S: 5 	 (10002) 	T: 6 	 (10000) 	LAP 10
1200.60 s > TEAM: 1 	F: 159 	 (12999) 	S: 81 	 (10003) 	T: 158 	 (10000) 	LAP 10
1260.60 s > TEAM: 0 	F: 2 	 (12003) 	S: 5 	 (11002) 	T: 6 	 (11000) 	LAP 11
1320.60 s > TEAM: 1 	F: 159 	 (13999) 	S: 81 	 (11003) 	T: 158 	 (11000) 	LAP 11
1380.60 s > TEAM: 0 	F: 2 	 (13006) 	S: 5 	 (12002) 	T: 6 	 (12000) 	LAP 12
1440.60 s > TEAM: 1 	F: 159 	 (14999) 	S: 81 	 (12003) 	T: 158 	 (12000) 	LAP 12
1500.60 s > TEAM: 0 	F: 2 	 (14503) 	S: 5 	 (13002) 	T: 6 	 (13000) 	LAP 13
1560.60 s > TEAM: 1 	F: 159 	 (15999) 	S: 81 	 (13003) 	T: 158 	 (13000) 	LAP 13
1620.60 s > TEAM: 0 	F: 2 	 (15999) 	S: 5 	 (14002) 	T: 6 	 (14000) 	LAP 14
1680.60 s > TEAM: 1 	F: 159 	 (16000) 	S: 81 	 (14006) 	T: 158 	 (14000) 	LAP 14
1740.60 s > TEAM: 0 	F: 2 	 (16000) 	S: 5 	 (15002) 	T: 6 	 (15000) 	LAP 15
1800.60 s > TEAM: 1 	F: 159 	 (16000) 	S: 81 	 (15999) 	T: 158 	 (15000) 	LAP 15
1860.60 s > TEAM: 0 	F: 2 	 (16000) 	S: 5 	 (16000) 	T: 6 	 (16000) 	LAP 16
1920.60 s > TEAM: 1 	F: 81 	 (16000) 	S: 158 	 (16000) 	T: 159 	 (16000) 	LAP 16
Broken Team 0: 0 (9), 1 (2), 3 (9), 4 (2), 7 (3), 8 (0), 10 (7), 15 (0), 16 (4), 19 (8), 24 (15), 27 (7), 30 (2), 33 (8), 34 (1), 38 (7), 40 (1), 42 (10), 43 (5), 45 (0), 47 (2), 48 (14), 52 (6), 53 (4), 54 (3), 57 (3), 62 (2), 63 (10), 66 (10), 68 (1), 69 (1), 71 (8), 73 (5), 75 (15), 77 (6), 
Broken Team 1: 80 (6), 82 (9), 84 (0), 85 (9), 94 (5), 95 (7), 102 (6), 103 (1), 108 (2), 112 (6), 117 (3), 119 (4), 122 (11), 128 (15), 132 (8), 134 (14), 135 (9), 138 (5), 147 (4), 148 (10), 150 (12), 154 (10), 155 (12), 156 (12), 157 (2), 
Finishing order: 159 (1560.75), 2 (1620.75), 81 (1800.75), 5 (1860.39), 6 (1860.63), 158 (1920.63), 83 (1920.75), 9 (1920.99), 86 (1921.11), 11 (1921.23), 87 (1921.23), 12 (1921.47), 88 (1921.47), 14 (1921.59), 36 (1921.71), 89 (1921.71), 91 (1921.83), 90 (1921.95), 93 (1922.07), 17 (1922.19), 141 (1922.19), 18 (1922.31), 92 (1922.31), 13 (1922.43), 96 (1922.55), 20 (1922.67), 21 (1922.79), 98 (1922.79), 22 (1922.91), 97 (1922.91), 23 (1923.03), 99 (1923.03), 25 (1923.27), 105 (1923.27), 26 (1923.39), 106 (1923.39), 101 (1923.51), 29 (1923.63), 28 (1923.75), 107 (1923.87), 31 (1923.99), 104 (1923.99), 111 (1924.11), 113 (1924.23), 115 (1924.35), 35 (1924.47), 109 (1924.47), 41 (1924.59), 100 (1924.59), 114 (1924.71), 39 (1924.83), 37 (1924.95), 110 (1925.07), 118 (1925.19), 46 (1925.31), 120 (1925.31), 44 (1925.43), 121 (1925.43), 49 (1925.67), 153 (1925.67), 116 (1925.79), 50 (1925.91), 51 (1926.03), 123 (1926.15), 55 (1926.27), 125 (1926.27), 56 (1926.39), 124 (1926.39), 126 (1926.51), 129 (1926.63), 59 (1926.75), 60 (1926.99), 130 (1926.99), 58 (1927.11), 127 (1927.11), 131 (1927.23), 65 (1927.35), 133 (1927.35), 61 (1927.47), 139 (1927.47), 64 (1927.71), 137 (1927.71), 67 (1927.83), 142 (1927.95), 143 (1928.07), 136 (1928.19), 72 (1928.31), 144 (1928.31), 145 (1928.55), 74 (1928.67), 140 (1928.67), 70 (1928.79), 76 (1928.91), 151 (1928.91), 152 (1929.03), 78 (1929.15), 149 (1929.15), 146 (1929.27), 79 (1929.39), 32 (1929.51), 
Result: TEAM 0 WIN
