Mode: RANDOM
120.24 s > TEAM: 0 	F: 0 	 (1004) 	S: 2 	 (1002) 	T: 1 	 (1000) 	LAP 1
120.24 s > TEAM: 1 	F: 159 	 (1002) 	S: 156 	 (1001) 	T: 155 	 (1000) 	LAP 1
180.24 s > TEAM: 0 	F: 0 	 (2002) 	S: 2 	 (2001) 	T: 1 	 (2000) 	LAP 2
240.24 s > TEAM: 1 	F: 159 	 (2004) 	S: 156 	 (2002) 	T: 155 	 (2000) 	LAP 2
300.00 s > TEAM: 0 	F: 2 	 (3497) 	S: 1 	 (3249) 	T: 0 	 (3000) 	LAP 3
360.48 s > TEAM: 1 	F: 156 	 (4006) 	S: 155 	 (3002) 	T: 157 	 (3000) 	LAP 3
420.00 s > TEAM: 0 	F: 2 	 (5248) 	S: 1 	 (4499) 	T: 0 	 (4000) 	LAP 4
480.48 s > TEAM: 1 	F: 156 	 (6003) 	S: 155 	 (4002) 	T: 157 	 (4000) 	LAP 4
540.00 s > TEAM: 0 	F: 1 	 (6249) 	S: 2 	 (6248) 	T: 0 	 (5000) 	LAP 5
600.48 s > TEAM: 1 	F: 156 	 (7003) 	S: 155 	 (5002) 	T: 157 	 (5000) 	LAP 5
660.00 s > TEAM: 0 	F: 1 	 (7499) 	S: 2 	 (7248) 	T: 0 	 (6000) 	LAP 6
720.48 s > TEAM: 1 	F: 156 	 (8003) 	S: 155 	 (6002) 	T: 157 	 (6000) 	LAP 6
780.00 s > TEAM: 0 	F: 1 	 (9499) 	S: 2 	 (8248) 	T: 0 	 (7000) 	LAP 7
840.48 s > TEAM: 1 	F: 156 	 (9006) 	S: 155 	 (7002) 	T: 157 	 (7000) 	LAP 7
900.00 s > TEAM: 0 	F: 1 	 (11499) 	S: 2 	 (9248) 	T: 0 	 (8000) 	LAP 8
960.48 s > TEAM: 1 	F: 156 	 (11003) 	S: 155 	 (8002) 	T: 157 	 (8000) 	LAP 8
1020.00 s > TEAM: 0 	F: 1 	 (12749) 	S: 2 	 (10248) 	T: 0 	 (9000) 	LAP 9
1080.48 s > TEAM: 1 	F: 156 	 (12006) 	S: 155 	 (9002) 	T: 157 	 (9000) 	LAP 9
1140.00 s > TEAM: 0 	F: 1 	 (12895) 	S: 2 	 (11248) 	T: 0 	 (10000) 	LAP 10
1200.48 s > TEAM: 1 	F: 156 	 (12208) 	S: 155 	 (10002) 	T: 157 	 (10000) 	LAP 10
1260.00 s > TEAM: 0 	F: 1 	 (12895) 	S: 2 	 (12497) 	T: 0 	 (11000) 	LAP 11
1320.00 s > TEAM: 0 	F: 2 	 (13248) 	S: 1 	 (12895) 	T: 0 	 (12000) 	LAP 12
1320.48 s > TEAM: 1 	F: 156 	 (12208) 	S: 155 	 (11002) 	T: 157 	 (11000) 	LAP 11
1440.48 s > TEAM: 1 	F: 156 	 (12208) 	S: 155 	 (12002) 	T: 157 	 (12000) 	LAP 12
1500.36 s > TEAM: 0 	F: 2 	 (15251) 	S: 0 	 (14003) 	T: 3 	 (13000) 	LAP 13
1560.60 s > TEAM: 1 	F: 155 	 (13003) 	S: 157 	 (13001) 	T: 80 	 (13000) 	LAP 13
1620.36 s > TEAM: 0 	F: 2 	 (16000) 	S: 0 	 (15003) 	T: 3 	 (14000) 	LAP 14
1680.60 s > TEAM: 1 	F: 155 	 (14006) 	S: 157 	 (14001) 	T: 80 	 (14000) 	LAP 14
1740.36 s > TEAM: 0 	F: 0 	 (16000) 	S: 2 	 (16000) 	T: 3 	 (15000) 	LAP 15
1800.60 s > TEAM: 1 	F: 155 	 (16000) 	S: 157 	 (15002) 	T: 80 	 (15000) 	LAP 15
1860.36 s > TEAM: 0 	F: 0 	 (16000) 	S: 2 	 (16000) 	T: 3 	 (16000) 	LAP 16
1920.60 s > TEAM: 1 	F: 80 	 (16000) 	S: 155 	 (16000) 	T: 157 	 (16000) 	LAP 16
Broken Team 0: 1 (12), 5 (3), 8 (1), 12 (12), 16 (11), 18 (0), 19 (14), 21 (11), 22 (1), 23 (4), 42 (10), 44 (2), 46 (0), 49 (4), 51 (2), 53 (7), 54 (2), 55 (3), 57 (0), 69 (11), 75 (3), 77 (10), 79 (4), 
Broken Team 1: 81 (2), 85 (8), 91 (15), 105 (12), 106 (14), 108 (2), 109 (7), 110 (2), 111 (8), 113 (12), 117 (2), 120 (3), 122 (8), 129 (15), 133 (4), 135 (4), 136 (6), 144 (1), 149 (0), 156 (12), 158 (2), 159 (2), 
Finishing order: 2 (1590.21), 0 (1740.03), 155 (1800.27), 3 (1860.39), 157 (1860.51), 4 (1920.51), 80 (1920.63), 6 (1920.75), 7 (1920.87), 82 (1920.87), 83 (1920.99), 9 (1921.11), 84 (1921.11), 10 (1921.23), 11 (1921.35), 86 (1921.35), 154 (1921.47), 13 (1921.59), 87 (1921.59), 14 (1921.71), 153 (1921.71), 15 (1921.83), 88 (1921.83), 89 (1921.95), 17 (1922.07), 90 (1922.07), 92 (1922.31), 20 (1922.43), 93 (1922.43), 94 (1922.55), 95 (1922.67), 96 (1922.79), 25 (1922.91), 97 (1922.91), 30 (1923.03), 98 (1923.03), 27 (1923.15), 99 (1923.15), 31 (1923.27), 100 (1923.27), 32 (1923.39), 101 (1923.39), 35 (1923.51), 102 (1923.51), 34 (1923.63), 103 (1923.63), 33 (1923.75), 104 (1923.75), 36 (1923.87), 38 (1923.99), 37 (1924.11), 107 (1924.11), 39 (1924.23), 40 (1924.35), 41 (1924.59), 43 (1924.71), 112 (1924.83), 45 (1924.95), 114 (1924.95), 115 (1925.07), 47 (1925.19), 48 (1925.31), 116 (1925.31), 128 (1925.43), 118 (1925.55), 50 (1925.67), 52 (1925.79), 119 (1925.79), 121 (1925.91), 123 (1926.15), 56 (1926.27), 58 (1926.39), 124 (1926.39), 59 (1926.51), 125 (1926.51), 60 (1926.63), 127 (1926.63), 126 (1926.75), 63 (1926.87), 61 (1926.99), 130 (1926.99), 62 (1927.11), 131 (1927.11), 65 (1927.23), 132 (1927.23), 67 (1927.35), 134 (1927.35), 66 (1927.47), 68 (1927.59), 70 (1927.83), 137 (1927.83), 71 (1927.95), 138 (1927.95), 72 (1928.07), 139 (1928.07), 73 (1928.19), 140 (1928.19), 64 (1928.31), 141 (1928.31), 26 (1928.43), 142 (1928.43), 74 (1928.55), 145 (1928.67), 146 (1928.79), 76 (1928.91), 143 (1928.91), 78 (1929.03), 147 (1929.03), 148 (1929.15), 24 (1929.27), 150 (1929.27), 29 (1929.39), 151 (1929.39), 28 (1929.51), 152 (1929.51), 
Result: TEAM 0 WIN*
