Mode: RANDOM
120.24 s > TEAM: 0 	F: 0 	 (1002) 	S: 2 	 (1001) 	T: 1 	 (1000) 	LAP 1
120.24 s > TEAM: 1 	F: 159 	 (1004) 	S: 130 	 (1001) 	T: 80 	 (1000) 	LAP 1
240.24 s > TEAM: 0 	F: 0 	 (2002) 	S: 2 	 (2001) 	T: 1 	 (2000) 	LAP 2
240.24 s > TEAM: 1 	F: 159 	 (2502) 	S: 130 	 (2001) 	T: 80 	 (2000) 	LAP 2
360.24 s > TEAM: 0 	F: 0 	 (3004) 	S: 2 	 (3001) 	T: 1 	 (3000) 	LAP 3
360.24 s > TEAM: 1 	F: 159 	 (4002) 	S: 130 	 (3001) 	T: 80 	 (3000) 	LAP 3
480.24 s > TEAM: 0 	F: 0 	 (4502) 	S: 2 	 (4001) 	T: 1 	 (4000) 	LAP 4
480.24 s > TEAM: 1 	F: 159 	 (5002) 	S: 130 	 (4001) 	T: 80 	 (4000) 	LAP 4
600.24 s > TEAM: 0 	F: 0 	 (6004) 	S: 2 	 (5001) 	T: 1 	 (5000) 	LAP 5
600.24 s > TEAM: 1 	F: 159 	 (6002) 	S: 130 	 (5001) 	T: 80 	 (5000) 	LAP 5
720.24 s > TEAM: 0 	F: 0 	 (8002) 	S: 2 	 (6001) 	T: 1 	 (6000) 	LAP 6
720.24 s > TEAM: 1 	F: 159 	 (7002) 	S: 130 	 (6001) 	T: 80 	 (6000) 	LAP 6
840.24 s > TEAM: 0 	F: 0 	 (9004) 	S: 2 	 (7001) 	T: 1 	 (7000) 	LAP 7
840.24 s > TEAM: 1 	F: 159 	 (8004) 	S: 130 	 (7002) 	T: 80 	 (7000) 	LAP 7
900.24 s > TEAM: 1 	F: 159 	 (9002) 	S: 130 	 (8001) 	T: 80 	 (8000) 	LAP 8
960.24 s > TEAM: 0 	F: 0 	 (10502) 	S: 2 	 (8001) 	T: 1 	 (8000) 	LAP 8
1020.24 s > TEAM: 1 	F: 159 	 (10004) 	S: 130 	 (9001) 	T: 81 	 (9000) 	LAP 9
1080.24 s > TEAM: 0 	F: 0 	 (11996) 	S: 2 	 (9001) 	T: 1 	 (9000) 	LAP 9
1140.18 s > TEAM: 1 	F: 159 	 (11995) 	S: 130 	 (10001) 	T: 81 	 (10000) 	LAP 10
1200.18 s > TEAM: 1 	F: 159 	 (12495) 	S: 130 	 (11000) 	T: 81 	 (11000) 	LAP 11
1200.24 s > TEAM: 0 	F: 0 	 (12996) 	S: 2 	 (10001) 	T: 1 	 (10000) 	LAP 10
1320.12 s > TEAM: 1 	F: 159 	 (13495) 	S: 81 	 (12494) 	T: 130 	 (12000) 	LAP 12
1320.24 s > TEAM: 0 	F: 0 	 (13996) 	S: 2 	 (11001) 	T: 1 	 (11000) 	LAP 11
1440.12 s > TEAM: 1 	F: 159 	 (14495) 	S: 81 	 (13494) 	T: 130 	 (13000) 	LAP 13
1440.24 s > TEAM: 0 	F: 0 	 (14996) 	S: 2 	 (12001) 	T: 1 	 (12000) 	LAP 12
1560.24 s > TEAM: 0 	F: 0 	 (15996) 	S: 2 	 (13001) 	T: 1 	 (13000) 	LAP 13
1620.24 s > TEAM: 1 	F: 159 	 (15996) 	S: 81 	 (14996) 	T: 142 	 (14000) 	LAP 14
1680.24 s > TEAM: 0 	F: 0 	 (16000) 	S: 2 	 (14001) 	T: 1 	 (14000) 	LAP 14
1680.24 s > TEAM: 1 	F: 159 	 (16000) 	S: 81 	 (15496) 	T: 142 	 (15000) 	LAP 15
1740.72 s > TEAM: 1 	F: 80 	 (16000) 	S: 81 	 (16000) 	T: 159 	 (16000) 	LAP 16
1800.24 s > TEAM: 0 	F: 0 	 (16000) 	S: 2 	 (15001) 	T: 1 	 (15000) 	LAP 15
1920.24 s > TEAM: 0 	F: 0 	 (16000) 	S: 1 	 (16000) 	T: 2 	 (16000) 	LAP 16
Broken Team 0: 6 (0), 10 (8), 14 (10), 15 (14), 24 (13), 31 (2), 35 (13), 36 (4), 38 (6), 39 (0), 44 (7), 45 (9), 48 (0), 52 (6), 60 (6), 64 (12), 65 (15), 68 (1), 69 (14), 72 (9), 73 (2), 76 (2), 77 (10), 79 (0), 
Broken Team 1: 82 (2), 83 (15), 86 (13), 91 (0), 93 (13), 95 (2), 97 (14), 98 (11), 103 (11), 104 (11), 105 (5), 109 (13), 118 (1), 122 (13), 123 (2), 125 (8), 127 (15), 129 (14), 130 (13), 137 (0), 139 (11), 141 (5), 150 (13), 156 (9), 
Finishing order: 0 (1560.75), 159 (1620.75), 80 (1740.75), 81 (1740.75), 142 (1800.27), 158 (1860.63), 2 (1920.15), 1 (1920.27), 3 (1920.39), 4 (1920.51), 5 (1920.63), 7 (1920.87), 8 (1920.99), 84 (1920.99), 85 (1921.11), 11 (1921.23), 12 (1921.35), 87 (1921.35), 9 (1921.47), 88 (1921.47), 13 (1921.59), 89 (1921.59), 90 (1921.71), 92 (1921.83), 17 (1921.95), 16 (1922.07), 157 (1922.07), 18 (1922.19), 94 (1922.19), 19 (1922.31), 96 (1922.31), 20 (1922.43), 21 (1922.55), 22 (1922.67), 133 (1922.67), 23 (1922.91), 25 (1923.03), 99 (1923.03), 27 (1923.15), 26 (1923.27), 154 (1923.27), 28 (1923.39), 155 (1923.39), 29 (1923.51), 100 (1923.51), 30 (1923.63), 101 (1923.63), 33 (1923.75), 102 (1923.75), 32 (1923.87), 78 (1923.99), 106 (1924.11), 34 (1924.23), 108 (1924.23), 107 (1924.35), 37 (1924.59), 110 (1924.71), 111 (1924.83), 40 (1924.95), 112 (1924.95), 42 (1925.07), 114 (1925.07), 41 (1925.19), 115 (1925.19), 43 (1925.31), 113 (1925.31), 116 (1925.43), 117 (1925.55), 46 (1925.67), 119 (1925.79), 51 (1925.91), 120 (1925.91), 149 (1926.03), 53 (1926.27), 121 (1926.27), 49 (1926.39), 50 (1926.51), 126 (1926.51), 47 (1926.63), 124 (1926.63), 54 (1926.75), 59 (1926.87), 57 (1926.99), 128 (1926.99), 58 (1927.11), 63 (1927.23), 135 (1927.23), 55 (1927.35), 134 (1927.35), 136 (1927.47), 62 (1927.59), 131 (1927.59), 61 (1927.71), 132 (1927.71), 66 (1927.83), 56 (1927.95), 151 (1928.07), 67 (1928.19), 144 (1928.31), 140 (1928.43), 70 (1928.55), 146 (1928.55), 75 (1928.67), 148 (1928.67), 71 (1928.79), 138 (1928.79), 147 (1928.91), 143 (1929.03), 152 (1929.15), 74 (1929.27), 145 (1929.27), 153 (1929.39), 
Result: TEAM 1 WIN*
