Mode: RANDOM
120.24 s > TEAM: 0 	F: 0 	 (1002) 	S: 1 	 (1001) 	T: 2 	 (1000) 	LAP 1
120.24 s > TEAM: 1 	F: 159 	 (1004) 	S: 156 	 (1001) 	T: 158 	 (1000) 	LAP 1
240.24 s > TEAM: 0 	F: 0 	 (2004) 	S: 1 	 (2001) 	T: 2 	 (2000) 	LAP 2
240.24 s > TEAM: 1 	F: 159 	 (2502) 	S: 156 	 (2001) 	T: 158 	 (2000) 	LAP 2
360.24 s > TEAM: 0 	F: 0 	 (3351) 	S: 1 	 (3001) 	T: 2 	 (3000) 	LAP 3
360.24 s > TEAM: 1 	F: 159 	 (3502) 	S: 156 	 (3001) 	T: 158 	 (3000) 	LAP 3
480.24 s > TEAM: 1 	F: 159 	 (4502) 	S: 156 	 (4001) 	T: 158 	 (4000) 	LAP 4
480.36 s > TEAM: 0 	F: 1 	 (4002) 	S: 2 	 (4001) 	T: 3 	 (4000) 	LAP 4
600.24 s > TEAM: 1 	F: 159 	 (6002) 	S: 156 	 (5001) 	T: 158 	 (5000) 	LAP 5
600.36 s > TEAM: 0 	F: 1 	 (5004) 	S: 2 	 (5001) 	T: 3 	 (5000) 	LAP 5
720.24 s > TEAM: 1 	F: 159 	 (7002) 	S: 156 	 (6001) 	T: 158 	 (6000) 	LAP 6
720.48 s > TEAM: 0 	F: 1 	 (6503) 	S: 3 	 (6001) 	T: 4 	 (6000) 	LAP 6
840.24 s > TEAM: 1 	F: 159 	 (8004) 	S: 156 	 (7001) 	T: 158 	 (7000) 	LAP 7
840.48 s > TEAM: 0 	F: 1 	 (7503) 	S: 3 	 (7001) 	T: 4 	 (7000) 	LAP 7
960.24 s > TEAM: 1 	F: 159 	 (9502) 	S: 156 	 (8001) 	T: 158 	 (8000) 	LAP 8
960.48 s > TEAM: 0 	F: 1 	 (8503) 	S: 3 	 (8001) 	T: 4 	 (8000) 	LAP 8
1080.24 s > TEAM: 1 	F: 159 	 (10502) 	S: 156 	 (9001) 	T: 158 	 (9000) 	LAP 9
1080.48 s > TEAM: 0 	F: 1 	 (9503) 	S: 3 	 (9001) 	T: 4 	 (9000) 	LAP 9
1200.24 s > TEAM: 1 	F: 159 	 (11502) 	S: 156 	 (10001) 	T: 158 	 (10000) 	LAP 10
1200.48 s > TEAM: 0 	F: 1 	 (11006) 	S: 3 	 (10002) 	T: 4 	 (10000) 	LAP 10
1260.48 s > TEAM: 0 	F: 1 	 (12003) 	S: 3 	 (11002) 	T: 4 	 (11000) 	LAP 11
1320.24 s > TEAM: 1 	F: 159 	 (12502) 	S: 156 	 (11001) 	T: 158 	 (11000) 	LAP 11
1380.48 s > TEAM: 0 	F: 1 	 (13006) 	S: 3 	 (12005) 	T: 4 	 (12000) 	LAP 12
1440.24 s > TEAM: 1 	F: 159 	 (13502) 	S: 156 	 (12001) 	T: 158 	 (12000) 	LAP 12
1500.48 s > TEAM: 0 	F: 1 	 (15003) 	S: 3 	 (14002) 	T: 4 	 (13000) 	LAP 13
1560.24 s > TEAM: 1 	F: 159 	 (14502) 	S: 156 	 (13001) 	T: 158 	 (13000) 	LAP 13
1620.48 s > TEAM: 0 	F: 1 	 (16000) 	S: 3 	 (15004) 	T: 4 	 (14000) 	LAP 14
1680.24 s > TEAM: 1 	F: 159 	 (16000) 	S: 156 	 (14001) 	T: 158 	 (14000) 	LAP 14
1740.48 s > TEAM: 0 	F: 1 	 (16000) 	S: 3 	 (16000) 	T: 4 	 (15000) 	LAP 15
1800.24 s > TEAM: 1 	F: 159 	 (16000) 	S: 156 	 (15002) 	T: 158 	 (15000) 	LAP 15
1800.48 s > TEAM: 0 	F: 1 	 (16000) 	S: 3 	 (16000) 	T: 4 	 (16000) 	LAP 16
1920.24 s > TEAM: 1 	F: 156 	 (16000) 	S: 158 	 (16000) 	T: 159 	 (16000) 	LAP 16
Broken Team 0: 0 (3), 2 (5), 7 (6), 10 (7), 11 (11), 15 (8), 24 (1), 28 (3), 29 (5), 36 (0), 38 (5), 41 (13), 42 (6), 44 (2), 54 (11), 56 (15), 57 (0), 58 (11), 63 (6), 65 (13), 66 (10), 68 (3), 71 (3), 74 (15), 79 (1), 
Broken Team 1: 81 (7), 82 (3), 84 (9), 88 (11), 89 (5), 93 (13), 99 (2), 100 (10), 102 (11), 105 (7), 106 (1), 108 (10), 109 (0), 110 (3), 112 (1), 116 (9), 123 (13), 124 (6), 129 (9), 130 (6), 133 (9), 138 (9), 140 (11), 141 (1), 143 (1), 148 (1), 149 (11), 150 (0), 152 (4), 157 (3), 
Finishing order: 1 (1620.15), 159 (1680.03), 3 (1680.27), 4 (1800.51), 5 (1800.63), 156 (1860.15), 6 (1860.75), 158 (1920.27), 80 (1920.39), 154 (1920.87), 8 (1920.99), 83 (1920.99), 9 (1921.11), 85 (1921.23), 117 (1921.35), 86 (1921.47), 12 (1921.59), 87 (1921.59), 14 (1921.71), 155 (1921.71), 13 (1921.83), 16 (1922.07), 90 (1922.07), 17 (1922.19), 91 (1922.19), 18 (1922.31), 19 (1922.43), 94 (1922.43), 20 (1922.55), 95 (1922.55), 21 (1922.67), 92 (1922.67), 22 (1922.79), 96 (1922.79), 23 (1922.91), 97 (1922.91), 98 (1923.03), 25 (1923.15), 26 (1923.27), 27 (1923.39), 104 (1923.51), 30 (1923.63), 103 (1923.63), 32 (1923.87), 31 (1923.99), 35 (1924.11), 101 (1924.11), 34 (1924.23), 75 (1924.35), 107 (1924.35), 111 (1924.47), 37 (1924.59), 118 (1924.59), 33 (1924.71), 114 (1924.83), 119 (1924.95), 120 (1925.07), 40 (1925.19), 45 (1925.31), 122 (1925.31), 46 (1925.43), 48 (1925.55), 121 (1925.55), 43 (1925.79), 49 (1925.91), 125 (1925.91), 50 (1926.03), 52 (1926.15), 127 (1926.15), 51 (1926.27), 131 (1926.27), 53 (1926.39), 132 (1926.39), 136 (1926.63), 55 (1926.75), 134 (1926.75), 126 (1926.87), 59 (1926.99), 135 (1926.99), 64 (1927.11), 137 (1927.11), 60 (1927.23), 128 (1927.23), 139 (1927.35), 145 (1927.59), 73 (1927.71), 76 (1927.83), 70 (1927.95), 77 (1928.19), 144 (1928.19), 69 (1928.31), 62 (1928.43), 78 (1928.55), 67 (1928.67), 147 (1928.67), 146 (1928.79), 72 (1928.91), 153 (1928.91), 39 (1929.03), 142 (1929.03), 47 (1929.27), 113 (1929.27), 61 (1929.39), 115 (1929.39), 151 (1929.51), 
Result: TEAM 0 WIN*
