Mode: RANDOM
120.24 s > TEAM: 1 	F: 159 	 (1004) 	S: 80 	 (1002) 	T: 158 	 (1000) 	LAP 1
120.36 s > TEAM: 0 	F: 1 	 (1002) 	S: 2 	 (1001) 	T: 3 	 (1000) 	LAP 1
240.24 s > TEAM: 1 	F: 159 	 (3002) 	S: 80 	 (2501) 	T: 158 	 (2000) 	LAP 2
240.36 s > TEAM: 0 	F: 1 	 (2002) 	S: 2 	 (2001) 	T: 3 	 (2000) 	LAP 2
360.24 s > TEAM: 1 	F: 159 	 (4002) 	S: 80 	 (3501) 	T: 158 	 (3000) 	LAP 3
360.36 s > TEAM: 0 	F: 1 	 (3004) 	S: 2 	 (3001) 	T: 3 	 (3000) 	LAP 3
480.24 s > TEAM: 1 	F: 159 	 (5002) 	S: 80 	 (4501) 	T: 158 	 (4000) 	LAP 4
480.36 s > TEAM: 0 	F: 1 	 (5004) 	S: 2 	 (4002) 	T: 3 	 (4000) 	LAP 4
600.24 s > TEAM: 1 	F: 159 	 (6002) 	S: 80 	 (5501) 	T: 158 	 (5000) 	LAP 5
600.36 s > TEAM: 0 	F: 1 	 (6502) 	S: 2 	 (6002) 	T: 3 	 (5000) 	LAP 5
720.24 s > TEAM: 1 	F: 159 	 (7002) 	S: 80 	 (6501) 	T: 158 	 (6000) 	LAP 6
720.36 s > TEAM: 0 	F: 1 	 (7502) 	S: 2 	 (7501) 	T: 3 	 (6000) 	LAP 6
840.24 s > TEAM: 1 	F: 159 	 (8004) 	S: 80 	 (7501) 	T: 158 	 (7000) 	LAP 7
840.36 s > TEAM: 0 	F: 1 	 (8502) 	S: 2 	 (7757) 	T: 3 	 (7000) 	LAP 7
960.48 s > TEAM: 0 	F: 1 	 (9503) 	S: 3 	 (8001) 	T: 4 	 (8000) 	LAP 8
960.48 s > TEAM: 1 	F: 159 	 (10008) 	S: 80 	 (9003) 	T: 156 	 (8000) 	LAP 8
1080.48 s > TEAM: 0 	F: 1 	 (10503) 	S: 3 	 (9001) 	T: 4 	 (9000) 	LAP 9
1080.48 s > TEAM: 1 	F: 159 	 (11504) 	S: 80 	 (10003) 	T: 156 	 (9000) 	LAP 9
1200.48 s > TEAM: 0 	F: 1 	 (12003) 	S: 3 	 (10001) 	T: 4 	 (10000) 	LAP 10
1200.48 s > TEAM: 1 	F: 159 	 (12504) 	S: 80 	 (11003) 	T: 156 	 (10000) 	LAP 10
1320.48 s > TEAM: 0 	F: 1 	 (13003) 	S: 3 	 (11001) 	T: 4 	 (11000) 	LAP 11
1320.48 s > TEAM: 1 	F: 159 	 (13504) 	S: 80 	 (12003) 	T: 156 	 (11000) 	LAP 11
1440.48 s > TEAM: 0 	F: 1 	 (14006) 	S: 3 	 (12002) 	T: 4 	 (12000) 	LAP 12
1440.48 s > TEAM: 1 	F: 159 	 (15004) 	S: 80 	 (13003) 	T: 156 	 (12000) 	LAP 12
1500.48 s > TEAM: 0 	F: 1 	 (15003) 	S: 3 	 (13002) 	T: 4 	 (13000) 	LAP 13
1560.48 s > TEAM: 1 	F: 159 	 (16000) 	S: 80 	 (14006) 	T: 156 	 (13000) 	LAP 13
1590.54 s > TEAM: 0 	F: 1 	 (15753) 	S: 3 	 (14006) 	T: 5 	 (14000) 	LAP 14
1620.48 s > TEAM: 1 	F: 159 	 (16000) 	S: 80 	 (15006) 	T: 156 	 (14000) 	LAP 14
1680.96 s > TEAM: 1 	F: 159 	 (16000) 	S: 80 	 (15999) 	T: 156 	 (15000) 	LAP 15
1740.48 s > TEAM: 0 	F: 1 	 (16000) 	S: 5 	 (15499) 	T: 4 	 (15000) 	LAP 15
1800.90 s > TEAM: 1 	F: 80 	 (16000) 	S: 156 	 (16000) 	T: 159 	 (16000) 	LAP 16
1860.48 s > TEAM: 0 	F: 1 	 (16000) 	S: 4 	 (16000) 	T: 5 	 (16000) 	LAP 16
Broken Team 0: 0 (0), 2 (7), 3 (14), 8 (14), 11 (7), 12 (4), 13 (11), 18 (13), 25 (6), 30 (1), 31 (5), 32 (3), 38 (4), 41 (4), 43 (3), 45 (7), 46 (2), 49 (12), 51 (13), 53 (10), 54 (10), 57 (14), 64 (15), 65 (4), 67 (6), 70 (2), 73 (7), 74 (5), 75 (5), 78 (9), 79 (0), 
Broken Team 1: 81 (10), 88 (11), 91 (13), 95 (6), 100 (12), 101 (2), 104 (12), 106 (11), 109 (3), 110 (7), 111 (5), 112 (15), 113 (3), 118 (6), 121 (6), 123 (1), 127 (3), 130 (11), 131 (3), 132 (4), 136 (0), 137 (4), 143 (13), 146 (15), 149 (4), 155 (3), 158 (7), 
Finishing order: 159 (1560.03), 1 (1620.15), 80 (1681.11), 5 (1770.57), 156 (1800.93), 4 (1860.51), 7 (1860.75), 82 (1860.75), 6 (1860.87), 83 (1860.87), 84 (1920.99), 9 (1921.11), 85 (1921.11), 154 (1921.23), 10 (1921.35), 86 (1921.35), 87 (1921.47), 14 (1921.71), 89 (1921.71), 15 (1921.83), 90 (1921.83), 17 (1921.95), 153 (1921.95), 16 (1922.07), 92 (1922.19), 19 (1922.31), 157 (1922.31), 20 (1922.43), 152 (1922.43), 22 (1922.55), 151 (1922.55), 21 (1922.67), 93 (1922.67), 23 (1922.79), 94 (1922.79), 24 (1922.91), 26 (1923.03), 150 (1923.03), 27 (1923.15), 96 (1923.15), 28 (1923.27), 97 (1923.27), 98 (1923.39), 29 (1923.51), 99 (1923.63), 102 (1923.87), 33 (1923.99), 103 (1923.99), 34 (1924.11), 35 (1924.23), 147 (1924.23), 36 (1924.35), 105 (1924.35), 37 (1924.47), 148 (1924.59), 40 (1924.71), 107 (1924.71), 39 (1924.83), 108 (1924.95), 42 (1925.07), 44 (1925.31), 47 (1925.67), 145 (1925.67), 48 (1925.79), 114 (1925.79), 50 (1925.91), 115 (1925.91), 116 (1926.15), 52 (1926.27), 144 (1926.27), 117 (1926.51), 55 (1926.63), 142 (1926.75), 56 (1926.87), 119 (1926.87), 58 (1926.99), 120 (1926.99), 59 (1927.11), 140 (1927.11), 60 (1927.23), 122 (1927.23), 62 (1927.35), 63 (1927.47), 61 (1927.59), 141 (1927.59), 124 (1927.71), 125 (1927.83), 66 (1927.95), 126 (1927.95), 68 (1928.07), 128 (1928.19), 129 (1928.31), 72 (1928.43), 69 (1928.67), 133 (1928.79), 135 (1928.91), 76 (1929.03), 71 (1929.15), 77 (1929.27), 138 (1929.27), 134 (1929.39), 139 (1929.51), 
Result: TEAM 1 WIN
