Mode: RANDOM
120.24 s > TEAM: 0 	F: 0 	 (1002) 	S: 1 	 (1001) 	T: 2 	 (1000) 	LAP 1
120.24 s > TEAM: 1 	F: 159 	 (1002) 	S: 156 	 (1001) 	T: 155 	 (1000) 	LAP 1
240.24 s > TEAM: 0 	F: 0 	 (2002) 	S: 1 	 (2001) 	T: 2 	 (2000) 	LAP 2
240.24 s > TEAM: 1 	F: 159 	 (2004) 	S: 156 	 (2001) 	T: 155 	 (2000) 	LAP 2
360.24 s > TEAM: 0 	F: 0 	 (3004) 	S: 1 	 (3002) 	T: 2 	 (3000) 	LAP 3
360.24 s > TEAM: 1 	F: 159 	 (3502) 	S: 156 	 (3001) 	T: 155 	 (3000) 	LAP 3
480.24 s > TEAM: 1 	F: 159 	 (5000) 	S: 156 	 (4002) 	T: 155 	 (4000) 	LAP 4
480.36 s > TEAM: 0 	F: 1 	 (4502) 	S: 2 	 (4001) 	T: 3 	 (4000) 	LAP 4
600.24 s > TEAM: 1 	F: 159 	 (6001) 	S: 156 	 (5999) 	T: 155 	 (5000) 	LAP 5
600.36 s > TEAM: 0 	F: 1 	 (5502) 	S: 2 	 (5001) 	T: 3 	 (5000) 	LAP 5
720.24 s > TEAM: 1 	F: 159 	 (7999) 	S: 156 	 (7000) 	T: 155 	 (6000) 	LAP 6
720.36 s > TEAM: 0 	F: 1 	 (6502) 	S: 2 	 (6001) 	T: 3 	 (6000) 	LAP 6
840.24 s > TEAM: 1 	F: 159 	 (8999) 	S: 156 	 (8500) 	T: 155 	 (7000) 	LAP 7
840.36 s > TEAM: 0 	F: 1 	 (8001) 	S: 2 	 (7002) 	T: 3 	 (7000) 	LAP 7
900.36 s > TEAM: 0 	F: 1 	 (9000) 	S: 2 	 (8002) 	T: 3 	 (8000) 	LAP 8
960.24 s > TEAM: 1 	F: 159 	 (10499) 	S: 156 	 (9500) 	T: 155 	 (8000) 	LAP 8
1020.36 s > TEAM: 0 	F: 1 	 (10000) 	S: 2 	 (9500) 	T: 3 	 (9000) 	LAP 9
1080.24 s > TEAM: 1 	F: 159 	 (11499) 	S: 156 	 (10500) 	T: 155 	 (9000) 	LAP 9
1140.36 s > TEAM: 0 	F: 1 	 (11000) 	S: 2 	 (10500) 	T: 3 	 (10000) 	LAP 10
1200.24 s > TEAM: 1 	F: 159 	 (12998) 	S: 156 	 (11500) 	T: 155 	 (10000) 	LAP 10
1260.60 s > TEAM: 0 	F: 1 	 (12005) 	S: 2 	 (11752) 	T: 3 	 (11000) 	LAP 11
1320.24 s > TEAM: 1 	F: 159 	 (13998) 	S: 156 	 (12500) 	T: 155 	 (11000) 	LAP 11
1380.60 s > TEAM: 0 	F: 1 	 (13999) 	S: 2 	 (12752) 	T: 3 	 (12000) 	LAP 12
1440.24 s > TEAM: 1 	F: 159 	 (14998) 	S: 156 	 (13500) 	T: 155 	 (12000) 	LAP 12
1500.60 s > TEAM: 0 	F: 1 	 (14999) 	S: 2 	 (13998) 	T: 3 	 (13000) 	LAP 13
1560.24 s > TEAM: 1 	F: 159 	 (15998) 	S: 156 	 (14500) 	T: 155 	 (13000) 	LAP 13
1620.60 s > TEAM: 0 	F: 1 	 (15999) 	S: 2 	 (14998) 	T: 3 	 (14000) 	LAP 14
1680.24 s > TEAM: 1 	F: 159 	 (16000) 	S: 156 	 (15500) 	T: 155 	 (14000) 	LAP 14
1740.60 s > TEAM: 0 	F: 1 	 (16000) 	S: 2 	 (15999) 	T: 3 	 (15000) 	LAP 15
1800.24 s > TEAM: 1 	F: 156 	 (16000) 	S: 159 	 (16000) 	T: 155 	 (15000) 	LAP 15
1800.60 s > TEAM: 0 	F: 1 	 (16000) 	S: 2 	 (16000) 	T: 3 	 (16000) 	LAP 16
1860.24 s > TEAM: 1 	F: 155 	 (16000) 	S: 156 	 (16000) 	T: 159 	 (16000) 	LAP 16
Broken Team 0: 0 (3), 5 (12), 7 (10), 13 (14), 15 (14), 17 (11), 19 (0), 22 (8), 31 (3), 32 (2), 34 (3), 36 (6), 42 (2), 43 (10), 46 (3), 48 (10), 49 (4), 57 (1), 58 (9), 60 (1), 63 (4), 64 (10), 65 (13), 71 (9), 76 (14), 77 (1), 79 (13), 
Broken Team 1: 83 (4), 84 (7), 86 (5), 87 (13), 90 (8), 91 (0), 93 (1), 94 (10), 95 (3), 97 (3), 99 (5), 106 (8), 109 (10), 111 (3), 112 (11), 113 (9), 116 (13), 117 (0), 120 (14), 125 (14), 128 (5), 132 (4), 139 (4), 149 (12), 153 (1), 154 (12), 
Finishing order: 159 (1560.45), 1 (1620.75), 156 (1740.27), 2 (1740.69), 3 (1800.63), 155 (1860.27), 4 (1860.51), 158 (1860.51), 157 (1860.63), 6 (1860.87), 8 (1860.99), 148 (1920.99), 9 (1921.11), 147 (1921.11), 11 (1921.23), 144 (1921.23), 10 (1921.35), 145 (1921.35), 14 (1921.47), 146 (1921.47), 12 (1921.59), 35 (1921.71), 80 (1921.71), 81 (1921.83), 52 (1921.95), 82 (1921.95), 37 (1922.07), 38 (1922.19), 96 (1922.19), 39 (1922.31), 85 (1922.31), 89 (1922.43), 16 (1922.79), 20 (1922.91), 92 (1922.91), 18 (1923.03), 104 (1923.03), 21 (1923.27), 107 (1923.27), 23 (1923.39), 101 (1923.39), 25 (1923.51), 98 (1923.51), 27 (1923.75), 100 (1923.75), 33 (1923.87), 102 (1923.99), 30 (1924.11), 40 (1924.23), 103 (1924.23), 105 (1924.35), 41 (1924.47), 110 (1924.59), 44 (1924.71), 45 (1924.83), 114 (1924.95), 115 (1925.07), 51 (1925.31), 56 (1925.43), 69 (1925.55), 121 (1925.55), 119 (1925.67), 61 (1925.91), 108 (1925.91), 59 (1926.03), 123 (1926.27), 124 (1926.39), 70 (1926.51), 122 (1926.51), 127 (1926.63), 68 (1926.75), 130 (1926.75), 72 (1926.87), 118 (1926.87), 73 (1926.99), 126 (1926.99), 74 (1927.11), 131 (1927.11), 75 (1927.35), 129 (1927.59), 78 (1927.71), 133 (1927.71), 54 (1927.83), 134 (1927.83), 138 (1927.95), 28 (1928.07), 135 (1928.07), 26 (1928.19), 140 (1928.19), 55 (1928.31), 29 (1928.43), 136 (1928.43), 141 (1928.55), 143 (1928.67), 47 (1928.79), 137 (1928.79), 53 (1928.91), 150 (1928.91), 24 (1929.03), 66 (1929.15), 151 (1929.15), 62 (1929.27), 152 (1929.27), 67 (1929.39), 142 (1929.39), 50 (1929.51), 88 (1929.51), 
Result: TEAM 0 WIN*
