Mode: RANDOM
120.24 s > TEAM: 1 	F: 159 	 (1004) 	S: 157 	 (1002) 	T: 156 	 (1000) 	LAP 1
120.36 s > TEAM: 0 	F: 0 	 (1003) 	S: 2 	 (1002) 	T: 4 	 (1000) 	LAP 1
240.24 s > TEAM: 1 	F: 157 	 (2503) 	S: 159 	 (2502) 	T: 156 	 (2000) 	LAP 2
240.36 s > TEAM: 0 	F: 0 	 (2006) 	S: 2 	 (2002) 	T: 4 	 (2000) 	LAP 2
360.24 s > TEAM: 1 	F: 157 	 (4251) 	S: 159 	 (4002) 	T: 156 	 (3000) 	LAP 3
360.36 s > TEAM: 0 	F: 0 	 (3503) 	S: 2 	 (3002) 	T: 4 	 (3000) 	LAP 3
480.24 s > TEAM: 1 	F: 157 	 (5503) 	S: 159 	 (5002) 	T: 156 	 (4000) 	LAP 4
480.36 s > TEAM: 0 	F: 0 	 (5006) 	S: 2 	 (4002) 	T: 4 	 (4000) 	LAP 4
600.24 s > TEAM: 1 	F: 157 	 (6751) 	S: 159 	 (6002) 	T: 156 	 (5000) 	LAP 5
600.36 s > TEAM: 0 	F: 0 	 (7006) 	S: 2 	 (5002) 	T: 4 	 (5000) 	LAP 5
720.24 s > TEAM: 1 	F: 157 	 (7751) 	S: 159 	 (7002) 	T: 156 	 (6000) 	LAP 6
720.36 s > TEAM: 0 	F: 0 	 (8464) 	S: 2 	 (6004) 	T: 4 	 (6000) 	LAP 6
780.36 s > TEAM: 0 	F: 0 	 (8464) 	S: 2 	 (7002) 	T: 4 	 (7000) 	LAP 7
840.24 s > TEAM: 1 	F: 157 	 (8751) 	S: 159 	 (8002) 	T: 156 	 (7000) 	LAP 7
960.24 s > TEAM: 1 	F: 157 	 (9751) 	S: 159 	 (9002) 	T: 156 	 (8000) 	LAP 8
960.60 s > TEAM: 0 	F: 4 	 (9004) 	S: 0 	 (8464) 	T: 5 	 (8000) 	LAP 8
1020.84 s > TEAM: 0 	F: 4 	 (10004) 	S: 6 	 (9001) 	T: 7 	 (9000) 	LAP 9
1080.24 s > TEAM: 1 	F: 157 	 (11251) 	S: 159 	 (10002) 	T: 156 	 (9000) 	LAP 9
1140.84 s > TEAM: 0 	F: 4 	 (11004) 	S: 6 	 (10001) 	T: 7 	 (10000) 	LAP 10
1200.24 s > TEAM: 1 	F: 157 	 (12503) 	S: 159 	 (11002) 	T: 156 	 (10000) 	LAP 10
1320.24 s > TEAM: 1 	F: 157 	 (13751) 	S: 159 	 (12002) 	T: 156 	 (11000) 	LAP 11
1320.96 s > TEAM: 0 	F: 4 	 (12505) 	S: 6 	 (11502) 	T: 8 	 (11000) 	LAP 11
1440.24 s > TEAM: 1 	F: 157 	 (15491) 	S: 159 	 (13004) 	T: 156 	 (12000) 	LAP 12
1440.96 s > TEAM: 0 	F: 4 	 (13101) 	S: 6 	 (13002) 	T: 8 	 (12000) 	LAP 12
1500.24 s > TEAM: 1 	F: 157 	 (16000) 	S: 159 	 (13676) 	T: 156 	 (13000) 	LAP 13
1560.96 s > TEAM: 0 	F: 6 	 (14002) 	S: 4 	 (13101) 	T: 8 	 (13000) 	LAP 13
1680.36 s > TEAM: 1 	F: 157 	 (16000) 	S: 156 	 (14501) 	T: 158 	 (14000) 	LAP 14
1681.20 s > TEAM: 0 	F: 6 	 (15004) 	S: 8 	 (14002) 	T: 11 	 (14000) 	LAP 14
1800.36 s > TEAM: 1 	F: 156 	 (16000) 	S: 157 	 (16000) 	T: 158 	 (15000) 	LAP 15
1801.20 s > TEAM: 0 	F: 6 	 (16000) 	S: 8 	 (15002) 	T: 11 	 (15000) 	LAP 15
1860.36 s > TEAM: 1 	F: 156 	 (16000) 	S: 157 	 (16000) 	T: 158 	 (16000) 	LAP 16
1921.20 s > TEAM: 0 	F: 6 	 (16000) 	S: 8 	 (16000) 	T: 11 	 (16000) 	LAP 16
Broken Team 0: 0 (8), 1 (6), 2 (7), 3 (0), 4 (13), 5 (8), 7 (10), 9 (4), 10 (1), 15 (10), 16 (0), 20 (5), 23 (11), 24 (14), 25 (1), 32 (5), 34 (11), 35 (5), 40 (2), 41 (11), 42 (7), 45 (10), 46 (9), 47 (12), 52 (7), 53 (10), 57 (0), 59 (10), 60 (6), 67 (6), 70 (14), 71 (10), 74 (13), 76 (14), 77 (10), 78 (0), 79 (8), 
Broken Team 1: 80 (12), 85 (1), 94 (15), 103 (2), 107 (14), 112 (4), 123 (12), 127 (5), 128 (1), 136 (6), 140 (13), 141 (15), 145 (3), 149 (2), 150 (0), 151 (1), 155 (11), 159 (13), 
Finishing order: 157 (1470.81), 156 (1800.27), 6 (1800.75), 158 (1860.39), 81 (1860.75), 82 (1920.87), 8 (1920.99), 83 (1920.99), 11 (1921.23), 84 (1921.23), 12 (1921.47), 86 (1921.47), 13 (1921.59), 154 (1921.59), 14 (1921.71), 153 (1921.71), 152 (1921.83), 87 (1921.95), 17 (1922.07), 88 (1922.19), 44 (1922.31), 18 (1922.43), 137 (1922.43), 19 (1922.55), 89 (1922.55), 90 (1922.67), 92 (1922.79), 91 (1922.91), 22 (1923.03), 93 (1923.03), 26 (1923.27), 95 (1923.27), 27 (1923.39), 96 (1923.39), 28 (1923.51), 97 (1923.51), 29 (1923.63), 99 (1923.63), 21 (1923.75), 98 (1923.75), 30 (1923.87), 100 (1923.87), 31 (1923.99), 101 (1923.99), 102 (1924.11), 33 (1924.23), 104 (1924.35), 36 (1924.47), 105 (1924.47), 37 (1924.59), 106 (1924.59), 38 (1924.71), 39 (1924.83), 108 (1924.83), 110 (1924.95), 109 (1925.07), 111 (1925.19), 55 (1925.43), 114 (1925.43), 115 (1925.55), 43 (1925.67), 113 (1925.67), 54 (1925.79), 116 (1925.79), 117 (1925.91), 48 (1926.03), 118 (1926.03), 49 (1926.15), 120 (1926.15), 50 (1926.27), 122 (1926.27), 51 (1926.39), 119 (1926.39), 124 (1926.51), 58 (1926.63), 125 (1926.63), 121 (1926.87), 126 (1926.99), 56 (1927.11), 62 (1927.23), 64 (1927.35), 130 (1927.35), 65 (1927.47), 131 (1927.47), 61 (1927.59), 129 (1927.59), 133 (1927.71), 66 (1927.83), 134 (1927.83), 68 (1927.95), 69 (1928.07), 132 (1928.19), 73 (1928.31), 138 (1928.31), 63 (1928.43), 142 (1928.55), 143 (1928.67), 144 (1928.79), 72 (1928.91), 75 (1929.03), 146 (1929.03), 147 (1929.15), 148 (1929.27), 139 (1929.39), 135 (1929.51), 
Result: TEAM 0 WIN*
