Mode: RANDOM
120.24 s > TEAM: 0 	F: 1 	 (1002) 	S: 3 	 (1001) 	T: 2 	 (1000) 	LAP 1
120.24 s > TEAM: 1 	F: 159 	 (1004) 	S: 80 	 (1002) 	T: 114 	 (1000) 	LAP 1
240.24 s > TEAM: 0 	F: 1 	 (2004) 	S: 3 	 (2001) 	T: 2 	 (2000) 	LAP 2
240.24 s > TEAM: 1 	F: 80 	 (2503) 	S: 159 	 (2502) 	T: 114 	 (2000) 	LAP 2
360.24 s > TEAM: 0 	F: 1 	 (3502) 	S: 3 	 (3001) 	T: 2 	 (3000) 	LAP 3
360.24 s > TEAM: 1 	F: 80 	 (4503) 	S: 159 	 (4004) 	T: 114 	 (3000) 	LAP 3
480.24 s > TEAM: 0 	F: 1 	 (5004) 	S: 3 	 (4002) 	T: 2 	 (4000) 	LAP 4
480.24 s > TEAM: 1 	F: 80 	 (5751) 	S: 159 	 (5502) 	T: 114 	 (4000) 	LAP 4
600.24 s > TEAM: 0 	F: 1 	 (7002) 	S: 3 	 (5501) 	T: 2 	 (5000) 	LAP 5
600.24 s > TEAM: 1 	F: 80 	 (6751) 	S: 159 	 (6502) 	T: 114 	 (5000) 	LAP 5
720.24 s > TEAM: 0 	F: 1 	 (8002) 	S: 3 	 (6501) 	T: 2 	 (6000) 	LAP 6
720.24 s > TEAM: 1 	F: 80 	 (7751) 	S: 159 	 (7502) 	T: 114 	 (6000) 	LAP 6
840.24 s > TEAM: 0 	F: 1 	 (9002) 	S: 3 	 (7501) 	T: 2 	 (7000) 	LAP 7
840.24 s > TEAM: 1 	F: 80 	 (9503) 	S: 159 	 (9002) 	T: 114 	 (7000) 	LAP 7
960.24 s > TEAM: 0 	F: 1 	 (10004) 	S: 3 	 (8501) 	T: 2 	 (8000) 	LAP 8
960.24 s > TEAM: 1 	F: 80 	 (11251) 	S: 159 	 (10002) 	T: 114 	 (8000) 	LAP 8
1080.24 s > TEAM: 0 	F: 1 	 (11502) 	S: 3 	 (9501) 	T: 2 	 (9000) 	LAP 9
1080.24 s > TEAM: 1 	F: 80 	 (12251) 	S: 159 	 (11002) 	T: 114 	 (9000) 	LAP 9
1200.24 s > TEAM: 0 	F: 1 	 (13002) 	S: 3 	 (11001) 	T: 2 	 (10000) 	LAP 10
1200.24 s > TEAM: 1 	F: 80 	 (13251) 	S: 159 	 (12002) 	T: 114 	 (10000) 	LAP 10
1320.24 s > TEAM: 0 	F: 1 	 (14002) 	S: 3 	 (12001) 	T: 2 	 (11000) 	LAP 11
1320.24 s > TEAM: 1 	F: 80 	 (14251) 	S: 159 	 (13002) 	T: 114 	 (11000) 	LAP 11
1440.24 s > TEAM: 0 	F: 1 	 (15004) 	S: 3 	 (13002) 	T: 2 	 (12000) 	LAP 12
1440.24 s > TEAM: 1 	F: 80 	 (15251) 	S: 159 	 (14002) 	T: 114 	 (12000) 	LAP 12
1500.24 s > TEAM: 0 	F: 1 	 (16000) 	S: 3 	 (14001) 	T: 2 	 (13000) 	LAP 13
1560.24 s > TEAM: 1 	F: 80 	 (16000) 	S: 159 	 (15002) 	T: 114 	 (13000) 	LAP 13
1620.24 s > TEAM: 0 	F: 1 	 (16000) 	S: 3 	 (15001) 	T: 2 	 (14000) 	LAP 14
1680.24 s > TEAM: 1 	F: 80 	 (16000) 	S: 159 	 (16000) 	T: 114 	 (14000) 	LAP 14
1740.24 s > TEAM: 0 	F: 1 	 (16000) 	S: 3 	 (16000) 	T: 2 	 (15000) 	LAP 15
1740.24 s > TEAM: 1 	F: 80 	 (16000) 	S: 159 	 (16000) 	T: 114 	 (15000) 	LAP 15
1860.24 s > TEAM: 0 	F: 1 	 (16000) 	S: 2 	 (16000) 	T: 3 	 (16000) 	LAP 16
1860.24 s > TEAM: 1 	F: 80 	 (16000) 	S: 114 	 (16000) 	T: 159 	 (16000) 	LAP 16
Broken Team 0: 8 (2), 14 (4), 19 (1), 20 (8), 22 (12), 23 (5), 24 (4), 28 (12), 29 (5), 31 (5), 35 (2), 36 (4), 37 (12), 38 (3), 41 (1), 42 (14), 49 (0), 52 (6), 53 (1), 55 (7), 60 (6), 61 (15), 62 (1), 64 (4), 67 (9), 72 (0), 73 (3), 75 (8), 78 (11), 79 (1), 
Broken Team 1: 81 (12), 82 (1), 84 (4), 85 (5), 86 (8), 87 (12), 90 (5), 93 (7), 94 (5), 98 (0), 100 (7), 102 (6), 104 (11), 105 (3), 106 (2), 113 (8), 117 (3), 120 (12), 122 (11), 123 (13), 124 (6), 125 (2), 126 (1), 128 (8), 129 (6), 130 (1), 132 (11), 133 (12), 134 (0), 136 (2), 138 (3), 141 (10), 
Finishing order: 1 (1500.03), 80 (1530.09), 159 (1680.03), 3 (1740.15), 2 (1860.27), 114 (1860.27), 4 (1860.39), 5 (1920.51), 6 (1920.63), 7 (1920.75), 83 (1920.75), 0 (1920.87), 9 (1921.11), 10 (1921.23), 11 (1921.35), 115 (1921.35), 12 (1921.47), 88 (1921.47), 13 (1921.59), 89 (1921.59), 15 (1921.83), 91 (1921.83), 16 (1921.95), 92 (1921.95), 17 (1922.07), 18 (1922.19), 96 (1922.31), 97 (1922.43), 21 (1922.55), 95 (1922.55), 99 (1922.79), 25 (1923.03), 101 (1923.03), 26 (1923.15), 27 (1923.27), 103 (1923.27), 30 (1923.51), 107 (1923.75), 32 (1923.87), 109 (1923.87), 33 (1923.99), 110 (1923.99), 34 (1924.11), 157 (1924.11), 150 (1924.23), 111 (1924.35), 108 (1924.47), 112 (1924.59), 39 (1924.71), 40 (1924.83), 116 (1924.83), 118 (1924.95), 43 (1925.07), 44 (1925.19), 121 (1925.19), 45 (1925.31), 119 (1925.31), 46 (1925.55), 151 (1925.55), 47 (1925.67), 48 (1925.79), 50 (1926.03), 127 (1926.15), 51 (1926.39), 54 (1926.63), 131 (1926.63), 56 (1926.75), 57 (1926.87), 59 (1926.99), 58 (1927.11), 135 (1927.11), 158 (1927.23), 137 (1927.35), 63 (1927.47), 139 (1927.59), 65 (1927.71), 66 (1927.83), 142 (1927.95), 140 (1928.07), 70 (1928.19), 143 (1928.19), 144 (1928.31), 69 (1928.43), 145 (1928.43), 71 (1928.55), 146 (1928.55), 68 (1928.67), 148 (1928.67), 76 (1928.79), 147 (1928.79), 149 (1928.91), 154 (1929.03), 77 (1929.15), 152 (1929.15), 74 (1929.27), 153 (1929.27), 156 (1929.39), 155 (1929.51), 
Result: A TIE
