Mode: RANDOM
120.24 s > TEAM: 0 	F: 0 	 (1002) 	S: 2 	 (1001) 	T: 1 	 (1000) 	LAP 1
120.24 s > TEAM: 1 	F: 159 	 (1002) 	S: 80 	 (1001) 	T: 81 	 (1000) 	LAP 1
240.24 s > TEAM: 0 	F: 0 	 (2004) 	S: 2 	 (2002) 	T: 1 	 (2000) 	LAP 2
240.24 s > TEAM: 1 	F: 159 	 (2002) 	S: 80 	 (2001) 	T: 81 	 (2000) 	LAP 2
360.24 s > TEAM: 0 	F: 0 	 (4002) 	S: 2 	 (4001) 	T: 1 	 (3000) 	LAP 3
360.24 s > TEAM: 1 	F: 159 	 (3004) 	S: 80 	 (3001) 	T: 81 	 (3000) 	LAP 3
480.24 s > TEAM: 0 	F: 0 	 (5004) 	S: 2 	 (5002) 	T: 1 	 (4000) 	LAP 4
480.36 s > TEAM: 1 	F: 80 	 (4002) 	S: 81 	 (4001) 	T: 82 	 (4000) 	LAP 4
600.24 s > TEAM: 0 	F: 0 	 (7002) 	S: 2 	 (6501) 	T: 1 	 (5000) 	LAP 5
600.36 s > TEAM: 1 	F: 80 	 (5002) 	S: 81 	 (5001) 	T: 82 	 (5000) 	LAP 5
720.24 s > TEAM: 0 	F: 0 	 (8004) 	S: 2 	 (7501) 	T: 1 	 (6000) 	LAP 6
720.36 s > TEAM: 1 	F: 80 	 (6002) 	S: 81 	 (6001) 	T: 82 	 (6000) 	LAP 6
840.24 s > TEAM: 0 	F: 0 	 (9501) 	S: 2 	 (8501) 	T: 1 	 (7000) 	LAP 7
840.36 s > TEAM: 1 	F: 80 	 (7004) 	S: 81 	 (7001) 	T: 82 	 (7000) 	LAP 7
960.24 s > TEAM: 0 	F: 0 	 (10750) 	S: 2 	 (9501) 	T: 1 	 (8000) 	LAP 8
960.36 s > TEAM: 1 	F: 80 	 (8502) 	S: 81 	 (8001) 	T: 82 	 (8000) 	LAP 8
1080.24 s > TEAM: 0 	F: 0 	 (11750) 	S: 2 	 (10501) 	T: 1 	 (9000) 	LAP 9
1080.36 s > TEAM: 1 	F: 80 	 (10002) 	S: 81 	 (9001) 	T: 82 	 (9000) 	LAP 9
1200.24 s > TEAM: 0 	F: 0 	 (13500) 	S: 2 	 (11501) 	T: 1 	 (10000) 	LAP 10
1200.36 s > TEAM: 1 	F: 80 	 (11002) 	S: 81 	 (10001) 	T: 82 	 (10000) 	LAP 10
1320.24 s > TEAM: 0 	F: 0 	 (15000) 	S: 2 	 (13001) 	T: 1 	 (11000) 	LAP 11
1320.36 s > TEAM: 1 	F: 80 	 (12004) 	S: 81 	 (11001) 	T: 82 	 (11000) 	LAP 11
1440.24 s > TEAM: 0 	F: 0 	 (16000) 	S: 2 	 (14001) 	T: 1 	 (12000) 	LAP 12
1440.36 s > TEAM: 1 	F: 80 	 (13501) 	S: 81 	 (12001) 	T: 82 	 (12000) 	LAP 12
1560.24 s > TEAM: 0 	F: 0 	 (16000) 	S: 2 	 (15001) 	T: 1 	 (13000) 	LAP 13
1560.36 s > TEAM: 1 	F: 80 	 (14696) 	S: 81 	 (13001) 	T: 82 	 (13000) 	LAP 13
1680.24 s > TEAM: 0 	F: 0 	 (16000) 	S: 2 	 (16000) 	T: 1 	 (14000) 	LAP 14
1680.36 s > TEAM: 1 	F: 80 	 (14696) 	S: 81 	 (14002) 	T: 82 	 (14000) 	LAP 14
1800.24 s > TEAM: 0 	F: 0 	 (16000) 	S: 2 	 (16000) 	T: 1 	 (15000) 	LAP 15
1800.48 s > TEAM: 1 	F: 81 	 (16000) 	S: 82 	 (15002) 	T: 158 	 (15000) 	LAP 15
1860.48 s > TEAM: 1 	F: 81 	 (16000) 	S: 82 	 (16000) 	T: 158 	 (16000) 	LAP 16
1920.24 s > TEAM: 0 	F: 0 	 (16000) 	S: 1 	 (16000) 	T: 2 	 (16000) 	LAP 16
Broken Team 0: 3 (13), 4 (0), 6 (7), 9 (3), 10 (4), 12 (1), 13 (8), 20 (11), 27 (8), 29 (3), 30 (0), 40 (9), 41 (1), 42 (2), 43 (0), 47 (4), 48 (6), 53 (4), 55 (1), 63 (6), 64 (13), 67 (10), 70 (9), 72 (0), 76 (13), 77 (12), 
Broken Team 1: 80 (14), 85 (10), 86 (11), 87 (7), 92 (5), 93 (3), 96 (15), 100 (10), 102 (13), 105 (2), 109 (8), 110 (4), 115 (8), 116 (2), 118 (15), 119 (12), 122 (10), 124 (6), 125 (13), 130 (6), 131 (15), 132 (9), 134 (10), 135 (1), 142 (5), 144 (0), 149 (14), 155 (8), 156 (3), 159 (3), 
Finishing order: 0 (1440.21), 2 (1680.15), 81 (1800.27), 82 (1860.39), 158 (1860.51), 1 (1920.27), 5 (1920.63), 83 (1920.63), 84 (1920.75), 7 (1920.87), 8 (1920.99), 11 (1921.35), 88 (1921.35), 89 (1921.47), 90 (1921.59), 14 (1921.71), 91 (1921.71), 15 (1921.83), 157 (1921.83), 16 (1921.95), 17 (1922.07), 94 (1922.07), 18 (1922.19), 19 (1922.31), 21 (1922.55), 22 (1922.67), 101 (1922.67), 23 (1922.79), 103 (1922.79), 24 (1922.91), 104 (1922.91), 25 (1923.03), 26 (1923.15), 106 (1923.15), 107 (1923.27), 28 (1923.39), 108 (1923.63), 31 (1923.75), 111 (1923.75), 32 (1923.87), 112 (1923.87), 33 (1923.99), 113 (1923.99), 34 (1924.11), 114 (1924.11), 35 (1924.23), 36 (1924.35), 37 (1924.47), 117 (1924.47), 38 (1924.59), 39 (1924.71), 120 (1924.83), 121 (1924.95), 44 (1925.31), 123 (1925.31), 45 (1925.43), 46 (1925.55), 126 (1925.67), 128 (1925.79), 49 (1925.91), 129 (1925.91), 50 (1926.03), 51 (1926.15), 52 (1926.27), 136 (1926.27), 54 (1926.39), 137 (1926.51), 56 (1926.63), 138 (1926.63), 139 (1926.75), 57 (1926.87), 141 (1926.87), 58 (1926.99), 140 (1926.99), 59 (1927.11), 143 (1927.11), 60 (1927.23), 62 (1927.35), 61 (1927.47), 145 (1927.47), 146 (1927.59), 147 (1927.71), 65 (1927.83), 148 (1927.83), 66 (1928.07), 150 (1928.07), 68 (1928.19), 151 (1928.19), 69 (1928.31), 153 (1928.31), 152 (1928.43), 71 (1928.55), 154 (1928.55), 73 (1928.67), 74 (1928.79), 95 (1928.79), 75 (1928.91), 99 (1928.91), 98 (1929.03), 127 (1929.15), 78 (1929.27), 133 (1929.39), 79 (1929.51), 97 (1929.51), 
Result: TEAM 1 WIN
