Mode: RANDOM
120.24 s > TEAM: 0 	F: 0 	 (1002) 	S: 2 	 (1001) 	T: 1 	 (1000) 	LAP 1
120.24 s > TEAM: 1 	F: 159 	 (1002) 	S: 158 	 (1001) 	T: 80 	 (1000) 	LAP 1
240.24 s > TEAM: 1 	F: 159 	 (2002) 	S: 158 	 (2001) 	T: 80 	 (2000) 	LAP 2
240.36 s > TEAM: 0 	F: 0 	 (2006) 	S: 1 	 (2001) 	T: 3 	 (2000) 	LAP 2
360.24 s > TEAM: 1 	F: 159 	 (3002) 	S: 158 	 (3001) 	T: 80 	 (3000) 	LAP 3
360.36 s > TEAM: 0 	F: 0 	 (3503) 	S: 1 	 (3001) 	T: 3 	 (3000) 	LAP 3
480.24 s > TEAM: 1 	F: 159 	 (4004) 	S: 158 	 (4002) 	T: 80 	 (4000) 	LAP 4
480.36 s > TEAM: 0 	F: 0 	 (4503) 	S: 1 	 (4001) 	T: 3 	 (4000) 	LAP 4
540.24 s > TEAM: 1 	F: 159 	 (5004) 	S: 158 	 (5001) 	T: 80 	 (5000) 	LAP 5
600.36 s > TEAM: 0 	F: 0 	 (6006) 	S: 1 	 (5002) 	T: 3 	 (5000) 	LAP 5
660.12 s > TEAM: 1 	F: 159 	 (7002) 	S: 80 	 (6998) 	T: 158 	 (6000) 	LAP 6
660.36 s > TEAM: 0 	F: 0 	 (7006) 	S: 1 	 (6001) 	T: 3 	 (6000) 	LAP 6
720.12 s > TEAM: 1 	F: 159 	 (8001) 	S: 80 	 (7998) 	T: 158 	 (7000) 	LAP 7
720.60 s > TEAM: 0 	F: 0 	 (8010) 	S: 3 	 (7002) 	T: 5 	 (7000) 	LAP 7
780.12 s > TEAM: 1 	F: 80 	 (8998) 	S: 159 	 (8501) 	T: 158 	 (8000) 	LAP 8
840.12 s > TEAM: 1 	F: 80 	 (9499) 	S: 159 	 (9001) 	T: 158 	 (9000) 	LAP 9
840.60 s > TEAM: 0 	F: 0 	 (9505) 	S: 3 	 (8002) 	T: 5 	 (8000) 	LAP 8
960.00 s > TEAM: 1 	F: 80 	 (10498) 	S: 158 	 (10249) 	T: 159 	 (10000) 	LAP 10
960.60 s > TEAM: 0 	F: 0 	 (11010) 	S: 3 	 (9002) 	T: 5 	 (9000) 	LAP 9
1080.00 s > TEAM: 1 	F: 80 	 (11498) 	S: 158 	 (11249) 	T: 159 	 (11000) 	LAP 11
1080.60 s > TEAM: 0 	F: 0 	 (13005) 	S: 3 	 (10002) 	T: 5 	 (10000) 	LAP 10
1200.00 s > TEAM: 1 	F: 80 	 (12498) 	S: 158 	 (12249) 	T: 159 	 (12000) 	LAP 12
1200.60 s > TEAM: 0 	F: 0 	 (14005) 	S: 3 	 (11002) 	T: 5 	 (11000) 	LAP 11
1320.00 s > TEAM: 1 	F: 80 	 (13498) 	S: 158 	 (13249) 	T: 159 	 (13000) 	LAP 13
1380.24 s > TEAM: 0 	F: 0 	 (16000) 	S: 5 	 (12497) 	T: 1 	 (12000) 	LAP 12
1440.00 s > TEAM: 1 	F: 80 	 (14498) 	S: 158 	 (14249) 	T: 159 	 (14000) 	LAP 14
1500.24 s > TEAM: 0 	F: 0 	 (16000) 	S: 5 	 (13994) 	T: 1 	 (13000) 	LAP 13
1560.00 s > TEAM: 1 	F: 80 	 (15498) 	S: 158 	 (15249) 	T: 159 	 (15000) 	LAP 15
1680.00 s > TEAM: 1 	F: 80 	 (16000) 	S: 158 	 (16000) 	T: 159 	 (16000) 	LAP 16
1680.84 s > TEAM: 0 	F: 0 	 (16000) 	S: 5 	 (15167) 	T: 8 	 (14000) 	LAP 14
1800.84 s > TEAM: 0 	F: 0 	 (16000) 	S: 5 	 (15167) 	T: 8 	 (15000) 	LAP 15
1920.96 s > TEAM: 0 	F: 0 	 (16000) 	S: 6 	 (16000) 	T: 8 	 (16000) 	LAP 16
Broken Team 0: 1 (13), 2 (1), 3 (11), 4 (4), 5 (15), 7 (8), 10 (3), 13 (5), 22 (15), 23 (1), 24 (1), 27 (14), 29 (10), 32 (9), 34 (8), 37 (9), 40 (14), 43 (5), 46 (9), 47 (7), 54 (1), 55 (2), 57 (7), 58 (10), 60 (4), 64 (6), 67 (12), 68 (0), 69 (3), 78 (5), 
Broken Team 1: 82 (4), 89 (11), 90 (13), 98 (9), 102 (0), 105 (1), 108 (5), 109 (1), 110 (10), 111 (5), 112 (15), 116 (6), 117 (3), 122 (10), 128 (2), 132 (5), 134 (15), 136 (3), 140 (6), 141 (12), 143 (2), 149 (2), 150 (3), 
Finishing order: 0 (1380.03), 80 (1620.27), 158 (1650.09), 159 (1680.03), 156 (1920.39), 81 (1920.51), 155 (1920.75), 8 (1920.87), 157 (1920.87), 6 (1920.99), 9 (1921.11), 154 (1921.11), 11 (1921.23), 83 (1921.23), 84 (1921.35), 12 (1921.47), 85 (1921.47), 153 (1921.59), 14 (1921.71), 87 (1921.71), 15 (1921.83), 86 (1921.83), 16 (1921.95), 88 (1921.95), 17 (1922.07), 19 (1922.19), 91 (1922.19), 20 (1922.31), 92 (1922.31), 18 (1922.43), 21 (1922.55), 94 (1922.55), 95 (1922.67), 151 (1922.79), 97 (1922.91), 25 (1923.03), 93 (1923.03), 26 (1923.15), 100 (1923.27), 101 (1923.39), 31 (1923.51), 96 (1923.51), 28 (1923.63), 30 (1923.75), 103 (1923.87), 99 (1923.99), 33 (1924.11), 104 (1924.11), 35 (1924.23), 36 (1924.35), 107 (1924.47), 38 (1924.59), 106 (1924.71), 42 (1924.83), 41 (1924.95), 113 (1924.95), 44 (1925.07), 114 (1925.07), 39 (1925.19), 115 (1925.19), 119 (1925.31), 123 (1925.43), 45 (1925.55), 48 (1925.67), 118 (1925.67), 50 (1925.79), 51 (1925.91), 52 (1926.03), 124 (1926.03), 120 (1926.15), 125 (1926.27), 49 (1926.39), 121 (1926.39), 53 (1926.51), 131 (1926.51), 129 (1926.63), 135 (1926.75), 59 (1926.87), 133 (1926.87), 61 (1926.99), 56 (1927.23), 62 (1927.35), 130 (1927.35), 65 (1927.47), 139 (1927.47), 138 (1927.59), 63 (1927.71), 66 (1927.83), 70 (1927.95), 142 (1928.07), 147 (1928.31), 75 (1928.43), 152 (1928.43), 74 (1928.67), 145 (1928.67), 76 (1928.79), 144 (1928.79), 77 (1929.03), 127 (1929.03), 73 (1929.15), 137 (1929.15), 71 (1929.27), 146 (1929.27), 72 (1929.39), 126 (1929.39), 79 (1929.51), 148 (1929.51), 
Result: TEAM 1 WIN*
