Mode: RANDOM
120.24 s > TEAM: 0 	F: 0 	 (1004) 	S: 2 	 (1002) 	T: 1 	 (1000) 	LAP 1
120.24 s > TEAM: 1 	F: 159 	 (1002) 	S: 158 	 (1001) 	T: 80 	 (1000) 	LAP 1
180.24 s > TEAM: 0 	F: 0 	 (2004) 	S: 2 	 (2001) 	T: 1 	 (2000) 	LAP 2
240.24 s > TEAM: 1 	F: 159 	 (2004) 	S: 158 	 (2002) 	T: 80 	 (2000) 	LAP 2
300.12 s > TEAM: 0 	F: 0 	 (3501) 	S: 1 	 (3249) 	T: 2 	 (3000) 	LAP 3
360.24 s > TEAM: 1 	F: 159 	 (3502) 	S: 158 	 (3501) 	T: 80 	 (3000) 	LAP 3
420.12 s > TEAM: 0 	F: 0 	 (4501) 	S: 1 	 (4249) 	T: 2 	 (4000) 	LAP 4
480.24 s > TEAM: 1 	F: 158 	 (5003) 	S: 159 	 (4747) 	T: 80 	 (4000) 	LAP 4
540.12 s > TEAM: 0 	F: 0 	 (5501) 	S: 1 	 (5249) 	T: 2 	 (5000) 	LAP 5
600.36 s > TEAM: 1 	F: 158 	 (6502) 	S: 80 	 (5001) 	T: 157 	 (5000) 	LAP 5
660.12 s > TEAM: 0 	F: 0 	 (6501) 	S: 1 	 (6249) 	T: 2 	 (6000) 	LAP 6
720.36 s > TEAM: 1 	F: 158 	 (8005) 	S: 80 	 (6001) 	T: 157 	 (6000) 	LAP 6
780.12 s > TEAM: 0 	F: 0 	 (7501) 	S: 1 	 (7249) 	T: 2 	 (7000) 	LAP 7
840.36 s > TEAM: 1 	F: 158 	 (9502) 	S: 80 	 (7001) 	T: 157 	 (7000) 	LAP 7
900.12 s > TEAM: 0 	F: 0 	 (9002) 	S: 1 	 (8499) 	T: 2 	 (8000) 	LAP 8
960.12 s > TEAM: 0 	F: 0 	 (10001) 	S: 1 	 (9499) 	T: 2 	 (9000) 	LAP 9
960.36 s > TEAM: 1 	F: 158 	 (11002) 	S: 80 	 (8001) 	T: 157 	 (8000) 	LAP 8
1020.12 s > TEAM: 0 	F: 0 	 (10501) 	S: 1 	 (10249) 	T: 2 	 (10000) 	LAP 10
1080.36 s > TEAM: 1 	F: 158 	 (12002) 	S: 80 	 (9001) 	T: 157 	 (9000) 	LAP 9
1110.18 s > TEAM: 0 	F: 0 	 (11251) 	S: 2 	 (11250) 	T: 1 	 (11000) 	LAP 11
1200.36 s > TEAM: 1 	F: 158 	 (13002) 	S: 80 	 (10001) 	T: 157 	 (10000) 	LAP 10
1230.18 s > TEAM: 0 	F: 0 	 (12251) 	S: 2 	 (12250) 	T: 1 	 (12000) 	LAP 12
1320.72 s > TEAM: 1 	F: 158 	 (14005) 	S: 80 	 (11004) 	T: 83 	 (11000) 	LAP 11
1350.18 s > TEAM: 0 	F: 0 	 (13251) 	S: 2 	 (13250) 	T: 1 	 (13000) 	LAP 13
1440.72 s > TEAM: 1 	F: 158 	 (15005) 	S: 80 	 (12004) 	T: 83 	 (12000) 	LAP 12
1470.18 s > TEAM: 0 	F: 0 	 (14503) 	S: 2 	 (14501) 	T: 1 	 (14000) 	LAP 14
1560.72 s > TEAM: 1 	F: 158 	 (16000) 	S: 80 	 (13004) 	T: 83 	 (13000) 	LAP 13
1590.18 s > TEAM: 0 	F: 0 	 (16000) 	S: 2 	 (15750) 	T: 1 	 (15000) 	LAP 15
1680.84 s > TEAM: 1 	F: 158 	 (16000) 	S: 80 	 (14005) 	T: 155 	 (14000) 	LAP 14
1800.60 s > TEAM: 0 	F: 0 	 (16000) 	S: 2 	 (16000) 	T: 5 	 (16000) 	LAP 16
1800.84 s > TEAM: 1 	F: 158 	 (16000) 	S: 80 	 (15010) 	T: 155 	 (15000) 	LAP 15
1860.84 s > TEAM: 1 	F: 80 	 (16000) 	S: 155 	 (16000) 	T: 158 	 (16000) 	LAP 16
Broken Team 0: 1 (15), 4 (10), 6 (7), 8 (10), 11 (4), 12 (5), 13 (13), 14 (15), 23 (10), 31 (7), 35 (1), 37 (3), 53 (8), 54 (9), 59 (9), 60 (2), 61 (2), 62 (11), 65 (7), 68 (2), 72 (4), 73 (10), 
Broken Team 1: 81 (8), 82 (6), 83 (13), 84 (15), 91 (1), 92 (9), 95 (12), 101 (1), 102 (1), 106 (0), 109 (2), 111 (2), 112 (0), 113 (11), 115 (8), 117 (6), 118 (3), 121 (6), 123 (12), 129 (12), 132 (3), 134 (14), 135 (12), 136 (1), 138 (1), 139 (4), 146 (2), 147 (14), 150 (15), 152 (15), 153 (8), 154 (2), 157 (10), 159 (4), 
Finishing order: 0 (1560.03), 158 (1560.09), 2 (1620.15), 5 (1800.63), 7 (1800.87), 80 (1860.27), 3 (1860.39), 155 (1860.87), 9 (1921.11), 85 (1921.11), 10 (1921.23), 86 (1921.23), 87 (1921.35), 88 (1921.47), 89 (1921.59), 90 (1921.71), 15 (1921.83), 16 (1921.95), 17 (1922.07), 93 (1922.07), 18 (1922.19), 94 (1922.19), 19 (1922.31), 20 (1922.43), 96 (1922.43), 21 (1922.55), 156 (1922.55), 22 (1922.67), 97 (1922.67), 98 (1922.79), 24 (1922.91), 99 (1922.91), 25 (1923.03), 100 (1923.03), 28 (1923.15), 29 (1923.27), 30 (1923.39), 103 (1923.39), 26 (1923.51), 104 (1923.51), 32 (1923.63), 27 (1923.75), 105 (1923.75), 107 (1923.87), 33 (1923.99), 108 (1923.99), 34 (1924.11), 36 (1924.23), 110 (1924.23), 42 (1924.59), 43 (1924.71), 114 (1924.71), 44 (1924.83), 45 (1924.95), 116 (1924.95), 46 (1925.07), 47 (1925.19), 48 (1925.31), 119 (1925.31), 49 (1925.43), 120 (1925.43), 50 (1925.55), 51 (1925.67), 122 (1925.67), 52 (1925.79), 39 (1925.91), 124 (1925.91), 125 (1926.03), 126 (1926.15), 55 (1926.27), 127 (1926.27), 56 (1926.39), 128 (1926.39), 57 (1926.51), 58 (1926.63), 130 (1926.63), 131 (1926.75), 133 (1926.99), 63 (1927.23), 64 (1927.35), 137 (1927.47), 66 (1927.59), 67 (1927.71), 140 (1927.83), 69 (1927.95), 141 (1927.95), 70 (1928.07), 142 (1928.07), 71 (1928.19), 143 (1928.19), 144 (1928.31), 145 (1928.43), 74 (1928.55), 75 (1928.67), 76 (1928.79), 149 (1928.79), 77 (1928.91), 148 (1928.91), 78 (1929.03), 79 (1929.15), 151 (1929.15), 38 (1929.27), 40 (1929.39), 41 (1929.51), 
Result: TEAM 0 WIN*
