Mode: RANDOM
120.24 s > TEAM: 0 	F: 0 	 (1004) 	S: 2 	 (1002) 	T: 1 	 (1000) 	LAP 1
120.24 s > TEAM: 1 	F: 159 	 (1002) 	S: 157 	 (1001) 	T: 156 	 (1000) 	LAP 1
240.24 s > TEAM: 1 	F: 159 	 (2002) 	S: 157 	 (2001) 	T: 156 	 (2000) 	LAP 2
240.36 s > TEAM: 0 	F: 0 	 (2503) 	S: 1 	 (2502) 	T: 3 	 (2000) 	LAP 2
360.24 s > TEAM: 1 	F: 159 	 (3004) 	S: 157 	 (3001) 	T: 156 	 (3000) 	LAP 3
360.36 s > TEAM: 0 	F: 0 	 (4003) 	S: 1 	 (3502) 	T: 3 	 (3000) 	LAP 3
480.24 s > TEAM: 1 	F: 159 	 (5000) 	S: 157 	 (4001) 	T: 156 	 (4000) 	LAP 4
480.36 s > TEAM: 0 	F: 0 	 (5003) 	S: 1 	 (4502) 	T: 3 	 (4000) 	LAP 4
600.24 s > TEAM: 1 	F: 159 	 (6000) 	S: 157 	 (5001) 	T: 156 	 (5000) 	LAP 5
600.36 s > TEAM: 0 	F: 0 	 (6003) 	S: 1 	 (5502) 	T: 3 	 (5000) 	LAP 5
720.24 s > TEAM: 1 	F: 159 	 (7000) 	S: 157 	 (6001) 	T: 156 	 (6000) 	LAP 6
720.36 s > TEAM: 0 	F: 0 	 (7003) 	S: 1 	 (6502) 	T: 3 	 (6000) 	LAP 6
840.24 s > TEAM: 1 	F: 159 	 (8000) 	S: 157 	 (7001) 	T: 156 	 (7000) 	LAP 7
840.36 s > TEAM: 0 	F: 0 	 (8003) 	S: 1 	 (7502) 	T: 3 	 (7000) 	LAP 7
960.24 s > TEAM: 1 	F: 159 	 (9000) 	S: 157 	 (8001) 	T: 156 	 (8000) 	LAP 8
960.36 s > TEAM: 0 	F: 0 	 (9006) 	S: 1 	 (8502) 	T: 3 	 (8000) 	LAP 8
1080.24 s > TEAM: 1 	F: 159 	 (10000) 	S: 157 	 (9001) 	T: 156 	 (9000) 	LAP 9
1080.36 s > TEAM: 0 	F: 0 	 (10501) 	S: 1 	 (10002) 	T: 3 	 (9000) 	LAP 9
1200.24 s > TEAM: 1 	F: 159 	 (11500) 	S: 157 	 (10001) 	T: 156 	 (10000) 	LAP 10
1200.36 s > TEAM: 0 	F: 0 	 (11750) 	S: 1 	 (11002) 	T: 3 	 (10000) 	LAP 10
1320.24 s > TEAM: 1 	F: 159 	 (12500) 	S: 157 	 (11001) 	T: 156 	 (11000) 	LAP 11
1320.36 s > TEAM: 0 	F: 0 	 (12750) 	S: 1 	 (12002) 	T: 3 	 (11000) 	LAP 11
1440.24 s > TEAM: 1 	F: 159 	 (13500) 	S: 157 	 (12001) 	T: 156 	 (12000) 	LAP 12
1440.36 s > TEAM: 0 	F: 0 	 (13750) 	S: 1 	 (13002) 	T: 3 	 (12000) 	LAP 12
1560.24 s > TEAM: 1 	F: 159 	 (15000) 	S: 157 	 (13002) 	T: 156 	 (13000) 	LAP 13
1560.36 s > TEAM: 0 	F: 0 	 (15501) 	S: 1 	 (14005) 	T: 3 	 (13000) 	LAP 13
1620.30 s > TEAM: 1 	F: 159 	 (16000) 	S: 157 	 (14001) 	T: 156 	 (14000) 	LAP 14
1620.36 s > TEAM: 0 	F: 0 	 (16000) 	S: 1 	 (15002) 	T: 3 	 (14000) 	LAP 14
1740.36 s > TEAM: 0 	F: 0 	 (16000) 	S: 1 	 (16000) 	T: 3 	 (15000) 	LAP 15
1800.36 s > TEAM: 0 	F: 0 	 (16000) 	S: 1 	 (16000) 	T: 3 	 (16000) 	LAP 16
1800.36 s > TEAM: 1 	F: 157 	 (16000) 	S: 159 	 (16000) 	T: 155 	 (15000) 	LAP 15
1920.36 s > TEAM: 1 	F: 155 	 (16000) 	S: 157 	 (16000) 	T: 159 	 (16000) 	LAP 16
Broken Team 0: 2 (1), 5 (1), 10 (1), 13 (9), 15 (9), 17 (10), 18 (0), 19 (15), 22 (1), 24 (4), 28 (11), 29 (13), 35 (13), 36 (14), 39 (2), 42 (13), 43 (0), 44 (3), 47 (14), 57 (8), 58 (2), 60 (11), 63 (8), 65 (11), 67 (3), 69 (7), 70 (15), 
Broken Team 1: 88 (14), 89 (10), 90 (12), 94 (6), 95 (2), 104 (4), 105 (1), 109 (2), 110 (4), 112 (13), 113 (2), 116 (11), 117 (0), 123 (6), 128 (15), 130 (8), 135 (5), 141 (15), 145 (10), 149 (2), 156 (14), 
Finishing order: 0 (1590.33), 159 (1620.27), 1 (1740.09), 157 (1800.15), 3 (1800.39), 4 (1860.51), 6 (1860.75), 155 (1920.39), 153 (1920.51), 158 (1920.63), 81 (1920.75), 7 (1920.87), 152 (1920.87), 9 (1920.99), 80 (1920.99), 11 (1921.11), 82 (1921.11), 8 (1921.23), 83 (1921.23), 12 (1921.35), 84 (1921.35), 151 (1921.47), 85 (1921.59), 14 (1921.71), 86 (1921.71), 87 (1921.83), 16 (1921.95), 154 (1922.19), 20 (1922.43), 91 (1922.43), 21 (1922.55), 92 (1922.55), 93 (1922.67), 23 (1922.79), 25 (1923.03), 96 (1923.03), 26 (1923.15), 150 (1923.15), 27 (1923.27), 97 (1923.27), 148 (1923.39), 98 (1923.51), 30 (1923.63), 100 (1923.63), 31 (1923.75), 146 (1923.75), 32 (1923.87), 147 (1923.87), 33 (1923.99), 101 (1923.99), 34 (1924.11), 102 (1924.11), 103 (1924.35), 37 (1924.47), 38 (1924.59), 99 (1924.59), 40 (1924.83), 144 (1924.83), 41 (1924.95), 106 (1924.95), 107 (1925.07), 108 (1925.19), 45 (1925.43), 46 (1925.55), 111 (1925.55), 48 (1925.79), 49 (1925.91), 114 (1925.91), 50 (1926.03), 115 (1926.03), 53 (1926.15), 52 (1926.27), 51 (1926.39), 118 (1926.39), 54 (1926.51), 119 (1926.51), 55 (1926.63), 143 (1926.63), 56 (1926.75), 121 (1926.75), 140 (1926.87), 122 (1926.99), 59 (1927.11), 120 (1927.11), 61 (1927.35), 142 (1927.35), 126 (1927.47), 64 (1927.59), 124 (1927.59), 125 (1927.71), 62 (1927.83), 127 (1927.83), 66 (1927.95), 68 (1928.07), 129 (1928.07), 131 (1928.31), 71 (1928.43), 133 (1928.43), 73 (1928.55), 134 (1928.55), 72 (1928.67), 75 (1928.79), 132 (1928.79), 76 (1928.91), 77 (1929.03), 136 (1929.03), 138 (1929.15), 78 (1929.27), 137 (1929.27), 74 (1929.39), 139 (1929.39), 79 (1929.51), 
Result: TEAM 0 WIN*
