Mode: RANDOM
120.24 s > TEAM: 1 	F: 159 	 (1004) 	S: 158 	 (1002) 	T: 157 	 (1000) 	LAP 1
120.36 s > TEAM: 0 	F: 1 	 (1003) 	S: 0 	 (1002) 	T: 2 	 (1000) 	LAP 1
180.24 s > TEAM: 1 	F: 159 	 (2002) 	S: 158 	 (2001) 	T: 157 	 (2000) 	LAP 2
240.36 s > TEAM: 0 	F: 1 	 (2003) 	S: 0 	 (2002) 	T: 2 	 (2000) 	LAP 2
300.24 s > TEAM: 1 	F: 159 	 (3002) 	S: 158 	 (3001) 	T: 157 	 (3000) 	LAP 3
360.36 s > TEAM: 0 	F: 1 	 (3003) 	S: 0 	 (3002) 	T: 2 	 (3000) 	LAP 3
420.24 s > TEAM: 1 	F: 159 	 (4002) 	S: 158 	 (4001) 	T: 157 	 (4000) 	LAP 4
480.36 s > TEAM: 0 	F: 1 	 (4003) 	S: 0 	 (4002) 	T: 2 	 (4000) 	LAP 4
600.36 s > TEAM: 0 	F: 1 	 (5006) 	S: 0 	 (5002) 	T: 2 	 (5000) 	LAP 5
600.36 s > TEAM: 1 	F: 159 	 (5503) 	S: 157 	 (5501) 	T: 81 	 (5000) 	LAP 5
720.36 s > TEAM: 0 	F: 1 	 (6503) 	S: 0 	 (6002) 	T: 2 	 (6000) 	LAP 6
720.36 s > TEAM: 1 	F: 159 	 (7006) 	S: 157 	 (6501) 	T: 81 	 (6000) 	LAP 6
840.36 s > TEAM: 0 	F: 1 	 (7503) 	S: 0 	 (7002) 	T: 2 	 (7000) 	LAP 7
840.36 s > TEAM: 1 	F: 159 	 (9006) 	S: 157 	 (7501) 	T: 81 	 (7000) 	LAP 7
960.36 s > TEAM: 0 	F: 1 	 (8503) 	S: 0 	 (8002) 	T: 2 	 (8000) 	LAP 8
960.36 s > TEAM: 1 	F: 159 	 (10503) 	S: 157 	 (8501) 	T: 81 	 (8000) 	LAP 8
1080.36 s > TEAM: 0 	F: 1 	 (10006) 	S: 0 	 (9002) 	T: 2 	 (9000) 	LAP 9
1080.36 s > TEAM: 1 	F: 159 	 (12006) 	S: 157 	 (9501) 	T: 81 	 (9000) 	LAP 9
1200.36 s > TEAM: 0 	F: 1 	 (11503) 	S: 0 	 (10002) 	T: 2 	 (10000) 	LAP 10
1200.36 s > TEAM: 1 	F: 159 	 (13503) 	S: 157 	 (10501) 	T: 81 	 (10000) 	LAP 10
1320.36 s > TEAM: 0 	F: 1 	 (12503) 	S: 0 	 (11002) 	T: 2 	 (11000) 	LAP 11
1320.36 s > TEAM: 1 	F: 159 	 (14503) 	S: 157 	 (11501) 	T: 81 	 (11000) 	LAP 11
1440.36 s > TEAM: 0 	F: 1 	 (14003) 	S: 0 	 (12002) 	T: 2 	 (12000) 	LAP 12
1440.36 s > TEAM: 1 	F: 159 	 (15503) 	S: 157 	 (12501) 	T: 81 	 (12000) 	LAP 12
1560.36 s > TEAM: 0 	F: 1 	 (15006) 	S: 0 	 (13002) 	T: 2 	 (13000) 	LAP 13
1560.36 s > TEAM: 1 	F: 159 	 (16000) 	S: 157 	 (13501) 	T: 81 	 (13000) 	LAP 13
1680.36 s > TEAM: 0 	F: 1 	 (16000) 	S: 0 	 (14004) 	T: 2 	 (14000) 	LAP 14
1680.36 s > TEAM: 1 	F: 159 	 (16000) 	S: 157 	 (15002) 	T: 81 	 (14000) 	LAP 14
1800.36 s > TEAM: 0 	F: 1 	 (16000) 	S: 0 	 (15502) 	T: 2 	 (15000) 	LAP 15
1800.36 s > TEAM: 1 	F: 157 	 (16000) 	S: 159 	 (16000) 	T: 81 	 (15000) 	LAP 15
1920.36 s > TEAM: 0 	F: 0 	 (16000) 	S: 1 	 (16000) 	T: 2 	 (16000) 	LAP 16
1920.36 s > TEAM: 1 	F: 81 	 (16000) 	S: 157 	 (16000) 	T: 159 	 (16000) 	LAP 16
Broken Team 0: 3 (0), 9 (14), 12 (3), 14 (7), 15 (7), 23 (10), 24 (7), 32 (0), 34 (15), 36 (15), 39 (1), 42 (5), 43 (11), 48 (9), 49 (0), 51 (14), 53 (9), 54 (6), 55 (0), 58 (6), 60 (6), 61 (3), 64 (1), 67 (12), 70 (1), 78 (13), 79 (1), 
Broken Team 1: 82 (13), 84 (9), 89 (3), 90 (11), 91 (6), 95 (5), 98 (1), 101 (11), 104 (9), 105 (0), 107 (4), 109 (7), 115 (1), 120 (0), 122 (9), 131 (6), 134 (12), 142 (6), 144 (10), 147 (13), 148 (0), 151 (1), 152 (1), 154 (13), 156 (8), 158 (4), 
Finishing order: 159 (1500.03), 1 (1620.03), 157 (1740.27), 0 (1860.15), 2 (1920.39), 81 (1920.39), 4 (1920.51), 80 (1920.51), 5 (1920.63), 7 (1920.75), 6 (1920.87), 86 (1920.87), 93 (1920.99), 87 (1921.11), 11 (1921.23), 8 (1921.35), 85 (1921.47), 10 (1921.59), 92 (1921.59), 13 (1921.71), 83 (1921.71), 94 (1921.83), 16 (1922.07), 17 (1922.19), 97 (1922.19), 20 (1922.31), 19 (1922.43), 99 (1922.43), 33 (1922.55), 88 (1922.55), 21 (1922.67), 96 (1922.67), 22 (1922.79), 25 (1923.03), 102 (1923.15), 40 (1923.27), 100 (1923.27), 26 (1923.39), 27 (1923.51), 103 (1923.51), 18 (1923.63), 28 (1923.75), 30 (1923.87), 106 (1923.87), 29 (1923.99), 111 (1924.11), 31 (1924.23), 138 (1924.23), 155 (1924.35), 35 (1924.47), 113 (1924.47), 37 (1924.59), 114 (1924.59), 41 (1924.71), 110 (1924.83), 116 (1924.95), 112 (1925.07), 44 (1925.19), 117 (1925.19), 38 (1925.31), 119 (1925.31), 46 (1925.43), 45 (1925.55), 127 (1925.55), 57 (1925.67), 52 (1925.79), 128 (1925.79), 118 (1925.91), 129 (1926.03), 125 (1926.27), 47 (1926.39), 56 (1926.51), 130 (1926.51), 65 (1926.63), 132 (1926.63), 66 (1926.75), 133 (1926.75), 50 (1926.87), 124 (1926.99), 63 (1927.11), 140 (1927.11), 135 (1927.23), 62 (1927.35), 141 (1927.35), 68 (1927.59), 126 (1927.59), 73 (1927.95), 149 (1927.95), 59 (1928.07), 145 (1928.07), 71 (1928.19), 143 (1928.19), 74 (1928.31), 139 (1928.31), 75 (1928.43), 69 (1928.55), 146 (1928.55), 77 (1928.67), 153 (1928.79), 72 (1928.91), 150 (1928.91), 137 (1929.03), 76 (1929.15), 108 (1929.15), 136 (1929.27), 121 (1929.39), 123 (1929.51), 
Result: TEAM 1 WIN*
