Mode: RANDOM
120.24 s > TEAM: 0 	F: 0 	 (1002) 	S: 2 	 (1001) 	T: 1 	 (1000) 	LAP 1
120.24 s > TEAM: 1 	F: 159 	 (1002) 	S: 156 	 (1001) 	T: 158 	 (1000) 	LAP 1
240.24 s > TEAM: 0 	F: 0 	 (2004) 	S: 2 	 (2001) 	T: 1 	 (2000) 	LAP 2
240.36 s > TEAM: 1 	F: 156 	 (2002) 	S: 158 	 (2001) 	T: 80 	 (2000) 	LAP 2
360.24 s > TEAM: 0 	F: 0 	 (3502) 	S: 2 	 (3001) 	T: 1 	 (3000) 	LAP 3
360.48 s > TEAM: 1 	F: 156 	 (3006) 	S: 158 	 (3004) 	T: 155 	 (3000) 	LAP 3
420.48 s > TEAM: 1 	F: 156 	 (4003) 	S: 158 	 (4002) 	T: 155 	 (4000) 	LAP 4
480.24 s > TEAM: 0 	F: 0 	 (4998) 	S: 2 	 (4001) 	T: 1 	 (4000) 	LAP 4
540.48 s > TEAM: 1 	F: 156 	 (5003) 	S: 155 	 (5002) 	T: 158 	 (5000) 	LAP 5
600.24 s > TEAM: 0 	F: 0 	 (5998) 	S: 2 	 (5001) 	T: 1 	 (5000) 	LAP 5
660.36 s > TEAM: 1 	F: 156 	 (6004) 	S: 158 	 (6001) 	T: 155 	 (6000) 	LAP 6
720.24 s > TEAM: 0 	F: 0 	 (7250) 	S: 2 	 (6001) 	T: 1 	 (6000) 	LAP 6
780.36 s > TEAM: 1 	F: 156 	 (7502) 	S: 158 	 (7001) 	T: 155 	 (7000) 	LAP 7
840.24 s > TEAM: 0 	F: 0 	 (8501) 	S: 2 	 (7002) 	T: 1 	 (7000) 	LAP 7
900.36 s > TEAM: 1 	F: 156 	 (8502) 	S: 158 	 (8001) 	T: 155 	 (8000) 	LAP 8
960.24 s > TEAM: 0 	F: 0 	 (9997) 	S: 2 	 (8998) 	T: 1 	 (8000) 	LAP 8
1020.36 s > TEAM: 1 	F: 156 	 (9998) 	S: 158 	 (9002) 	T: 155 	 (9000) 	LAP 9
1080.24 s > TEAM: 0 	F: 0 	 (10998) 	S: 2 	 (9996) 	T: 1 	 (9000) 	LAP 9
1140.36 s > TEAM: 1 	F: 156 	 (10998) 	S: 158 	 (10501) 	T: 155 	 (10000) 	LAP 10
1200.24 s > TEAM: 0 	F: 0 	 (11998) 	S: 2 	 (10996) 	T: 1 	 (10000) 	LAP 10
1260.24 s > TEAM: 0 	F: 0 	 (12498) 	S: 2 	 (11496) 	T: 1 	 (11000) 	LAP 11
1260.36 s > TEAM: 1 	F: 156 	 (11998) 	S: 158 	 (11501) 	T: 155 	 (11000) 	LAP 11
1320.84 s > TEAM: 0 	F: 0 	 (13003) 	S: 1 	 (12001) 	T: 3 	 (12000) 	LAP 12
1380.36 s > TEAM: 1 	F: 156 	 (12998) 	S: 158 	 (12994) 	T: 155 	 (12000) 	LAP 12
1440.84 s > TEAM: 0 	F: 0 	 (14003) 	S: 1 	 (13001) 	T: 3 	 (13000) 	LAP 13
1560.60 s > TEAM: 1 	F: 156 	 (14599) 	S: 158 	 (13399) 	T: 154 	 (13000) 	LAP 13
1560.84 s > TEAM: 0 	F: 0 	 (14302) 	S: 1 	 (14001) 	T: 3 	 (14000) 	LAP 14
1680.72 s > TEAM: 1 	F: 156 	 (15600) 	S: 154 	 (14001) 	T: 157 	 (14000) 	LAP 14
1680.96 s > TEAM: 0 	F: 1 	 (15002) 	S: 3 	 (15001) 	T: 2 	 (15000) 	LAP 15
1800.72 s > TEAM: 1 	F: 156 	 (16000) 	S: 154 	 (15001) 	T: 157 	 (15000) 	LAP 15
1800.96 s > TEAM: 0 	F: 1 	 (16000) 	S: 2 	 (16000) 	T: 3 	 (16000) 	LAP 16
1920.72 s > TEAM: 1 	F: 154 	 (16000) 	S: 156 	 (16000) 	T: 157 	 (16000) 	LAP 16
Broken Team 0: 0 (14), 7 (15), 9 (11), 12 (10), 15 (4), 21 (0), 28 (3), 29 (14), 34 (1), 35 (5), 45 (2), 52 (15), 53 (3), 59 (2), 62 (0), 64 (10), 67 (10), 68 (0), 72 (14), 77 (5), 79 (6), 
Broken Team 1: 80 (2), 81 (12), 82 (1), 87 (7), 88 (7), 90 (15), 93 (4), 94 (13), 102 (6), 112 (3), 113 (1), 119 (4), 121 (9), 123 (15), 124 (3), 125 (1), 126 (1), 128 (9), 129 (12), 131 (10), 132 (13), 133 (6), 135 (4), 141 (7), 145 (10), 147 (3), 149 (11), 155 (12), 158 (13), 159 (1), 
Finishing order: 156 (1728.69), 1 (1800.75), 3 (1800.87), 2 (1800.99), 4 (1920.51), 5 (1920.63), 154 (1920.63), 6 (1920.75), 157 (1920.75), 8 (1920.99), 10 (1921.11), 83 (1921.11), 84 (1921.23), 11 (1921.35), 85 (1921.35), 86 (1921.47), 13 (1921.59), 96 (1921.59), 14 (1921.71), 17 (1921.95), 89 (1921.95), 18 (1922.07), 16 (1922.19), 91 (1922.19), 20 (1922.31), 97 (1922.31), 22 (1922.55), 98 (1922.55), 19 (1922.67), 24 (1922.79), 99 (1922.79), 25 (1922.91), 100 (1922.91), 26 (1923.03), 101 (1923.03), 23 (1923.15), 27 (1923.27), 103 (1923.27), 104 (1923.39), 30 (1923.51), 105 (1923.51), 106 (1923.63), 31 (1923.75), 107 (1923.75), 32 (1923.87), 33 (1923.99), 109 (1923.99), 114 (1924.11), 36 (1924.23), 110 (1924.23), 37 (1924.35), 115 (1924.35), 38 (1924.47), 116 (1924.47), 39 (1924.59), 117 (1924.59), 40 (1924.71), 118 (1924.71), 71 (1924.83), 70 (1924.95), 120 (1924.95), 41 (1925.19), 122 (1925.19), 42 (1925.31), 111 (1925.31), 46 (1925.55), 44 (1925.67), 47 (1925.79), 48 (1925.91), 153 (1925.91), 49 (1926.03), 50 (1926.15), 127 (1926.27), 130 (1926.39), 43 (1926.51), 51 (1926.63), 54 (1926.75), 56 (1926.87), 136 (1926.87), 57 (1926.99), 55 (1927.11), 134 (1927.11), 138 (1927.23), 58 (1927.35), 139 (1927.35), 61 (1927.47), 137 (1927.47), 63 (1927.71), 140 (1927.71), 142 (1927.83), 65 (1927.95), 144 (1927.95), 66 (1928.19), 143 (1928.19), 146 (1928.43), 60 (1928.55), 148 (1928.55), 74 (1928.67), 150 (1928.67), 73 (1928.79), 69 (1928.91), 92 (1928.91), 76 (1929.03), 151 (1929.03), 95 (1929.15), 152 (1929.27), 78 (1929.39), 75 (1929.51), 108 (1929.51), 
Result: TEAM 0 WIN*
