Mode: RANDOM
120.24 s > TEAM: 0 	F: 0 	 (1002) 	S: 1 	 (1001) 	T: 2 	 (1000) 	LAP 1
120.24 s > TEAM: 1 	F: 159 	 (1002) 	S: 158 	 (1001) 	T: 155 	 (1000) 	LAP 1
240.24 s > TEAM: 0 	F: 0 	 (2002) 	S: 1 	 (2001) 	T: 2 	 (2000) 	LAP 2
240.24 s > TEAM: 1 	F: 159 	 (2004) 	S: 158 	 (2002) 	T: 155 	 (2000) 	LAP 2
300.36 s > TEAM: 1 	F: 159 	 (3006) 	S: 158 	 (3002) 	T: 154 	 (3000) 	LAP 3
360.24 s > TEAM: 0 	F: 0 	 (3002) 	S: 1 	 (3001) 	T: 2 	 (3000) 	LAP 3
420.36 s > TEAM: 1 	F: 159 	 (4503) 	S: 158 	 (4002) 	T: 154 	 (4000) 	LAP 4
480.24 s > TEAM: 0 	F: 0 	 (4002) 	S: 1 	 (4001) 	T: 2 	 (4000) 	LAP 4
540.36 s > TEAM: 1 	F: 159 	 (5503) 	S: 158 	 (5002) 	T: 154 	 (5000) 	LAP 5
600.24 s > TEAM: 0 	F: 0 	 (5004) 	S: 1 	 (5002) 	T: 2 	 (5000) 	LAP 5
660.24 s > TEAM: 0 	F: 0 	 (6002) 	S: 1 	 (6001) 	T: 2 	 (6000) 	LAP 6
660.36 s > TEAM: 1 	F: 159 	 (6993) 	S: 158 	 (6002) 	T: 154 	 (6000) 	LAP 6
780.36 s > TEAM: 1 	F: 159 	 (7491) 	S: 158 	 (7004) 	T: 154 	 (7000) 	LAP 7
840.36 s > TEAM: 0 	F: 0 	 (7503) 	S: 1 	 (7502) 	T: 3 	 (7000) 	LAP 7
900.48 s > TEAM: 1 	F: 158 	 (8503) 	S: 154 	 (8001) 	T: 157 	 (8000) 	LAP 8
960.36 s > TEAM: 0 	F: 0 	 (8503) 	S: 1 	 (8502) 	T: 3 	 (8000) 	LAP 8
1020.48 s > TEAM: 1 	F: 158 	 (9992) 	S: 154 	 (9002) 	T: 157 	 (9000) 	LAP 9
1080.36 s > TEAM: 0 	F: 0 	 (9503) 	S: 1 	 (9502) 	T: 3 	 (9000) 	LAP 9
1080.48 s > TEAM: 1 	F: 158 	 (10492) 	S: 154 	 (10001) 	T: 157 	 (10000) 	LAP 10
1141.56 s > TEAM: 1 	F: 156 	 (11001) 	S: 157 	 (11000) 	T: 158 	 (11000) 	LAP 11
1200.36 s > TEAM: 0 	F: 0 	 (10503) 	S: 1 	 (10502) 	T: 3 	 (10000) 	LAP 10
1261.56 s > TEAM: 1 	F: 156 	 (12001) 	S: 157 	 (12000) 	T: 158 	 (12000) 	LAP 12
1320.36 s > TEAM: 0 	F: 1 	 (11990) 	S: 0 	 (11989) 	T: 3 	 (11000) 	LAP 11
1380.36 s > TEAM: 0 	F: 1 	 (12491) 	S: 0 	 (12489) 	T: 3 	 (12000) 	LAP 12
1381.80 s > TEAM: 1 	F: 157 	 (13002) 	S: 158 	 (13002) 	T: 156 	 (13000) 	LAP 13
1441.92 s > TEAM: 0 	F: 1 	 (13004) 	S: 0 	 (13002) 	T: 3 	 (13000) 	LAP 13
1501.80 s > TEAM: 1 	F: 157 	 (14002) 	S: 158 	 (14002) 	T: 156 	 (14000) 	LAP 14
1561.92 s > TEAM: 0 	F: 1 	 (14004) 	S: 0 	 (14002) 	T: 3 	 (14000) 	LAP 14
1621.80 s > TEAM: 1 	F: 157 	 (15002) 	S: 158 	 (15002) 	T: 156 	 (15000) 	LAP 15
1681.92 s > TEAM: 0 	F: 1 	 (15003) 	S: 0 	 (15002) 	T: 3 	 (15000) 	LAP 15
1741.80 s > TEAM: 1 	F: 156 	 (16000) 	S: 157 	 (16000) 	T: 158 	 (16000) 	LAP 16
1801.92 s > TEAM: 0 	F: 0 	 (16000) 	S: 1 	 (16000) 	T: 3 	 (16000) 	LAP 16
Broken Team 0: 2 (6), 5 (10), 13 (8), 16 (15), 22 (14), 23 (5), 26 (5), 27 (9), 32 (2), 33 (9), 34 (8), 35 (4), 36 (1), 37 (3), 49 (13), 52 (14), 55 (6), 60 (6), 63 (0), 67 (9), 69 (8), 73 (4), 
Broken Team 1: 83 (8), 84 (9), 87 (14), 97 (8), 101 (9), 102 (3), 105 (6), 108 (7), 109 (8), 119 (8), 121 (13), 123 (8), 126 (6), 128 (14), 133 (10), 134 (10), 135 (7), 137 (0), 138 (11), 141 (5), 145 (4), 147 (14), 149 (11), 150 (6), 153 (7), 155 (2), 159 (7), 
Finishing order: 157 (1741.59), 158 (1741.59), 156 (1741.83), 154 (1742.07), 1 (1801.47), 0 (1801.71), 3 (1801.95), 80 (1860.87), 82 (1860.99), 81 (1861.23), 4 (1920.51), 6 (1920.81), 8 (1920.99), 9 (1921.11), 10 (1921.23), 7 (1921.35), 11 (1921.35), 12 (1921.47), 85 (1921.47), 86 (1921.59), 14 (1921.71), 15 (1921.83), 88 (1921.83), 89 (1921.95), 17 (1922.07), 90 (1922.07), 18 (1922.19), 91 (1922.19), 20 (1922.31), 92 (1922.31), 19 (1922.43), 93 (1922.43), 21 (1922.55), 94 (1922.55), 95 (1922.67), 96 (1922.79), 24 (1922.91), 25 (1923.03), 99 (1923.03), 110 (1923.15), 100 (1923.27), 28 (1923.39), 118 (1923.39), 30 (1923.51), 98 (1923.51), 29 (1923.63), 103 (1923.87), 104 (1923.99), 106 (1924.23), 107 (1924.35), 38 (1924.47), 41 (1924.59), 111 (1924.59), 46 (1924.71), 112 (1924.71), 48 (1924.83), 113 (1924.83), 42 (1924.95), 115 (1924.95), 116 (1925.07), 39 (1925.19), 117 (1925.19), 50 (1925.31), 122 (1925.31), 43 (1925.43), 125 (1925.43), 51 (1925.55), 120 (1925.55), 40 (1925.79), 127 (1925.79), 47 (1925.91), 129 (1925.91), 56 (1926.03), 45 (1926.15), 130 (1926.15), 54 (1926.27), 131 (1926.27), 57 (1926.39), 132 (1926.39), 53 (1926.51), 114 (1926.51), 59 (1926.63), 44 (1926.87), 136 (1926.87), 61 (1926.99), 66 (1927.11), 124 (1927.11), 68 (1927.35), 71 (1927.47), 139 (1927.47), 76 (1927.59), 140 (1927.59), 64 (1927.71), 65 (1927.83), 142 (1927.83), 143 (1927.95), 146 (1928.19), 72 (1928.43), 144 (1928.43), 74 (1928.55), 77 (1928.67), 148 (1928.67), 31 (1928.79), 78 (1928.91), 152 (1928.91), 75 (1929.03), 79 (1929.15), 70 (1929.27), 151 (1929.27), 62 (1929.39), 58 (1929.51), 
Result: TEAM 1 WIN*
