Mode: RANDOM
120.24 s > TEAM: 0 	F: 0 	 (1004) 	S: 2 	 (1001) 	T: 1 	 (1000) 	LAP 1
120.36 s > TEAM: 1 	F: 159 	 (1003) 	S: 157 	 (1001) 	T: 81 	 (1000) 	LAP 1
240.36 s > TEAM: 1 	F: 159 	 (2003) 	S: 157 	 (2001) 	T: 81 	 (2000) 	LAP 2
240.48 s > TEAM: 0 	F: 1 	 (2004) 	S: 3 	 (2001) 	T: 4 	 (2000) 	LAP 2
360.36 s > TEAM: 1 	F: 159 	 (3003) 	S: 157 	 (3001) 	T: 81 	 (3000) 	LAP 3
360.48 s > TEAM: 0 	F: 1 	 (4004) 	S: 3 	 (3001) 	T: 4 	 (3000) 	LAP 3
480.36 s > TEAM: 1 	F: 159 	 (4006) 	S: 157 	 (4001) 	T: 81 	 (4000) 	LAP 4
480.48 s > TEAM: 0 	F: 1 	 (6002) 	S: 3 	 (4001) 	T: 4 	 (4000) 	LAP 4
600.36 s > TEAM: 1 	F: 159 	 (6006) 	S: 157 	 (5001) 	T: 81 	 (5000) 	LAP 5
600.48 s > TEAM: 0 	F: 1 	 (7004) 	S: 3 	 (5001) 	T: 4 	 (5000) 	LAP 5
720.36 s > TEAM: 1 	F: 159 	 (7503) 	S: 157 	 (6001) 	T: 81 	 (6000) 	LAP 6
720.48 s > TEAM: 0 	F: 1 	 (9002) 	S: 3 	 (6001) 	T: 4 	 (6000) 	LAP 6
840.36 s > TEAM: 1 	F: 159 	 (8693) 	S: 157 	 (7002) 	T: 81 	 (7000) 	LAP 7
840.48 s > TEAM: 0 	F: 1 	 (9319) 	S: 3 	 (7001) 	T: 4 	 (7000) 	LAP 7
900.36 s > TEAM: 1 	F: 159 	 (8693) 	S: 157 	 (8002) 	T: 81 	 (8000) 	LAP 8
960.48 s > TEAM: 0 	F: 1 	 (9319) 	S: 3 	 (8001) 	T: 4 	 (8000) 	LAP 8
960.48 s > TEAM: 1 	F: 157 	 (9002) 	S: 81 	 (9001) 	T: 158 	 (9000) 	LAP 9
1080.48 s > TEAM: 0 	F: 1 	 (9319) 	S: 3 	 (9001) 	T: 4 	 (9000) 	LAP 9
1080.48 s > TEAM: 1 	F: 157 	 (10002) 	S: 81 	 (10001) 	T: 158 	 (10000) 	LAP 10
1200.48 s > TEAM: 1 	F: 157 	 (11004) 	S: 81 	 (11002) 	T: 158 	 (11000) 	LAP 11
1200.60 s > TEAM: 0 	F: 3 	 (10004) 	S: 4 	 (10002) 	T: 5 	 (10000) 	LAP 10
1260.48 s > TEAM: 1 	F: 157 	 (12004) 	S: 81 	 (12001) 	T: 158 	 (12000) 	LAP 12
1320.60 s > TEAM: 0 	F: 3 	 (12004) 	S: 4 	 (11501) 	T: 5 	 (11000) 	LAP 11
1380.48 s > TEAM: 1 	F: 157 	 (14004) 	S: 81 	 (13001) 	T: 158 	 (13000) 	LAP 13
1440.72 s > TEAM: 0 	F: 3 	 (13503) 	S: 4 	 (12502) 	T: 6 	 (12000) 	LAP 12
1500.48 s > TEAM: 1 	F: 157 	 (15502) 	S: 81 	 (14001) 	T: 158 	 (14000) 	LAP 14
1560.72 s > TEAM: 0 	F: 3 	 (15003) 	S: 4 	 (14002) 	T: 6 	 (13000) 	LAP 13
1620.48 s > TEAM: 1 	F: 157 	 (16000) 	S: 81 	 (15001) 	T: 158 	 (15000) 	LAP 15
1680.72 s > TEAM: 0 	F: 3 	 (16000) 	S: 4 	 (15005) 	T: 6 	 (14000) 	LAP 14
1740.48 s > TEAM: 1 	F: 81 	 (16000) 	S: 157 	 (16000) 	T: 158 	 (16000) 	LAP 16
1740.72 s > TEAM: 0 	F: 3 	 (16000) 	S: 4 	 (16000) 	T: 6 	 (15000) 	LAP 15
1830.78 s > TEAM: 0 	F: 3 	 (16000) 	S: 4 	 (16000) 	T: 8 	 (16000) 	LAP 16
Broken Team 0: 0 (1), 1 (9), 2 (1), 5 (11), 7 (4), 12 (5), 15 (10), 17 (4), 26 (4), 28 (6), 32 (3), 33 (8), 35 (5), 36 (6), 42 (0), 43 (8), 44 (1), 46 (6), 52 (3), 53 (12), 54 (9), 57 (1), 58 (8), 59 (11), 60 (9), 61 (0), 63 (7), 64 (1), 70 (5), 
Broken Team 1: 80 (0), 86 (3), 87 (8), 90 (11), 91 (13), 96 (9), 97 (1), 99 (2), 105 (12), 106 (13), 107 (15), 109 (6), 115 (4), 116 (12), 122 (3), 131 (13), 132 (2), 133 (5), 135 (8), 139 (10), 141 (7), 144 (7), 146 (1), 152 (14), 159 (8), 
Finishing order: 157 (1560.27), 3 (1680.39), 81 (1740.39), 4 (1740.45), 158 (1740.51), 82 (1800.63), 8 (1830.81), 6 (1860.75), 83 (1860.75), 84 (1860.87), 85 (1920.99), 9 (1921.11), 10 (1921.23), 11 (1921.35), 13 (1921.47), 155 (1921.47), 89 (1921.71), 14 (1921.83), 88 (1921.83), 16 (1921.95), 154 (1921.95), 156 (1922.07), 18 (1922.19), 21 (1922.31), 151 (1922.31), 22 (1922.43), 19 (1922.55), 153 (1922.55), 23 (1922.67), 150 (1922.67), 24 (1922.79), 92 (1922.79), 25 (1922.91), 93 (1922.91), 94 (1923.03), 27 (1923.15), 95 (1923.27), 20 (1923.39), 100 (1923.39), 29 (1923.51), 101 (1923.51), 30 (1923.63), 148 (1923.63), 31 (1923.75), 102 (1923.87), 103 (1923.99), 37 (1924.35), 38 (1924.47), 40 (1924.59), 108 (1924.59), 41 (1924.71), 104 (1924.71), 39 (1924.83), 149 (1924.83), 147 (1924.95), 98 (1925.07), 110 (1925.19), 45 (1925.31), 34 (1925.43), 145 (1925.43), 143 (1925.55), 49 (1925.67), 111 (1925.67), 48 (1925.79), 50 (1925.91), 142 (1925.91), 51 (1926.03), 112 (1926.03), 138 (1926.15), 113 (1926.27), 55 (1926.51), 56 (1926.63), 118 (1926.63), 119 (1926.87), 114 (1927.11), 117 (1927.23), 47 (1927.35), 140 (1927.35), 120 (1927.47), 62 (1927.59), 123 (1927.59), 65 (1927.71), 124 (1927.83), 66 (1927.95), 121 (1927.95), 67 (1928.07), 125 (1928.07), 68 (1928.19), 71 (1928.31), 136 (1928.31), 128 (1928.43), 69 (1928.55), 126 (1928.55), 73 (1928.67), 127 (1928.67), 75 (1928.79), 74 (1928.91), 129 (1928.91), 76 (1929.03), 130 (1929.03), 77 (1929.15), 72 (1929.27), 79 (1929.39), 134 (1929.39), 78 (1929.51), 137 (1929.51), 
Result: TEAM 1 WIN*
