Mode: RANDOM
30.24 s > TEAM: 0 	F: 0 	 (254) 	S: 2 	 (252) 	T: 1 	 (250) 	LAP 1
30.24 s > TEAM: 1 	F: 159 	 (252) 	S: 156 	 (251) 	T: 158 	 (250) 	LAP 1
45.36 s > TEAM: 0 	F: 0 	 (506) 	S: 1 	 (502) 	T: 3 	 (500) 	LAP 2
60.24 s > TEAM: 1 	F: 159 	 (504) 	S: 156 	 (501) 	T: 158 	 (500) 	LAP 2
60.36 s > TEAM: 0 	F: 0 	 (753) 	S: 1 	 (751) 	T: 3 	 (750) 	LAP 3
90.24 s > TEAM: 0 	F: 3 	 (1120) 	S: 0 	 (1004) 	T: 1 	 (1000) 	LAP 4
90.24 s > TEAM: 1 	F: 159 	 (996) 	S: 156 	 (752) 	T: 158 	 (750) 	LAP 3
105.24 s > TEAM: 1 	F: 159 	 (1120) 	S: 156 	 (1002) 	T: 158 	 (1000) 	LAP 4
120.24 s > TEAM: 0 	F: 0 	 (1371) 	S: 3 	 (1369) 	T: 1 	 (1250) 	LAP 5
135.24 s > TEAM: 1 	F: 159 	 (1369) 	S: 156 	 (1368) 	T: 158 	 (1250) 	LAP 5
165.24 s > TEAM: 1 	F: 159 	 (1619) 	S: 156 	 (1618) 	T: 158 	 (1500) 	LAP 6
165.48 s > TEAM: 0 	F: 3 	 (1748) 	S: 1 	 (1627) 	T: 4 	 (1500) 	LAP 6
195.24 s > TEAM: 1 	F: 159 	 (1870) 	S: 156 	 (1869) 	T: 158 	 (1750) 	LAP 7
195.48 s > TEAM: 0 	F: 3 	 (1998) 	S: 1 	 (1877) 	T: 4 	 (1750) 	LAP 7
225.24 s > TEAM: 1 	F: 159 	 (2121) 	S: 156 	 (2119) 	T: 158 	 (2000) 	LAP 8
225.48 s > TEAM: 0 	F: 3 	 (2247) 	S: 1 	 (2127) 	T: 4 	 (2000) 	LAP 8
255.24 s > TEAM: 1 	F: 159 	 (2371) 	S: 156 	 (2369) 	T: 158 	 (2250) 	LAP 9
255.48 s > TEAM: 0 	F: 3 	 (2497) 	S: 1 	 (2377) 	T: 4 	 (2250) 	LAP 9
285.24 s > TEAM: 1 	F: 159 	 (2621) 	S: 156 	 (2619) 	T: 158 	 (2500) 	LAP 10
285.48 s > TEAM: 0 	F: 3 	 (2747) 	S: 1 	 (2627) 	T: 4 	 (2500) 	LAP 10
315.24 s > TEAM: 1 	F: 159 	 (2871) 	S: 156 	 (2869) 	T: 158 	 (2750) 	LAP 11
315.48 s > TEAM: 0 	F: 3 	 (2997) 	S: 1 	 (2877) 	T: 4 	 (2750) 	LAP 11
345.24 s > TEAM: 1 	F: 159 	 (3120) 	S: 156 	 (3119) 	T: 158 	 (3000) 	LAP 12
345.48 s > TEAM: 0 	F: 3 	 (3248) 	S: 1 	 (3127) 	T: 4 	 (3000) 	LAP 12
375.24 s > TEAM: 1 	F: 159 	 (3370) 	S: 156 	 (3369) 	T: 158 	 (3250) 	LAP 13
375.48 s > TEAM: 0 	F: 3 	 (3498) 	S: 1 	 (3377) 	T: 4 	 (3250) 	LAP 13
405.24 s > TEAM: 1 	F: 159 	 (3620) 	S: 156 	 (3619) 	T: 158 	 (3500) 	LAP 14
405.48 s > TEAM: 0 	F: 3 	 (3748) 	S: 1 	 (3627) 	T: 4 	 (3500) 	LAP 14
435.24 s > TEAM: 1 	F: 159 	 (3871) 	S: 156 	 (3869) 	T: 158 	 (3750) 	LAP 15
435.48 s > TEAM: 0 	F: 3 	 (3998) 	S: 1 	 (3877) 	T: 4 	 (3750) 	LAP 15
465.24 s > TEAM: 1 	F: 156 	 (4000) 	S: 158 	 (4000) 	T: 159 	 (4000) 	LAP 16
465.48 s > TEAM: 0 	F: 1 	 (4000) 	S: 3 	 (4000) 	T: 4 	 (4000) 	LAP 16
Broken Team 0: 0 (5), 2 (1), 7 (3), 10 (12), 11 (10), 14 (10), 15 (0), 18 (2), 26 (6), 29 (0), 30 (13), 33 (7), 34 (0), 36 (6), 38 (8), 39 (15), 44 (7), 45 (10), 49 (10), 51 (2), 53 (9), 56 (10), 57 (11), 58 (6), 59 (1), 61 (14), 64 (13), 65 (8), 67 (9), 68 (2), 70 (5), 78 (8), 79 (3), 
Broken Team 1: 80 (5), 91 (2), 92 (4), 96 (15), 97 (5), 98 (7), 101 (12), 104 (6), 106 (0), 107 (14), 108 (0), 114 (2), 117 (14), 122 (1), 126 (14), 127 (1), 129 (5), 131 (13), 132 (9), 140 (6), 143 (1), 145 (9), 147 (5), 148 (5), 149 (13), 150 (13), 153 (8), 
Finishing order: 3 (435.75), 1 (450.27), 159 (450.75), 156 (450.99), 158 (465.27), 4 (465.51), 5 (465.63), 155 (480.39), 154 (480.51), 152 (480.63), 6 (480.75), 8 (480.99), 9 (481.11), 151 (481.11), 157 (481.35), 12 (481.47), 81 (481.47), 13 (481.59), 146 (481.59), 16 (481.95), 17 (482.07), 82 (482.07), 19 (482.19), 83 (482.19), 20 (482.43), 144 (482.43), 21 (482.55), 84 (482.55), 22 (482.67), 85 (482.67), 23 (482.79), 142 (482.79), 24 (482.91), 86 (482.91), 141 (483.03), 25 (483.15), 87 (483.15), 139 (483.27), 27 (483.39), 88 (483.39), 28 (483.51), 31 (483.63), 134 (483.63), 137 (483.75), 123 (483.87), 32 (483.99), 136 (483.99), 90 (484.11), 73 (484.35), 135 (484.35), 89 (484.59), 93 (484.71), 35 (484.83), 94 (484.83), 71 (484.95), 42 (485.07), 99 (485.07), 37 (485.19), 100 (485.19), 95 (485.31), 102 (485.43), 40 (485.55), 46 (485.67), 103 (485.67), 41 (485.79), 47 (485.91), 43 (486.03), 48 (486.15), 105 (486.15), 50 (486.39), 52 (486.51), 110 (486.51), 109 (486.75), 54 (486.87), 111 (486.87), 55 (486.99), 112 (487.11), 115 (487.35), 113 (487.47), 116 (487.59), 60 (487.71), 118 (487.71), 120 (487.95), 62 (488.07), 119 (488.07), 66 (488.19), 124 (488.19), 69 (488.31), 121 (488.31), 63 (488.55), 125 (488.55), 74 (488.67), 75 (489.03), 72 (489.15), 130 (489.15), 76 (489.27), 133 (489.27), 128 (489.39), 77 (489.51), 138 (489.51), 
Result: TEAM 0 WIN*
