Mode: RANDOM
30.24 s > TEAM: 0 	F: 0 	 (254) 	S: 2 	 (252) 	T: 1 	 (250) 	LAP 1
30.24 s > TEAM: 1 	F: 159 	 (252) 	S: 158 	 (251) 	T: 80 	 (250) 	LAP 1
60.24 s > TEAM: 1 	F: 159 	 (504) 	S: 158 	 (501) 	T: 80 	 (500) 	LAP 2
60.36 s > TEAM: 0 	F: 2 	 (752) 	S: 1 	 (626) 	T: 3 	 (500) 	LAP 2
90.24 s > TEAM: 1 	F: 159 	 (999) 	S: 158 	 (751) 	T: 80 	 (750) 	LAP 3
90.36 s > TEAM: 0 	F: 2 	 (1004) 	S: 1 	 (876) 	T: 3 	 (750) 	LAP 3
120.24 s > TEAM: 1 	F: 159 	 (1248) 	S: 158 	 (1001) 	T: 80 	 (1000) 	LAP 4
120.36 s > TEAM: 0 	F: 2 	 (1375) 	S: 1 	 (1126) 	T: 3 	 (1000) 	LAP 4
150.24 s > TEAM: 1 	F: 159 	 (1498) 	S: 158 	 (1251) 	T: 80 	 (1250) 	LAP 5
150.36 s > TEAM: 0 	F: 2 	 (1625) 	S: 1 	 (1376) 	T: 3 	 (1250) 	LAP 5
180.24 s > TEAM: 1 	F: 159 	 (1748) 	S: 158 	 (1501) 	T: 80 	 (1500) 	LAP 6
180.36 s > TEAM: 0 	F: 2 	 (1875) 	S: 1 	 (1626) 	T: 3 	 (1500) 	LAP 6
210.24 s > TEAM: 1 	F: 159 	 (1998) 	S: 158 	 (1751) 	T: 80 	 (1750) 	LAP 7
210.36 s > TEAM: 0 	F: 2 	 (2125) 	S: 1 	 (2001) 	T: 3 	 (1750) 	LAP 7
240.24 s > TEAM: 1 	F: 159 	 (2373) 	S: 158 	 (2002) 	T: 80 	 (2000) 	LAP 8
240.36 s > TEAM: 0 	F: 2 	 (2501) 	S: 1 	 (2252) 	T: 3 	 (2000) 	LAP 8
255.24 s > TEAM: 1 	F: 159 	 (2527) 	S: 158 	 (2252) 	T: 80 	 (2250) 	LAP 9
270.24 s > TEAM: 1 	F: 159 	 (2527) 	S: 158 	 (2501) 	T: 80 	 (2500) 	LAP 10
270.36 s > TEAM: 0 	F: 2 	 (3001) 	S: 1 	 (2626) 	T: 3 	 (2250) 	LAP 9
300.36 s > TEAM: 0 	F: 2 	 (3375) 	S: 1 	 (3002) 	T: 3 	 (2500) 	LAP 10
330.36 s > TEAM: 0 	F: 2 	 (3750) 	S: 1 	 (3377) 	T: 3 	 (2750) 	LAP 11
330.36 s > TEAM: 1 	F: 80 	 (3126) 	S: 158 	 (3002) 	T: 81 	 (2750) 	LAP 11
360.36 s > TEAM: 0 	F: 2 	 (4000) 	S: 1 	 (3377) 	T: 3 	 (3000) 	LAP 12
360.36 s > TEAM: 1 	F: 80 	 (3501) 	S: 158 	 (3254) 	T: 81 	 (3000) 	LAP 12
390.36 s > TEAM: 0 	F: 2 	 (4000) 	S: 1 	 (3377) 	T: 3 	 (3250) 	LAP 13
390.36 s > TEAM: 1 	F: 80 	 (3752) 	S: 158 	 (3627) 	T: 81 	 (3250) 	LAP 13
420.36 s > TEAM: 1 	F: 158 	 (4000) 	S: 80 	 (3964) 	T: 81 	 (3500) 	LAP 14
420.48 s > TEAM: 0 	F: 2 	 (4000) 	S: 3 	 (3501) 	T: 4 	 (3500) 	LAP 14
450.36 s > TEAM: 1 	F: 158 	 (4000) 	S: 80 	 (3964) 	T: 81 	 (3750) 	LAP 15
450.48 s > TEAM: 0 	F: 2 	 (4000) 	S: 3 	 (3751) 	T: 4 	 (3750) 	LAP 15
480.48 s > TEAM: 0 	F: 2 	 (4000) 	S: 3 	 (4000) 	T: 4 	 (4000) 	LAP 16
480.72 s > TEAM: 1 	F: 82 	 (4000) 	S: 84 	 (4000) 	T: 158 	 (4000) 	LAP 16
Broken Team 0: 0 (1), 1 (13), 6 (7), 9 (2), 11 (9), 16 (3), 18 (7), 20 (11), 27 (4), 34 (7), 36 (6), 38 (12), 41 (3), 42 (7), 45 (8), 48 (7), 51 (11), 52 (1), 54 (6), 57 (10), 59 (3), 61 (5), 62 (1), 63 (8), 64 (11), 71 (1), 73 (6), 
Broken Team 1: 80 (15), 81 (15), 83 (14), 89 (6), 91 (6), 92 (9), 95 (4), 103 (3), 106 (14), 110 (0), 113 (3), 114 (3), 115 (15), 119 (3), 121 (10), 125 (7), 126 (7), 127 (14), 131 (9), 132 (2), 135 (13), 137 (8), 145 (2), 148 (13), 150 (4), 151 (8), 153 (0), 156 (11), 159 (10), 
Finishing order: 2 (360.33), 158 (420.15), 82 (465.51), 3 (480.39), 4 (480.51), 5 (480.63), 84 (480.75), 7 (480.87), 85 (480.87), 8 (480.99), 86 (480.99), 87 (481.11), 10 (481.23), 88 (481.23), 43 (481.47), 157 (481.47), 12 (481.59), 90 (481.59), 13 (481.83), 14 (481.95), 93 (481.95), 15 (482.07), 94 (482.07), 17 (482.31), 96 (482.31), 97 (482.43), 19 (482.55), 98 (482.55), 99 (482.67), 21 (482.79), 100 (482.79), 22 (482.91), 101 (482.91), 23 (483.03), 102 (483.03), 24 (483.15), 25 (483.27), 104 (483.27), 26 (483.39), 105 (483.39), 28 (483.63), 107 (483.63), 29 (483.75), 30 (483.87), 108 (483.87), 109 (483.99), 31 (484.11), 140 (484.11), 32 (484.23), 111 (484.23), 33 (484.35), 112 (484.35), 35 (484.59), 37 (484.83), 117 (484.83), 118 (484.95), 40 (485.07), 120 (485.07), 44 (485.43), 116 (485.43), 46 (485.55), 123 (485.55), 39 (485.67), 124 (485.67), 47 (485.91), 122 (485.91), 139 (486.03), 49 (486.15), 50 (486.27), 130 (486.27), 128 (486.39), 53 (486.51), 129 (486.51), 56 (486.75), 55 (486.87), 133 (486.87), 58 (486.99), 134 (486.99), 136 (487.11), 142 (487.35), 60 (487.47), 65 (487.59), 66 (487.71), 141 (487.71), 143 (487.83), 69 (487.95), 67 (488.07), 144 (488.07), 70 (488.31), 147 (488.31), 72 (488.43), 146 (488.43), 68 (488.55), 149 (488.67), 77 (488.79), 152 (488.79), 75 (488.91), 76 (489.03), 78 (489.15), 155 (489.15), 79 (489.27), 74 (489.39), 154 (489.39), 138 (489.51), 
Result: TEAM 1 WIN*
