Mode: RANDOM
30.24 s > TEAM: 0 	F: 0 	 (252) 	S: 1 	 (251) 	T: 2 	 (250) 	LAP 1
30.24 s > TEAM: 1 	F: 159 	 (252) 	S: 80 	 (251) 	T: 157 	 (250) 	LAP 1
60.24 s > TEAM: 0 	F: 0 	 (504) 	S: 1 	 (501) 	T: 2 	 (500) 	LAP 2
60.24 s > TEAM: 1 	F: 159 	 (502) 	S: 80 	 (501) 	T: 157 	 (500) 	LAP 2
90.24 s > TEAM: 0 	F: 0 	 (1002) 	S: 1 	 (751) 	T: 2 	 (750) 	LAP 3
90.24 s > TEAM: 1 	F: 159 	 (754) 	S: 80 	 (751) 	T: 157 	 (750) 	LAP 3
120.24 s > TEAM: 0 	F: 0 	 (1254) 	S: 1 	 (1001) 	T: 2 	 (1000) 	LAP 4
120.24 s > TEAM: 1 	F: 159 	 (1252) 	S: 80 	 (1001) 	T: 157 	 (1000) 	LAP 4
150.24 s > TEAM: 0 	F: 0 	 (1627) 	S: 1 	 (1251) 	T: 2 	 (1250) 	LAP 5
150.24 s > TEAM: 1 	F: 159 	 (1504) 	S: 80 	 (1252) 	T: 157 	 (1250) 	LAP 5
165.24 s > TEAM: 1 	F: 159 	 (1752) 	S: 80 	 (1501) 	T: 157 	 (1500) 	LAP 6
180.24 s > TEAM: 0 	F: 0 	 (1999) 	S: 1 	 (1501) 	T: 2 	 (1500) 	LAP 6
195.24 s > TEAM: 1 	F: 159 	 (2002) 	S: 80 	 (1751) 	T: 157 	 (1750) 	LAP 7
210.24 s > TEAM: 0 	F: 0 	 (2249) 	S: 1 	 (1751) 	T: 2 	 (1750) 	LAP 7
225.24 s > TEAM: 1 	F: 159 	 (2254) 	S: 80 	 (2001) 	T: 157 	 (2000) 	LAP 8
240.36 s > TEAM: 0 	F: 0 	 (2500) 	S: 1 	 (2002) 	T: 3 	 (2000) 	LAP 8
255.24 s > TEAM: 1 	F: 159 	 (2627) 	S: 80 	 (2251) 	T: 157 	 (2250) 	LAP 9
270.36 s > TEAM: 0 	F: 0 	 (2750) 	S: 1 	 (2252) 	T: 3 	 (2250) 	LAP 9
285.24 s > TEAM: 1 	F: 159 	 (2877) 	S: 80 	 (2501) 	T: 157 	 (2500) 	LAP 10
300.36 s > TEAM: 0 	F: 0 	 (3001) 	S: 1 	 (2502) 	T: 3 	 (2500) 	LAP 10
315.24 s > TEAM: 1 	F: 159 	 (3247) 	S: 80 	 (2751) 	T: 157 	 (2750) 	LAP 11
330.60 s > TEAM: 0 	F: 0 	 (3253) 	S: 1 	 (2754) 	T: 5 	 (2750) 	LAP 11
345.24 s > TEAM: 1 	F: 159 	 (3497) 	S: 80 	 (3002) 	T: 157 	 (3000) 	LAP 12
360.60 s > TEAM: 0 	F: 0 	 (3506) 	S: 1 	 (3004) 	T: 5 	 (3000) 	LAP 12
375.24 s > TEAM: 1 	F: 159 	 (3747) 	S: 80 	 (3496) 	T: 157 	 (3250) 	LAP 13
390.72 s > TEAM: 0 	F: 0 	 (3879) 	S: 5 	 (3251) 	T: 7 	 (3250) 	LAP 13
405.24 s > TEAM: 1 	F: 159 	 (3997) 	S: 80 	 (3746) 	T: 157 	 (3500) 	LAP 14
420.72 s > TEAM: 0 	F: 0 	 (4000) 	S: 5 	 (3501) 	T: 7 	 (3500) 	LAP 14
435.24 s > TEAM: 1 	F: 159 	 (4000) 	S: 80 	 (3996) 	T: 157 	 (3750) 	LAP 15
450.72 s > TEAM: 0 	F: 0 	 (4000) 	S: 5 	 (3751) 	T: 7 	 (3750) 	LAP 15
465.24 s > TEAM: 1 	F: 80 	 (4000) 	S: 157 	 (4000) 	T: 159 	 (4000) 	LAP 16
480.72 s > TEAM: 0 	F: 0 	 (4000) 	S: 5 	 (4000) 	T: 7 	 (4000) 	LAP 16
Broken Team 0: 1 (12), 2 (7), 3 (10), 4 (4), 6 (10), 8 (4), 9 (9), 14 (10), 17 (7), 19 (10), 20 (3), 21 (9), 22 (1), 23 (7), 28 (5), 29 (1), 30 (6), 31 (1), 34 (3), 35 (4), 39 (8), 41 (1), 45 (6), 48 (10), 50 (2), 56 (7), 58 (1), 59 (14), 61 (13), 63 (2), 64 (0), 67 (10), 68 (15), 73 (2), 78 (1), 79 (8), 
Broken Team 1: 81 (14), 84 (3), 85 (3), 87 (10), 89 (12), 94 (5), 96 (6), 97 (11), 98 (1), 101 (3), 103 (9), 112 (1), 113 (1), 114 (15), 115 (5), 119 (2), 121 (13), 124 (12), 128 (9), 131 (11), 133 (11), 134 (8), 136 (7), 137 (13), 139 (5), 146 (1), 153 (13), 
Finishing order: 0 (405.27), 159 (405.63), 80 (435.69), 157 (465.27), 82 (465.51), 123 (465.51), 5 (480.63), 7 (480.75), 83 (480.75), 11 (481.23), 88 (481.23), 10 (481.35), 90 (481.35), 12 (481.47), 13 (481.59), 91 (481.71), 16 (481.83), 93 (481.83), 15 (481.95), 95 (481.95), 86 (482.07), 18 (482.19), 92 (482.19), 158 (482.43), 100 (482.79), 24 (482.91), 99 (482.91), 25 (483.03), 26 (483.15), 126 (483.15), 27 (483.27), 102 (483.27), 104 (483.51), 105 (483.63), 32 (483.75), 106 (483.75), 107 (483.87), 33 (483.99), 108 (483.99), 109 (484.11), 110 (484.23), 37 (484.35), 111 (484.35), 36 (484.47), 38 (484.59), 116 (484.83), 40 (484.95), 120 (484.95), 42 (485.07), 117 (485.07), 43 (485.19), 46 (485.43), 118 (485.43), 44 (485.55), 127 (485.67), 51 (485.79), 155 (485.79), 47 (485.91), 53 (486.03), 129 (486.03), 130 (486.15), 55 (486.27), 52 (486.39), 132 (486.39), 54 (486.51), 57 (486.75), 135 (486.75), 60 (486.99), 138 (487.11), 62 (487.23), 141 (487.35), 143 (487.47), 69 (487.59), 145 (487.59), 66 (487.71), 140 (487.71), 71 (487.83), 142 (487.83), 144 (487.95), 147 (488.07), 72 (488.19), 149 (488.19), 70 (488.31), 75 (488.43), 148 (488.43), 74 (488.55), 150 (488.55), 76 (488.67), 77 (488.79), 151 (488.79), 156 (488.91), 152 (489.03), 49 (489.15), 125 (489.15), 154 (489.27), 65 (489.39), 122 (489.51), 
Result: TEAM 1 WIN*
