Mode: RANDOM
30.24 s > TEAM: 1 	F: 159 	 (252) 	S: 80 	 (251) 	T: 81 	 (250) 	LAP 1
30.36 s > TEAM: 0 	F: 0 	 (253) 	S: 2 	 (251) 	T: 3 	 (250) 	LAP 1
60.24 s > TEAM: 1 	F: 159 	 (502) 	S: 80 	 (501) 	T: 81 	 (500) 	LAP 2
60.48 s > TEAM: 0 	F: 0 	 (508) 	S: 2 	 (502) 	T: 4 	 (500) 	LAP 2
90.24 s > TEAM: 1 	F: 159 	 (754) 	S: 80 	 (752) 	T: 81 	 (750) 	LAP 3
90.48 s > TEAM: 0 	F: 0 	 (879) 	S: 2 	 (752) 	T: 4 	 (750) 	LAP 3
105.24 s > TEAM: 1 	F: 159 	 (1004) 	S: 80 	 (1001) 	T: 81 	 (1000) 	LAP 4
120.48 s > TEAM: 0 	F: 0 	 (1129) 	S: 2 	 (1002) 	T: 4 	 (1000) 	LAP 4
135.12 s > TEAM: 1 	F: 159 	 (1501) 	S: 81 	 (1374) 	T: 80 	 (1250) 	LAP 5
150.48 s > TEAM: 0 	F: 0 	 (1379) 	S: 2 	 (1252) 	T: 4 	 (1250) 	LAP 5
165.12 s > TEAM: 1 	F: 159 	 (1752) 	S: 81 	 (1624) 	T: 80 	 (1500) 	LAP 6
180.48 s > TEAM: 0 	F: 0 	 (1629) 	S: 2 	 (1502) 	T: 4 	 (1500) 	LAP 6
195.12 s > TEAM: 1 	F: 159 	 (2126) 	S: 81 	 (1874) 	T: 80 	 (1750) 	LAP 7
210.48 s > TEAM: 0 	F: 0 	 (2008) 	S: 2 	 (1752) 	T: 4 	 (1750) 	LAP 7
225.12 s > TEAM: 1 	F: 159 	 (2502) 	S: 81 	 (2248) 	T: 80 	 (2000) 	LAP 8
240.12 s > TEAM: 1 	F: 159 	 (2752) 	S: 81 	 (2374) 	T: 80 	 (2250) 	LAP 9
240.60 s > TEAM: 0 	F: 0 	 (2380) 	S: 4 	 (2001) 	T: 5 	 (2000) 	LAP 8
270.12 s > TEAM: 1 	F: 159 	 (3126) 	S: 81 	 (2624) 	T: 80 	 (2500) 	LAP 10
270.60 s > TEAM: 0 	F: 0 	 (2630) 	S: 4 	 (2251) 	T: 5 	 (2250) 	LAP 9
300.60 s > TEAM: 0 	F: 0 	 (2880) 	S: 4 	 (2501) 	T: 5 	 (2500) 	LAP 10
330.36 s > TEAM: 1 	F: 159 	 (3612) 	S: 81 	 (3251) 	T: 82 	 (2750) 	LAP 11
330.60 s > TEAM: 0 	F: 0 	 (3260) 	S: 4 	 (2751) 	T: 5 	 (2750) 	LAP 11
360.36 s > TEAM: 1 	F: 159 	 (3612) 	S: 81 	 (3501) 	T: 82 	 (3000) 	LAP 12
360.60 s > TEAM: 0 	F: 0 	 (3755) 	S: 4 	 (3001) 	T: 5 	 (3000) 	LAP 12
390.36 s > TEAM: 1 	F: 81 	 (3751) 	S: 159 	 (3612) 	T: 82 	 (3250) 	LAP 13
390.60 s > TEAM: 0 	F: 0 	 (4000) 	S: 4 	 (3251) 	T: 5 	 (3250) 	LAP 13
420.36 s > TEAM: 1 	F: 81 	 (4000) 	S: 159 	 (3612) 	T: 82 	 (3500) 	LAP 14
420.60 s > TEAM: 0 	F: 0 	 (4000) 	S: 4 	 (3502) 	T: 5 	 (3500) 	LAP 14
450.48 s > TEAM: 1 	F: 81 	 (4000) 	S: 82 	 (3999) 	T: 157 	 (3750) 	LAP 15
450.60 s > TEAM: 0 	F: 0 	 (4000) 	S: 4 	 (3876) 	T: 5 	 (3750) 	LAP 15
480.48 s > TEAM: 1 	F: 81 	 (4000) 	S: 82 	 (4000) 	T: 157 	 (4000) 	LAP 16
480.60 s > TEAM: 0 	F: 0 	 (4000) 	S: 4 	 (4000) 	T: 5 	 (4000) 	LAP 16
Broken Team 0: 1 (0), 2 (7), 3 (1), 7 (13), 11 (3), 14 (13), 16 (3), 17 (8), 18 (12), 26 (14), 27 (10), 28 (6), 36 (1), 42 (7), 43 (5), 46 (11), 47 (2), 49 (7), 51 (11), 53 (4), 55 (8), 62 (0), 63 (1), 68 (2), 70 (8), 72 (15), 75 (1), 76 (11), 
Broken Team 1: 80 (10), 84 (1), 91 (12), 100 (7), 104 (9), 107 (12), 113 (3), 120 (9), 121 (9), 125 (8), 128 (14), 131 (12), 133 (4), 134 (3), 138 (5), 141 (0), 143 (9), 144 (9), 148 (8), 154 (15), 159 (14), 
Finishing order: 0 (390.03), 81 (420.27), 82 (450.63), 4 (465.51), 157 (480.51), 5 (480.63), 83 (480.63), 6 (480.75), 158 (480.87), 8 (480.99), 85 (480.99), 9 (481.11), 86 (481.11), 10 (481.23), 155 (481.23), 12 (481.35), 87 (481.35), 88 (481.47), 89 (481.59), 90 (481.71), 13 (481.95), 92 (481.95), 93 (482.07), 19 (482.19), 94 (482.19), 20 (482.31), 95 (482.31), 21 (482.43), 96 (482.43), 45 (482.55), 97 (482.55), 23 (482.67), 98 (482.67), 22 (482.79), 99 (482.79), 24 (482.91), 101 (483.03), 25 (483.15), 102 (483.15), 103 (483.27), 29 (483.51), 105 (483.51), 30 (483.63), 106 (483.63), 31 (483.75), 32 (483.87), 108 (483.87), 33 (483.99), 109 (483.99), 34 (484.11), 110 (484.11), 37 (484.23), 124 (484.23), 35 (484.35), 111 (484.35), 112 (484.47), 38 (484.59), 114 (484.59), 39 (484.71), 40 (484.83), 116 (484.83), 41 (484.95), 117 (484.95), 118 (485.07), 48 (485.31), 115 (485.31), 122 (485.43), 50 (485.55), 119 (485.55), 127 (485.67), 52 (485.91), 129 (485.91), 132 (486.15), 58 (486.27), 59 (486.39), 130 (486.39), 56 (486.51), 60 (486.63), 136 (486.63), 57 (486.75), 66 (486.87), 126 (486.87), 64 (486.99), 137 (486.99), 65 (487.11), 135 (487.23), 54 (487.35), 140 (487.35), 69 (487.47), 67 (487.59), 142 (487.71), 139 (487.83), 71 (487.95), 145 (487.95), 74 (488.07), 146 (488.19), 73 (488.31), 147 (488.31), 77 (488.55), 79 (488.67), 149 (488.67), 78 (488.79), 150 (488.79), 15 (488.91), 152 (488.91), 153 (489.03), 44 (489.15), 156 (489.27), 151 (489.39), 61 (489.51), 123 (489.51), 
Result: TEAM 1 WIN*
