Mode: RANDOM
30.24 s > TEAM: 0 	F: 0 	 (252) 	S: 2 	 (251) 	T: 3 	 (250) 	LAP 1
30.24 s > TEAM: 1 	F: 156 	 (252) 	S: 158 	 (251) 	T: 80 	 (250) 	LAP 1
60.24 s > TEAM: 0 	F: 0 	 (504) 	S: 2 	 (502) 	T: 3 	 (500) 	LAP 2
60.24 s > TEAM: 1 	F: 156 	 (502) 	S: 158 	 (501) 	T: 80 	 (500) 	LAP 2
90.24 s > TEAM: 0 	F: 0 	 (877) 	S: 2 	 (876) 	T: 3 	 (750) 	LAP 3
90.24 s > TEAM: 1 	F: 156 	 (754) 	S: 158 	 (752) 	T: 80 	 (750) 	LAP 3
105.24 s > TEAM: 1 	F: 156 	 (1004) 	S: 158 	 (1002) 	T: 80 	 (1000) 	LAP 4
120.24 s > TEAM: 0 	F: 2 	 (1249) 	S: 0 	 (1248) 	T: 3 	 (1000) 	LAP 4
135.24 s > TEAM: 0 	F: 2 	 (1499) 	S: 0 	 (1374) 	T: 3 	 (1250) 	LAP 5
135.24 s > TEAM: 1 	F: 156 	 (1377) 	S: 158 	 (1376) 	T: 80 	 (1250) 	LAP 5
165.24 s > TEAM: 0 	F: 2 	 (1872) 	S: 0 	 (1748) 	T: 3 	 (1500) 	LAP 6
165.24 s > TEAM: 1 	F: 158 	 (1626) 	S: 156 	 (1532) 	T: 80 	 (1500) 	LAP 6
195.24 s > TEAM: 0 	F: 2 	 (2122) 	S: 0 	 (1999) 	T: 3 	 (1750) 	LAP 7
195.48 s > TEAM: 1 	F: 158 	 (1998) 	S: 80 	 (1754) 	T: 155 	 (1750) 	LAP 7
225.24 s > TEAM: 0 	F: 2 	 (2372) 	S: 0 	 (2249) 	T: 3 	 (2000) 	LAP 8
225.48 s > TEAM: 1 	F: 158 	 (2248) 	S: 80 	 (2247) 	T: 155 	 (2000) 	LAP 8
255.24 s > TEAM: 0 	F: 2 	 (2622) 	S: 0 	 (2499) 	T: 3 	 (2250) 	LAP 9
270.48 s > TEAM: 1 	F: 158 	 (2623) 	S: 80 	 (2622) 	T: 154 	 (2250) 	LAP 9
285.24 s > TEAM: 0 	F: 2 	 (2994) 	S: 0 	 (2749) 	T: 3 	 (2500) 	LAP 10
300.48 s > TEAM: 1 	F: 158 	 (2873) 	S: 80 	 (2872) 	T: 154 	 (2500) 	LAP 10
315.24 s > TEAM: 0 	F: 2 	 (3247) 	S: 0 	 (3120) 	T: 3 	 (2750) 	LAP 11
330.48 s > TEAM: 1 	F: 158 	 (3123) 	S: 80 	 (3122) 	T: 154 	 (2750) 	LAP 11
345.24 s > TEAM: 0 	F: 2 	 (3620) 	S: 0 	 (3369) 	T: 3 	 (3000) 	LAP 12
360.48 s > TEAM: 1 	F: 158 	 (3373) 	S: 80 	 (3372) 	T: 154 	 (3000) 	LAP 12
375.24 s > TEAM: 0 	F: 2 	 (3870) 	S: 0 	 (3544) 	T: 3 	 (3250) 	LAP 13
390.48 s > TEAM: 1 	F: 158 	 (3746) 	S: 80 	 (3622) 	T: 154 	 (3250) 	LAP 13
405.24 s > TEAM: 0 	F: 2 	 (4000) 	S: 0 	 (3544) 	T: 3 	 (3500) 	LAP 14
420.48 s > TEAM: 1 	F: 158 	 (4000) 	S: 80 	 (3872) 	T: 154 	 (3500) 	LAP 14
450.36 s > TEAM: 0 	F: 2 	 (4000) 	S: 3 	 (4000) 	T: 1 	 (3750) 	LAP 15
450.48 s > TEAM: 1 	F: 80 	 (4000) 	S: 158 	 (4000) 	T: 154 	 (3750) 	LAP 15
465.36 s > TEAM: 0 	F: 1 	 (4000) 	S: 2 	 (4000) 	T: 3 	 (4000) 	LAP 16
480.48 s > TEAM: 1 	F: 80 	 (4000) 	S: 154 	 (4000) 	T: 158 	 (4000) 	LAP 16
Broken Team 0: 0 (14), 7 (8), 8 (2), 13 (11), 20 (11), 24 (12), 26 (1), 28 (5), 35 (0), 40 (4), 44 (14), 45 (11), 47 (3), 50 (10), 52 (3), 59 (11), 60 (5), 63 (3), 65 (9), 67 (15), 75 (2), 
Broken Team 1: 82 (4), 86 (8), 88 (13), 91 (8), 92 (14), 94 (1), 96 (7), 97 (8), 101 (8), 102 (4), 103 (13), 104 (4), 113 (12), 114 (7), 119 (13), 121 (2), 122 (4), 123 (11), 125 (3), 132 (1), 133 (5), 137 (10), 139 (11), 140 (14), 141 (6), 142 (7), 146 (5), 151 (9), 152 (7), 155 (8), 156 (6), 157 (13), 
Finishing order: 2 (383.31), 158 (405.75), 80 (435.87), 3 (450.27), 1 (465.39), 5 (480.51), 154 (480.51), 6 (480.63), 4 (480.75), 81 (480.75), 159 (480.87), 9 (481.11), 83 (481.11), 10 (481.23), 153 (481.23), 11 (481.35), 134 (481.35), 12 (481.47), 124 (481.47), 98 (481.59), 14 (481.71), 84 (481.71), 15 (481.83), 16 (481.95), 135 (481.95), 17 (482.07), 18 (482.19), 87 (482.19), 19 (482.43), 85 (482.43), 21 (482.55), 143 (482.55), 22 (482.67), 23 (482.79), 89 (482.91), 77 (483.03), 90 (483.03), 25 (483.15), 27 (483.27), 93 (483.39), 29 (483.51), 99 (483.63), 30 (483.75), 31 (483.87), 95 (483.87), 32 (484.11), 37 (484.23), 100 (484.23), 33 (484.35), 36 (484.47), 34 (484.59), 38 (484.71), 105 (484.71), 106 (484.83), 42 (484.95), 107 (484.95), 39 (485.07), 41 (485.19), 108 (485.19), 43 (485.31), 109 (485.31), 110 (485.43), 48 (485.55), 46 (485.67), 126 (485.79), 49 (485.91), 115 (485.91), 116 (486.03), 51 (486.15), 117 (486.15), 118 (486.27), 120 (486.39), 53 (486.51), 57 (486.63), 56 (486.75), 127 (486.75), 54 (486.87), 58 (486.99), 128 (486.99), 129 (487.11), 130 (487.23), 62 (487.35), 55 (487.47), 131 (487.47), 61 (487.59), 136 (487.59), 66 (487.83), 138 (487.95), 64 (488.07), 68 (488.19), 69 (488.31), 145 (488.31), 144 (488.43), 72 (488.55), 74 (488.67), 148 (488.67), 73 (488.79), 147 (488.79), 78 (488.91), 150 (488.91), 76 (489.03), 149 (489.03), 79 (489.15), 70 (489.27), 71 (489.39), 111 (489.39), 112 (489.51), 
Result: TEAM 0 WIN*
