Mode: RANDOM
30.24 s > TEAM: 0 	F: 0 	 (254) 	S: 2 	 (252) 	T: 3 	 (250) 	LAP 1
30.24 s > TEAM: 1 	F: 159 	 (254) 	S: 80 	 (252) 	T: 81 	 (250) 	LAP 1
45.24 s > TEAM: 0 	F: 0 	 (502) 	S: 2 	 (502) 	T: 3 	 (500) 	LAP 2
60.24 s > TEAM: 1 	F: 159 	 (691) 	S: 80 	 (626) 	T: 81 	 (500) 	LAP 2
60.36 s > TEAM: 0 	F: 2 	 (754) 	S: 3 	 (751) 	T: 1 	 (750) 	LAP 3
90.36 s > TEAM: 0 	F: 2 	 (1252) 	S: 3 	 (1001) 	T: 1 	 (1000) 	LAP 4
90.36 s > TEAM: 1 	F: 80 	 (877) 	S: 81 	 (751) 	T: 82 	 (750) 	LAP 3
120.36 s > TEAM: 0 	F: 2 	 (1502) 	S: 3 	 (1251) 	T: 1 	 (1250) 	LAP 5
120.36 s > TEAM: 1 	F: 80 	 (1127) 	S: 81 	 (1001) 	T: 82 	 (1000) 	LAP 4
150.36 s > TEAM: 0 	F: 2 	 (1754) 	S: 3 	 (1501) 	T: 1 	 (1500) 	LAP 6
150.36 s > TEAM: 1 	F: 80 	 (1377) 	S: 81 	 (1251) 	T: 82 	 (1250) 	LAP 5
180.36 s > TEAM: 0 	F: 2 	 (2127) 	S: 3 	 (1751) 	T: 1 	 (1750) 	LAP 7
180.36 s > TEAM: 1 	F: 80 	 (1642) 	S: 81 	 (1502) 	T: 82 	 (1500) 	LAP 6
210.36 s > TEAM: 0 	F: 2 	 (2377) 	S: 3 	 (2001) 	T: 1 	 (2000) 	LAP 8
210.48 s > TEAM: 1 	F: 81 	 (2002) 	S: 82 	 (2002) 	T: 83 	 (1750) 	LAP 7
240.36 s > TEAM: 0 	F: 2 	 (2754) 	S: 3 	 (2252) 	T: 1 	 (2250) 	LAP 9
240.48 s > TEAM: 1 	F: 82 	 (2502) 	S: 81 	 (2252) 	T: 83 	 (2000) 	LAP 8
270.36 s > TEAM: 0 	F: 2 	 (3249) 	S: 3 	 (2748) 	T: 1 	 (2500) 	LAP 10
270.48 s > TEAM: 1 	F: 82 	 (2876) 	S: 81 	 (2502) 	T: 83 	 (2250) 	LAP 9
285.36 s > TEAM: 0 	F: 2 	 (3499) 	S: 3 	 (2998) 	T: 1 	 (2750) 	LAP 11
300.48 s > TEAM: 1 	F: 82 	 (3249) 	S: 81 	 (2752) 	T: 83 	 (2500) 	LAP 10
315.36 s > TEAM: 0 	F: 2 	 (3749) 	S: 3 	 (3248) 	T: 1 	 (3000) 	LAP 12
330.48 s > TEAM: 1 	F: 82 	 (3499) 	S: 81 	 (3002) 	T: 83 	 (2750) 	LAP 11
360.48 s > TEAM: 0 	F: 2 	 (4000) 	S: 3 	 (3749) 	T: 4 	 (3250) 	LAP 13
360.48 s > TEAM: 1 	F: 82 	 (3811) 	S: 81 	 (3252) 	T: 83 	 (3000) 	LAP 12
390.48 s > TEAM: 0 	F: 2 	 (4000) 	S: 3 	 (4000) 	T: 4 	 (3500) 	LAP 14
390.48 s > TEAM: 1 	F: 82 	 (4000) 	S: 81 	 (3504) 	T: 83 	 (3250) 	LAP 13
405.48 s > TEAM: 0 	F: 2 	 (4000) 	S: 3 	 (4000) 	T: 4 	 (3750) 	LAP 15
405.48 s > TEAM: 1 	F: 82 	 (4000) 	S: 81 	 (3754) 	T: 83 	 (3500) 	LAP 14
420.48 s > TEAM: 0 	F: 2 	 (4000) 	S: 3 	 (4000) 	T: 4 	 (4000) 	LAP 16
435.48 s > TEAM: 1 	F: 81 	 (4000) 	S: 82 	 (4000) 	T: 83 	 (3750) 	LAP 15
465.48 s > TEAM: 1 	F: 81 	 (4000) 	S: 82 	 (4000) 	T: 83 	 (4000) 	LAP 16
Broken Team 0: 0 (4), 1 (12), 6 (6), 7 (1), 9 (12), 13 (5), 15 (1), 23 (2), 25 (9), 30 (4), 31 (4), 32 (11), 37 (14), 38 (5), 40 (4), 49 (3), 52 (8), 55 (5), 56 (4), 58 (2), 59 (8), 62 (9), 63 (13), 64 (1), 68 (4), 72 (8), 74 (6), 79 (4), 
Broken Team 1: 80 (6), 87 (0), 88 (14), 89 (8), 90 (1), 92 (6), 94 (14), 96 (1), 99 (9), 100 (13), 103 (11), 109 (8), 110 (15), 116 (13), 121 (0), 125 (0), 128 (10), 130 (14), 133 (9), 134 (2), 137 (0), 144 (8), 145 (5), 149 (3), 155 (3), 156 (10), 157 (0), 159 (2), 
Finishing order: 2 (345.45), 3 (375.57), 82 (383.13), 81 (420.27), 4 (420.51), 5 (450.75), 8 (450.99), 10 (451.23), 83 (465.51), 86 (480.75), 107 (480.87), 12 (481.35), 91 (481.35), 14 (481.59), 11 (481.71), 141 (481.71), 93 (481.83), 17 (481.95), 95 (481.95), 18 (482.07), 16 (482.19), 97 (482.19), 19 (482.31), 114 (482.31), 20 (482.43), 21 (482.55), 22 (482.67), 98 (482.67), 24 (482.79), 101 (482.79), 27 (482.91), 104 (483.03), 105 (483.15), 29 (483.27), 102 (483.27), 108 (483.39), 33 (483.63), 26 (483.75), 112 (483.75), 36 (483.87), 111 (483.87), 28 (483.99), 115 (483.99), 118 (484.11), 34 (484.23), 119 (484.35), 120 (484.47), 35 (484.59), 122 (484.59), 39 (484.83), 41 (484.95), 123 (484.95), 42 (485.07), 124 (485.07), 43 (485.19), 126 (485.19), 45 (485.31), 127 (485.31), 47 (485.43), 44 (485.55), 129 (485.55), 48 (485.67), 46 (485.91), 131 (485.91), 50 (486.03), 51 (486.15), 132 (486.15), 135 (486.27), 53 (486.51), 136 (486.51), 54 (486.63), 142 (486.63), 143 (486.75), 57 (486.99), 146 (486.99), 138 (487.11), 65 (487.23), 148 (487.35), 60 (487.47), 147 (487.47), 67 (487.59), 151 (487.71), 66 (487.83), 150 (487.83), 69 (487.95), 152 (487.95), 70 (488.07), 154 (488.07), 153 (488.19), 71 (488.43), 73 (488.55), 75 (488.67), 113 (488.67), 158 (488.79), 77 (488.91), 85 (488.91), 78 (489.03), 139 (489.03), 76 (489.15), 84 (489.15), 61 (489.27), 117 (489.27), 140 (489.39), 106 (489.51), 
Result: TEAM 0 WIN*
