Mode: RANDOM
30.24 s > TEAM: 0 	F: 0 	 (252) 	S: 2 	 (251) 	T: 4 	 (250) 	LAP 1
30.24 s > TEAM: 1 	F: 159 	 (252) 	S: 80 	 (251) 	T: 81 	 (250) 	LAP 1
60.24 s > TEAM: 0 	F: 0 	 (502) 	S: 2 	 (501) 	T: 4 	 (500) 	LAP 2
60.24 s > TEAM: 1 	F: 159 	 (504) 	S: 80 	 (502) 	T: 81 	 (500) 	LAP 2
90.24 s > TEAM: 1 	F: 159 	 (877) 	S: 80 	 (876) 	T: 81 	 (750) 	LAP 3
90.36 s > TEAM: 0 	F: 0 	 (756) 	S: 4 	 (751) 	T: 1 	 (750) 	LAP 3
120.24 s > TEAM: 1 	F: 159 	 (1127) 	S: 80 	 (1126) 	T: 81 	 (1000) 	LAP 4
120.48 s > TEAM: 0 	F: 4 	 (1002) 	S: 1 	 (1001) 	T: 3 	 (1000) 	LAP 4
150.24 s > TEAM: 1 	F: 159 	 (1502) 	S: 80 	 (1501) 	T: 81 	 (1250) 	LAP 5
150.48 s > TEAM: 0 	F: 4 	 (1252) 	S: 1 	 (1251) 	T: 3 	 (1250) 	LAP 5
180.24 s > TEAM: 1 	F: 159 	 (1754) 	S: 80 	 (1751) 	T: 81 	 (1500) 	LAP 6
180.48 s > TEAM: 0 	F: 4 	 (1504) 	S: 1 	 (1501) 	T: 3 	 (1500) 	LAP 6
210.36 s > TEAM: 1 	F: 159 	 (2253) 	S: 80 	 (2002) 	T: 82 	 (1750) 	LAP 7
210.48 s > TEAM: 0 	F: 4 	 (1877) 	S: 1 	 (1751) 	T: 3 	 (1750) 	LAP 7
240.36 s > TEAM: 1 	F: 159 	 (2506) 	S: 80 	 (2254) 	T: 82 	 (2000) 	LAP 8
240.48 s > TEAM: 0 	F: 4 	 (2127) 	S: 1 	 (2001) 	T: 3 	 (2000) 	LAP 8
255.36 s > TEAM: 1 	F: 159 	 (2753) 	S: 80 	 (2504) 	T: 82 	 (2250) 	LAP 9
270.36 s > TEAM: 1 	F: 159 	 (2878) 	S: 80 	 (2754) 	T: 82 	 (2500) 	LAP 10
270.48 s > TEAM: 0 	F: 4 	 (2496) 	S: 1 	 (2251) 	T: 3 	 (2250) 	LAP 9
286.20 s > TEAM: 1 	F: 159 	 (3010) 	S: 80 	 (3002) 	T: 82 	 (2750) 	LAP 11
300.48 s > TEAM: 0 	F: 4 	 (2745) 	S: 1 	 (2501) 	T: 3 	 (2500) 	LAP 10
316.20 s > TEAM: 1 	F: 159 	 (3260) 	S: 80 	 (3252) 	T: 82 	 (3000) 	LAP 12
330.48 s > TEAM: 0 	F: 4 	 (2995) 	S: 1 	 (2752) 	T: 3 	 (2750) 	LAP 11
346.20 s > TEAM: 1 	F: 159 	 (3520) 	S: 80 	 (3502) 	T: 82 	 (3250) 	LAP 13
360.48 s > TEAM: 0 	F: 4 	 (3245) 	S: 1 	 (3126) 	T: 3 	 (3000) 	LAP 12
376.20 s > TEAM: 1 	F: 159 	 (3999) 	S: 80 	 (3752) 	T: 82 	 (3500) 	LAP 14
390.48 s > TEAM: 0 	F: 4 	 (3495) 	S: 1 	 (3376) 	T: 3 	 (3250) 	LAP 13
406.20 s > TEAM: 1 	F: 80 	 (4000) 	S: 159 	 (4000) 	T: 82 	 (3750) 	LAP 15
420.48 s > TEAM: 0 	F: 4 	 (3745) 	S: 1 	 (3626) 	T: 3 	 (3500) 	LAP 14
436.20 s > TEAM: 1 	F: 80 	 (4000) 	S: 82 	 (4000) 	T: 159 	 (4000) 	LAP 16
450.48 s > TEAM: 0 	F: 4 	 (3995) 	S: 1 	 (3876) 	T: 3 	 (3750) 	LAP 15
480.48 s > TEAM: 0 	F: 1 	 (4000) 	S: 3 	 (4000) 	T: 4 	 (4000) 	LAP 16
Broken Team 0: 0 (3), 2 (2), 5 (3), 14 (6), 20 (5), 28 (11), 29 (6), 30 (11), 36 (7), 37 (1), 47 (10), 52 (0), 56 (10), 63 (2), 70 (7), 72 (3), 77 (0), 78 (11), 79 (9), 
Broken Team 1: 81 (6), 85 (12), 90 (4), 91 (14), 94 (11), 97 (2), 99 (4), 102 (2), 105 (4), 106 (15), 107 (6), 116 (7), 117 (3), 119 (2), 123 (10), 124 (4), 133 (10), 136 (4), 143 (5), 144 (1), 145 (7), 148 (4), 150 (11), 153 (0), 154 (12), 155 (0), 157 (10), 
Finishing order: 159 (376.35), 80 (405.99), 82 (436.23), 83 (450.51), 84 (450.63), 4 (451.11), 1 (465.39), 86 (465.87), 3 (480.51), 6 (480.75), 7 (480.87), 8 (480.99), 87 (480.99), 9 (481.11), 88 (481.11), 10 (481.23), 89 (481.23), 11 (481.35), 12 (481.47), 13 (481.59), 158 (481.59), 16 (481.83), 149 (481.83), 17 (481.95), 156 (481.95), 18 (482.07), 92 (482.07), 15 (482.19), 147 (482.19), 19 (482.31), 93 (482.31), 23 (482.55), 22 (482.67), 95 (482.67), 24 (482.79), 96 (482.79), 21 (482.91), 98 (482.91), 27 (483.03), 25 (483.15), 100 (483.15), 26 (483.39), 103 (483.39), 31 (483.75), 32 (483.87), 109 (483.87), 34 (483.99), 108 (483.99), 33 (484.11), 104 (484.11), 101 (484.23), 38 (484.35), 110 (484.35), 39 (484.47), 111 (484.47), 40 (484.59), 112 (484.59), 35 (484.71), 114 (484.71), 113 (484.83), 42 (484.95), 41 (485.07), 43 (485.19), 115 (485.19), 60 (485.31), 118 (485.31), 44 (485.43), 50 (485.55), 135 (485.55), 45 (485.67), 120 (485.67), 48 (485.79), 121 (485.79), 122 (485.91), 51 (486.03), 53 (486.15), 126 (486.15), 127 (486.27), 54 (486.39), 128 (486.39), 46 (486.51), 55 (486.63), 129 (486.75), 57 (486.87), 132 (486.87), 61 (486.99), 130 (486.99), 49 (487.11), 131 (487.11), 62 (487.23), 139 (487.35), 64 (487.47), 134 (487.47), 59 (487.59), 66 (487.71), 140 (487.71), 73 (487.83), 142 (487.83), 68 (487.95), 141 (487.95), 65 (488.07), 146 (488.07), 74 (488.19), 76 (488.31), 58 (488.43), 125 (488.55), 75 (488.67), 137 (488.67), 71 (488.79), 151 (488.79), 69 (488.91), 152 (488.91), 138 (489.03), 67 (489.27), 
Result: TEAM 1 WIN*
