Mode: RANDOM
30.24 s > TEAM: 0 	F: 1 	 (254) 	S: 2 	 (252) 	T: 3 	 (250) 	LAP 1
30.24 s > TEAM: 1 	F: 159 	 (254) 	S: 80 	 (252) 	T: 81 	 (250) 	LAP 1
45.24 s > TEAM: 0 	F: 1 	 (504) 	S: 2 	 (502) 	T: 3 	 (500) 	LAP 2
45.48 s > TEAM: 1 	F: 159 	 (508) 	S: 81 	 (504) 	T: 83 	 (500) 	LAP 2
60.24 s > TEAM: 0 	F: 1 	 (752) 	S: 2 	 (751) 	T: 3 	 (750) 	LAP 3
60.48 s > TEAM: 1 	F: 159 	 (758) 	S: 81 	 (754) 	T: 83 	 (750) 	LAP 3
90.12 s > TEAM: 0 	F: 3 	 (1248) 	S: 1 	 (1002) 	T: 2 	 (1000) 	LAP 4
90.48 s > TEAM: 1 	F: 159 	 (1129) 	S: 81 	 (1127) 	T: 83 	 (1000) 	LAP 4
120.12 s > TEAM: 0 	F: 3 	 (1748) 	S: 1 	 (1376) 	T: 2 	 (1250) 	LAP 5
120.48 s > TEAM: 1 	F: 159 	 (1508) 	S: 81 	 (1502) 	T: 83 	 (1250) 	LAP 5
150.12 s > TEAM: 0 	F: 3 	 (2248) 	S: 1 	 (1626) 	T: 2 	 (1500) 	LAP 6
150.48 s > TEAM: 1 	F: 159 	 (1879) 	S: 81 	 (1752) 	T: 83 	 (1500) 	LAP 6
180.12 s > TEAM: 0 	F: 3 	 (2499) 	S: 1 	 (1876) 	T: 2 	 (1750) 	LAP 7
180.48 s > TEAM: 1 	F: 159 	 (2254) 	S: 81 	 (2002) 	T: 83 	 (1750) 	LAP 7
210.12 s > TEAM: 0 	F: 3 	 (2749) 	S: 1 	 (2126) 	T: 2 	 (2000) 	LAP 8
210.48 s > TEAM: 1 	F: 159 	 (2508) 	S: 81 	 (2252) 	T: 83 	 (2000) 	LAP 8
240.12 s > TEAM: 0 	F: 3 	 (2999) 	S: 1 	 (2376) 	T: 2 	 (2250) 	LAP 9
240.48 s > TEAM: 1 	F: 159 	 (2879) 	S: 81 	 (2502) 	T: 83 	 (2250) 	LAP 9
270.12 s > TEAM: 0 	F: 3 	 (3374) 	S: 1 	 (2751) 	T: 2 	 (2500) 	LAP 10
270.48 s > TEAM: 1 	F: 159 	 (3253) 	S: 81 	 (2754) 	T: 83 	 (2500) 	LAP 10
300.12 s > TEAM: 0 	F: 3 	 (3624) 	S: 1 	 (3001) 	T: 2 	 (2750) 	LAP 11
300.48 s > TEAM: 1 	F: 159 	 (3626) 	S: 81 	 (3127) 	T: 83 	 (2750) 	LAP 11
330.12 s > TEAM: 0 	F: 3 	 (3997) 	S: 1 	 (3252) 	T: 2 	 (3000) 	LAP 12
330.48 s > TEAM: 1 	F: 159 	 (3876) 	S: 81 	 (3377) 	T: 83 	 (3000) 	LAP 12
360.12 s > TEAM: 0 	F: 3 	 (4000) 	S: 1 	 (3751) 	T: 2 	 (3250) 	LAP 13
360.48 s > TEAM: 1 	F: 159 	 (4000) 	S: 81 	 (3627) 	T: 83 	 (3250) 	LAP 13
390.12 s > TEAM: 0 	F: 1 	 (4000) 	S: 3 	 (4000) 	T: 2 	 (3500) 	LAP 14
390.48 s > TEAM: 1 	F: 81 	 (4000) 	S: 159 	 (4000) 	T: 83 	 (3500) 	LAP 14
405.12 s > TEAM: 0 	F: 1 	 (4000) 	S: 3 	 (4000) 	T: 2 	 (3750) 	LAP 15
420.48 s > TEAM: 1 	F: 81 	 (4000) 	S: 159 	 (4000) 	T: 83 	 (3750) 	LAP 15
435.12 s > TEAM: 0 	F: 1 	 (4000) 	S: 2 	 (4000) 	T: 3 	 (4000) 	LAP 16
435.48 s > TEAM: 1 	F: 81 	 (4000) 	S: 83 	 (4000) 	T: 159 	 (4000) 	LAP 16
Broken Team 0: 0 (12), 8 (8), 10 (8), 11 (11), 12 (12), 17 (4), 21 (7), 24 (7), 30 (5), 31 (2), 43 (15), 47 (6), 49 (1), 52 (2), 54 (11), 55 (14), 61 (10), 62 (14), 65 (12), 67 (0), 68 (14), 75 (15), 76 (3), 
Broken Team 1: 80 (1), 82 (0), 87 (9), 91 (7), 92 (9), 94 (13), 95 (14), 97 (1), 101 (0), 103 (5), 109 (15), 110 (2), 117 (15), 123 (4), 124 (0), 125 (2), 127 (0), 129 (8), 132 (11), 136 (4), 145 (13), 152 (12), 155 (13), 158 (5), 
Finishing order: 3 (330.51), 159 (345.33), 1 (390.03), 81 (390.27), 2 (435.15), 83 (435.51), 84 (450.63), 85 (450.75), 86 (450.87), 157 (451.11), 4 (480.39), 5 (480.63), 6 (480.75), 7 (480.87), 9 (481.11), 88 (481.23), 89 (481.35), 90 (481.47), 13 (481.59), 14 (481.71), 15 (481.83), 93 (481.83), 16 (481.95), 18 (482.19), 96 (482.19), 19 (482.31), 20 (482.43), 156 (482.43), 98 (482.55), 22 (482.67), 99 (482.67), 23 (482.79), 100 (482.79), 25 (483.03), 102 (483.03), 26 (483.15), 27 (483.27), 104 (483.27), 28 (483.39), 105 (483.39), 29 (483.51), 106 (483.51), 107 (483.63), 32 (483.75), 108 (483.75), 33 (483.99), 144 (483.99), 34 (484.11), 35 (484.23), 111 (484.23), 36 (484.35), 113 (484.35), 37 (484.47), 112 (484.47), 38 (484.59), 114 (484.59), 39 (484.71), 115 (484.71), 40 (484.83), 116 (484.83), 41 (484.95), 42 (485.07), 118 (485.07), 119 (485.19), 44 (485.31), 120 (485.31), 45 (485.43), 46 (485.55), 122 (485.55), 73 (485.79), 48 (485.91), 121 (485.91), 51 (486.15), 50 (486.27), 126 (486.27), 53 (486.51), 130 (486.51), 128 (486.63), 131 (486.75), 57 (486.87), 153 (486.87), 56 (486.99), 133 (486.99), 58 (487.11), 59 (487.23), 134 (487.23), 60 (487.35), 135 (487.35), 137 (487.59), 63 (487.71), 139 (487.71), 140 (487.83), 70 (487.95), 138 (487.95), 142 (488.07), 71 (488.19), 148 (488.19), 66 (488.31), 141 (488.31), 77 (488.43), 150 (488.43), 74 (488.55), 143 (488.55), 78 (488.67), 149 (488.67), 151 (488.79), 79 (488.91), 72 (489.03), 147 (489.15), 69 (489.39), 146 (489.39), 64 (489.51), 154 (489.51), 
Result: TEAM 0 WIN*
