Mode: RANDOM
30.24 s > TEAM: 0 	F: 1 	 (252) 	S: 0 	 (251) 	T: 4 	 (250) 	LAP 1
30.24 s > TEAM: 1 	F: 159 	 (254) 	S: 157 	 (252) 	T: 156 	 (250) 	LAP 1
60.24 s > TEAM: 0 	F: 1 	 (504) 	S: 0 	 (502) 	T: 4 	 (500) 	LAP 2
60.24 s > TEAM: 1 	F: 157 	 (628) 	S: 159 	 (627) 	T: 156 	 (500) 	LAP 2
75.24 s > TEAM: 0 	F: 1 	 (754) 	S: 0 	 (751) 	T: 4 	 (750) 	LAP 3
90.24 s > TEAM: 1 	F: 157 	 (1126) 	S: 159 	 (877) 	T: 156 	 (750) 	LAP 3
105.12 s > TEAM: 0 	F: 1 	 (1126) 	S: 4 	 (1124) 	T: 0 	 (1000) 	LAP 4
120.24 s > TEAM: 1 	F: 157 	 (1501) 	S: 159 	 (1252) 	T: 156 	 (1000) 	LAP 4
135.12 s > TEAM: 0 	F: 1 	 (1499) 	S: 4 	 (1498) 	T: 0 	 (1250) 	LAP 5
150.24 s > TEAM: 1 	F: 157 	 (1751) 	S: 159 	 (1502) 	T: 156 	 (1250) 	LAP 5
165.12 s > TEAM: 0 	F: 1 	 (1749) 	S: 4 	 (1748) 	T: 0 	 (1500) 	LAP 6
180.24 s > TEAM: 1 	F: 157 	 (2003) 	S: 159 	 (1752) 	T: 156 	 (1500) 	LAP 6
195.36 s > TEAM: 0 	F: 1 	 (2003) 	S: 4 	 (2000) 	T: 0 	 (1750) 	LAP 7
210.24 s > TEAM: 1 	F: 157 	 (2503) 	S: 159 	 (2002) 	T: 156 	 (1750) 	LAP 7
225.36 s > TEAM: 0 	F: 1 	 (2501) 	S: 4 	 (2375) 	T: 0 	 (2000) 	LAP 8
240.24 s > TEAM: 1 	F: 157 	 (2873) 	S: 159 	 (2252) 	T: 156 	 (2000) 	LAP 8
255.36 s > TEAM: 0 	F: 1 	 (2753) 	S: 4 	 (2625) 	T: 0 	 (2250) 	LAP 9
270.24 s > TEAM: 1 	F: 157 	 (3123) 	S: 159 	 (2502) 	T: 156 	 (2250) 	LAP 9
285.36 s > TEAM: 0 	F: 1 	 (3123) 	S: 4 	 (2875) 	T: 0 	 (2500) 	LAP 10
300.24 s > TEAM: 1 	F: 157 	 (3372) 	S: 159 	 (2752) 	T: 156 	 (2500) 	LAP 10
315.36 s > TEAM: 0 	F: 1 	 (3373) 	S: 4 	 (3125) 	T: 0 	 (2750) 	LAP 11
330.48 s > TEAM: 1 	F: 157 	 (3625) 	S: 159 	 (3008) 	T: 152 	 (2750) 	LAP 11
345.36 s > TEAM: 0 	F: 1 	 (3749) 	S: 4 	 (3500) 	T: 0 	 (3000) 	LAP 12
345.48 s > TEAM: 1 	F: 157 	 (3875) 	S: 159 	 (3258) 	T: 152 	 (3000) 	LAP 12
360.48 s > TEAM: 1 	F: 157 	 (4000) 	S: 159 	 (3504) 	T: 152 	 (3250) 	LAP 13
360.96 s > TEAM: 0 	F: 1 	 (3879) 	S: 4 	 (3749) 	T: 0 	 (3250) 	LAP 13
390.48 s > TEAM: 1 	F: 157 	 (4000) 	S: 159 	 (3758) 	T: 152 	 (3500) 	LAP 14
390.96 s > TEAM: 0 	F: 1 	 (4000) 	S: 4 	 (3997) 	T: 0 	 (3500) 	LAP 14
420.48 s > TEAM: 1 	F: 157 	 (4000) 	S: 159 	 (4000) 	T: 152 	 (3750) 	LAP 15
420.96 s > TEAM: 0 	F: 1 	 (4000) 	S: 4 	 (4000) 	T: 0 	 (3750) 	LAP 15
436.32 s > TEAM: 1 	F: 152 	 (4000) 	S: 157 	 (4000) 	T: 159 	 (4000) 	LAP 16
450.96 s > TEAM: 0 	F: 0 	 (4000) 	S: 1 	 (4000) 	T: 4 	 (4000) 	LAP 16
Broken Team 0: 13 (8), 23 (10), 24 (8), 25 (8), 28 (12), 33 (3), 35 (6), 41 (14), 43 (5), 45 (7), 49 (2), 50 (1), 53 (0), 69 (5), 79 (0), 
Broken Team 1: 81 (13), 83 (8), 87 (2), 89 (11), 92 (12), 93 (10), 98 (2), 101 (1), 102 (10), 103 (13), 107 (1), 108 (11), 110 (11), 113 (14), 115 (10), 116 (12), 117 (2), 123 (15), 127 (9), 128 (7), 129 (1), 131 (12), 136 (2), 138 (6), 141 (12), 142 (10), 145 (1), 148 (2), 149 (14), 155 (2), 156 (10), 
Finishing order: 157 (353.01), 1 (375.45), 4 (391.35), 159 (406.35), 152 (436.35), 0 (450.99), 153 (465.63), 154 (465.75), 158 (465.87), 80 (466.23), 2 (480.39), 5 (480.51), 3 (480.63), 6 (480.75), 7 (480.87), 8 (480.99), 9 (481.11), 10 (481.23), 82 (481.23), 11 (481.35), 12 (481.47), 84 (481.47), 85 (481.59), 14 (481.71), 86 (481.71), 15 (481.83), 16 (481.95), 88 (481.95), 17 (482.07), 18 (482.19), 151 (482.19), 19 (482.31), 90 (482.31), 20 (482.43), 91 (482.43), 21 (482.55), 22 (482.67), 150 (482.79), 94 (482.91), 95 (483.03), 27 (483.15), 96 (483.15), 26 (483.27), 97 (483.27), 30 (483.51), 99 (483.51), 32 (483.63), 100 (483.63), 29 (483.75), 34 (483.99), 104 (484.11), 31 (484.23), 105 (484.23), 37 (484.35), 106 (484.35), 38 (484.47), 39 (484.59), 40 (484.71), 109 (484.83), 42 (484.95), 36 (485.07), 111 (485.19), 44 (485.31), 112 (485.43), 47 (485.55), 48 (485.67), 114 (485.67), 46 (485.79), 51 (486.15), 118 (486.15), 52 (486.27), 119 (486.27), 120 (486.39), 54 (486.51), 121 (486.51), 55 (486.63), 122 (486.63), 56 (486.75), 139 (486.75), 58 (486.87), 57 (486.99), 124 (486.99), 60 (487.11), 125 (487.11), 59 (487.23), 126 (487.23), 61 (487.35), 63 (487.47), 62 (487.59), 64 (487.71), 130 (487.71), 65 (487.83), 66 (487.95), 132 (487.95), 68 (488.07), 133 (488.07), 67 (488.19), 134 (488.19), 135 (488.31), 70 (488.43), 71 (488.55), 137 (488.55), 72 (488.67), 73 (488.79), 147 (488.79), 74 (488.91), 146 (488.91), 75 (489.03), 140 (489.03), 76 (489.15), 78 (489.27), 143 (489.27), 77 (489.51), 144 (489.51), 
Result: TEAM 0 WIN*
