Mode: RANDOM
30.24 s > TEAM: 0 	F: 0 	 (252) 	S: 1 	 (251) 	T: 3 	 (250) 	LAP 1
30.24 s > TEAM: 1 	F: 159 	 (252) 	S: 157 	 (251) 	T: 158 	 (250) 	LAP 1
60.24 s > TEAM: 0 	F: 0 	 (504) 	S: 1 	 (501) 	T: 3 	 (500) 	LAP 2
60.24 s > TEAM: 1 	F: 159 	 (504) 	S: 157 	 (502) 	T: 158 	 (500) 	LAP 2
90.24 s > TEAM: 0 	F: 0 	 (1000) 	S: 1 	 (751) 	T: 3 	 (750) 	LAP 3
90.24 s > TEAM: 1 	F: 159 	 (1004) 	S: 157 	 (876) 	T: 158 	 (750) 	LAP 3
120.24 s > TEAM: 0 	F: 0 	 (1250) 	S: 1 	 (1001) 	T: 3 	 (1000) 	LAP 4
120.24 s > TEAM: 1 	F: 159 	 (1374) 	S: 157 	 (1126) 	T: 158 	 (1000) 	LAP 4
150.24 s > TEAM: 0 	F: 0 	 (1500) 	S: 1 	 (1251) 	T: 3 	 (1250) 	LAP 5
150.24 s > TEAM: 1 	F: 159 	 (1624) 	S: 157 	 (1376) 	T: 158 	 (1250) 	LAP 5
180.24 s > TEAM: 0 	F: 0 	 (1750) 	S: 1 	 (1501) 	T: 3 	 (1500) 	LAP 6
180.24 s > TEAM: 1 	F: 159 	 (1874) 	S: 157 	 (1626) 	T: 158 	 (1500) 	LAP 6
210.24 s > TEAM: 0 	F: 0 	 (2126) 	S: 1 	 (1751) 	T: 3 	 (1750) 	LAP 7
210.24 s > TEAM: 1 	F: 159 	 (2125) 	S: 157 	 (2001) 	T: 158 	 (1750) 	LAP 7
240.24 s > TEAM: 0 	F: 0 	 (2438) 	S: 1 	 (2001) 	T: 3 	 (2000) 	LAP 8
240.24 s > TEAM: 1 	F: 159 	 (2375) 	S: 157 	 (2251) 	T: 158 	 (2000) 	LAP 8
270.24 s > TEAM: 0 	F: 0 	 (2688) 	S: 1 	 (2251) 	T: 3 	 (2250) 	LAP 9
270.24 s > TEAM: 1 	F: 159 	 (2625) 	S: 157 	 (2501) 	T: 158 	 (2250) 	LAP 9
300.24 s > TEAM: 0 	F: 0 	 (2938) 	S: 1 	 (2501) 	T: 3 	 (2500) 	LAP 10
300.24 s > TEAM: 1 	F: 159 	 (3000) 	S: 157 	 (2752) 	T: 158 	 (2500) 	LAP 10
315.30 s > TEAM: 1 	F: 159 	 (3250) 	S: 157 	 (3001) 	T: 158 	 (2750) 	LAP 11
330.24 s > TEAM: 0 	F: 0 	 (3245) 	S: 1 	 (2752) 	T: 3 	 (2750) 	LAP 11
345.24 s > TEAM: 0 	F: 0 	 (3370) 	S: 1 	 (3002) 	T: 3 	 (3000) 	LAP 12
345.30 s > TEAM: 1 	F: 159 	 (3496) 	S: 157 	 (3253) 	T: 158 	 (3000) 	LAP 12
360.30 s > TEAM: 1 	F: 159 	 (3621) 	S: 157 	 (3501) 	T: 158 	 (3250) 	LAP 13
361.08 s > TEAM: 0 	F: 0 	 (3502) 	S: 1 	 (3251) 	T: 3 	 (3250) 	LAP 13
390.30 s > TEAM: 1 	F: 159 	 (3871) 	S: 157 	 (3751) 	T: 158 	 (3500) 	LAP 14
391.08 s > TEAM: 0 	F: 0 	 (3752) 	S: 1 	 (3501) 	T: 3 	 (3500) 	LAP 14
420.30 s > TEAM: 1 	F: 157 	 (4000) 	S: 159 	 (4000) 	T: 158 	 (3750) 	LAP 15
421.08 s > TEAM: 0 	F: 0 	 (4000) 	S: 1 	 (3752) 	T: 3 	 (3750) 	LAP 15
435.72 s > TEAM: 1 	F: 157 	 (4000) 	S: 158 	 (4000) 	T: 159 	 (4000) 	LAP 16
450.78 s > TEAM: 0 	F: 0 	 (4000) 	S: 1 	 (4000) 	T: 3 	 (4000) 	LAP 16
Broken Team 0: 11 (15), 12 (8), 16 (2), 19 (3), 24 (13), 25 (13), 28 (13), 31 (1), 37 (12), 39 (1), 40 (13), 43 (11), 47 (1), 49 (14), 59 (1), 62 (13), 64 (9), 65 (9), 66 (2), 69 (8), 70 (12), 71 (9), 75 (11), 78 (0), 79 (7), 
Broken Team 1: 80 (9), 84 (1), 85 (3), 87 (15), 88 (6), 89 (6), 92 (11), 93 (0), 100 (11), 106 (7), 108 (0), 118 (12), 122 (5), 125 (14), 128 (3), 130 (6), 132 (12), 135 (5), 144 (12), 145 (13), 146 (11), 149 (5), 150 (0), 151 (11), 152 (15), 
Finishing order: 159 (405.75), 157 (420.15), 0 (420.75), 158 (435.75), 3 (450.75), 1 (450.81), 2 (465.39), 81 (465.51), 82 (465.63), 4 (480.51), 5 (480.63), 6 (480.75), 83 (480.75), 7 (480.87), 8 (480.99), 9 (481.11), 86 (481.11), 10 (481.23), 155 (481.23), 154 (481.35), 13 (481.59), 14 (481.71), 138 (481.71), 15 (481.83), 90 (481.83), 156 (481.95), 17 (482.07), 91 (482.07), 18 (482.19), 22 (482.43), 94 (482.43), 21 (482.55), 95 (482.55), 96 (482.79), 26 (482.91), 97 (482.91), 27 (483.03), 98 (483.03), 29 (483.15), 99 (483.15), 30 (483.27), 137 (483.39), 101 (483.51), 32 (483.63), 102 (483.63), 33 (483.75), 103 (483.75), 34 (483.87), 104 (483.87), 35 (483.99), 105 (483.99), 38 (484.23), 107 (484.23), 109 (484.35), 36 (484.47), 110 (484.47), 41 (484.71), 111 (484.71), 42 (484.83), 112 (484.83), 113 (484.95), 44 (485.07), 114 (485.07), 45 (485.19), 115 (485.19), 46 (485.31), 116 (485.31), 117 (485.43), 48 (485.55), 119 (485.67), 50 (485.79), 120 (485.79), 51 (485.91), 121 (485.91), 53 (486.03), 52 (486.15), 123 (486.15), 54 (486.27), 124 (486.27), 55 (486.39), 57 (486.51), 126 (486.51), 56 (486.63), 127 (486.63), 58 (486.75), 129 (486.87), 60 (486.99), 61 (487.11), 131 (487.11), 23 (487.23), 63 (487.47), 139 (487.47), 133 (487.59), 143 (487.71), 67 (487.83), 147 (488.19), 148 (488.31), 68 (488.43), 73 (488.55), 72 (488.67), 74 (488.91), 153 (488.91), 76 (489.03), 136 (489.03), 77 (489.15), 134 (489.15), 140 (489.27), 141 (489.39), 20 (489.51), 142 (489.51), 
Result: TEAM 1 WIN*
