Mode: RANDOM
30.24 s > TEAM: 0 	F: 0 	 (252) 	S: 2 	 (251) 	T: 3 	 (250) 	LAP 1
30.24 s > TEAM: 1 	F: 159 	 (254) 	S: 80 	 (252) 	T: 158 	 (250) 	LAP 1
45.24 s > TEAM: 1 	F: 159 	 (502) 	S: 80 	 (501) 	T: 158 	 (500) 	LAP 2
60.24 s > TEAM: 0 	F: 0 	 (504) 	S: 2 	 (502) 	T: 3 	 (500) 	LAP 2
75.24 s > TEAM: 1 	F: 159 	 (754) 	S: 80 	 (752) 	T: 158 	 (750) 	LAP 3
90.24 s > TEAM: 1 	F: 159 	 (1004) 	S: 80 	 (1001) 	T: 158 	 (1000) 	LAP 4
90.36 s > TEAM: 0 	F: 0 	 (878) 	S: 3 	 (876) 	T: 4 	 (750) 	LAP 3
120.24 s > TEAM: 1 	F: 159 	 (1372) 	S: 80 	 (1251) 	T: 158 	 (1250) 	LAP 5
120.36 s > TEAM: 0 	F: 0 	 (1247) 	S: 3 	 (1126) 	T: 4 	 (1000) 	LAP 4
150.24 s > TEAM: 1 	F: 159 	 (1622) 	S: 80 	 (1501) 	T: 158 	 (1500) 	LAP 6
150.36 s > TEAM: 0 	F: 0 	 (1497) 	S: 3 	 (1376) 	T: 4 	 (1250) 	LAP 5
180.24 s > TEAM: 1 	F: 159 	 (1872) 	S: 80 	 (1751) 	T: 158 	 (1750) 	LAP 7
180.36 s > TEAM: 0 	F: 0 	 (1747) 	S: 3 	 (1626) 	T: 4 	 (1500) 	LAP 6
210.24 s > TEAM: 1 	F: 159 	 (2121) 	S: 80 	 (2001) 	T: 158 	 (2000) 	LAP 8
210.36 s > TEAM: 0 	F: 3 	 (1998) 	S: 0 	 (1794) 	T: 4 	 (1750) 	LAP 7
240.24 s > TEAM: 1 	F: 159 	 (2371) 	S: 80 	 (2251) 	T: 158 	 (2250) 	LAP 9
240.48 s > TEAM: 0 	F: 3 	 (2249) 	S: 4 	 (2002) 	T: 6 	 (2000) 	LAP 8
270.24 s > TEAM: 1 	F: 159 	 (2621) 	S: 80 	 (2501) 	T: 158 	 (2500) 	LAP 10
270.48 s > TEAM: 0 	F: 3 	 (2499) 	S: 4 	 (2376) 	T: 6 	 (2250) 	LAP 9
300.24 s > TEAM: 1 	F: 159 	 (2871) 	S: 80 	 (2751) 	T: 158 	 (2750) 	LAP 11
300.48 s > TEAM: 0 	F: 3 	 (2749) 	S: 4 	 (2626) 	T: 6 	 (2500) 	LAP 10
330.24 s > TEAM: 1 	F: 159 	 (3121) 	S: 80 	 (3001) 	T: 158 	 (3000) 	LAP 12
330.48 s > TEAM: 0 	F: 3 	 (2999) 	S: 4 	 (2876) 	T: 6 	 (2750) 	LAP 11
360.24 s > TEAM: 1 	F: 159 	 (3371) 	S: 80 	 (3251) 	T: 158 	 (3250) 	LAP 13
360.48 s > TEAM: 0 	F: 3 	 (3249) 	S: 4 	 (3126) 	T: 6 	 (3000) 	LAP 12
390.24 s > TEAM: 1 	F: 159 	 (3621) 	S: 80 	 (3502) 	T: 158 	 (3500) 	LAP 14
390.48 s > TEAM: 0 	F: 3 	 (3499) 	S: 4 	 (3376) 	T: 6 	 (3250) 	LAP 13
405.84 s > TEAM: 1 	F: 159 	 (3751) 	S: 80 	 (3750) 	T: 158 	 (3750) 	LAP 15
420.60 s > TEAM: 0 	F: 3 	 (3750) 	S: 6 	 (3501) 	T: 5 	 (3500) 	LAP 14
435.84 s > TEAM: 1 	F: 80 	 (4000) 	S: 82 	 (4000) 	T: 158 	 (4000) 	LAP 16
450.60 s > TEAM: 0 	F: 3 	 (4000) 	S: 6 	 (3752) 	T: 5 	 (3750) 	LAP 15
465.60 s > TEAM: 0 	F: 3 	 (4000) 	S: 5 	 (4000) 	T: 6 	 (4000) 	LAP 16
Broken Team 0: 0 (7), 1 (14), 2 (2), 4 (13), 8 (0), 11 (6), 14 (11), 15 (12), 17 (9), 19 (13), 21 (0), 24 (7), 28 (4), 29 (8), 31 (12), 34 (7), 35 (9), 36 (6), 43 (10), 44 (12), 45 (9), 57 (4), 60 (7), 63 (1), 66 (1), 67 (6), 70 (11), 72 (11), 74 (4), 79 (8), 
Broken Team 1: 81 (6), 83 (14), 85 (9), 86 (14), 98 (1), 99 (4), 100 (12), 109 (3), 111 (14), 113 (6), 115 (2), 118 (0), 120 (15), 121 (3), 122 (4), 125 (11), 134 (14), 138 (7), 139 (0), 142 (5), 146 (13), 147 (11), 150 (6), 
Finishing order: 3 (435.63), 159 (435.75), 80 (435.81), 82 (435.87), 158 (435.87), 6 (465.51), 5 (465.63), 84 (465.75), 7 (465.99), 10 (466.11), 12 (466.35), 87 (481.11), 155 (481.23), 156 (481.35), 9 (481.47), 152 (481.47), 157 (481.59), 13 (481.71), 151 (481.71), 18 (481.83), 16 (481.95), 141 (481.95), 154 (482.07), 88 (482.19), 89 (482.31), 20 (482.43), 90 (482.43), 22 (482.55), 92 (482.55), 41 (482.67), 91 (482.67), 71 (482.79), 93 (482.79), 95 (483.03), 94 (483.15), 97 (483.27), 25 (483.51), 96 (483.51), 26 (483.63), 58 (483.75), 27 (483.87), 101 (483.87), 32 (483.99), 102 (483.99), 23 (484.11), 103 (484.11), 33 (484.23), 104 (484.23), 30 (484.35), 105 (484.35), 59 (484.47), 107 (484.47), 106 (484.59), 108 (484.71), 40 (484.83), 37 (485.07), 112 (485.07), 140 (485.19), 73 (485.31), 110 (485.31), 51 (485.43), 47 (485.55), 48 (485.67), 116 (485.79), 49 (485.91), 123 (485.91), 53 (486.03), 119 (486.03), 54 (486.15), 42 (486.27), 117 (486.27), 55 (486.39), 52 (486.51), 114 (486.51), 127 (486.63), 61 (486.75), 124 (486.87), 62 (486.99), 50 (487.11), 133 (487.11), 56 (487.23), 126 (487.35), 76 (487.47), 129 (487.47), 64 (487.59), 130 (487.59), 68 (487.71), 131 (487.71), 65 (487.83), 132 (487.83), 136 (487.95), 137 (488.07), 78 (488.31), 143 (488.31), 75 (488.55), 145 (488.55), 77 (488.79), 144 (488.79), 38 (489.03), 149 (489.03), 39 (489.15), 128 (489.15), 135 (489.27), 46 (489.39), 148 (489.39), 69 (489.51), 153 (489.51), 
Result: TEAM 1 WIN*
