Mode: RANDOM
30.24 s > TEAM: 0 	F: 0 	 (254) 	S: 1 	 (251) 	T: 2 	 (250) 	LAP 1
30.24 s > TEAM: 1 	F: 159 	 (254) 	S: 80 	 (252) 	T: 81 	 (250) 	LAP 1
60.24 s > TEAM: 0 	F: 0 	 (750) 	S: 1 	 (501) 	T: 2 	 (500) 	LAP 2
60.24 s > TEAM: 1 	F: 159 	 (754) 	S: 80 	 (626) 	T: 81 	 (500) 	LAP 2
90.24 s > TEAM: 0 	F: 0 	 (1126) 	S: 1 	 (752) 	T: 2 	 (750) 	LAP 3
90.24 s > TEAM: 1 	F: 159 	 (1250) 	S: 80 	 (1001) 	T: 81 	 (750) 	LAP 3
120.24 s > TEAM: 0 	F: 0 	 (1438) 	S: 1 	 (1186) 	T: 2 	 (1000) 	LAP 4
120.24 s > TEAM: 1 	F: 159 	 (1562) 	S: 80 	 (1252) 	T: 81 	 (1000) 	LAP 4
150.24 s > TEAM: 0 	F: 0 	 (1813) 	S: 1 	 (1498) 	T: 2 	 (1250) 	LAP 5
150.24 s > TEAM: 1 	F: 159 	 (1874) 	S: 80 	 (1687) 	T: 81 	 (1250) 	LAP 5
180.24 s > TEAM: 0 	F: 0 	 (2126) 	S: 1 	 (1811) 	T: 2 	 (1500) 	LAP 6
180.24 s > TEAM: 1 	F: 159 	 (2185) 	S: 80 	 (1937) 	T: 81 	 (1500) 	LAP 6
202.92 s > TEAM: 0 	F: 0 	 (2498) 	S: 1 	 (1999) 	T: 5 	 (1750) 	LAP 7
210.24 s > TEAM: 1 	F: 159 	 (2435) 	S: 80 	 (2187) 	T: 81 	 (1750) 	LAP 7
232.92 s > TEAM: 0 	F: 0 	 (2748) 	S: 1 	 (2249) 	T: 5 	 (2000) 	LAP 8
240.24 s > TEAM: 1 	F: 159 	 (2684) 	S: 80 	 (2437) 	T: 81 	 (2000) 	LAP 8
262.92 s > TEAM: 0 	F: 0 	 (2998) 	S: 1 	 (2499) 	T: 5 	 (2250) 	LAP 9
270.24 s > TEAM: 1 	F: 159 	 (2934) 	S: 80 	 (2812) 	T: 81 	 (2250) 	LAP 9
292.92 s > TEAM: 0 	F: 0 	 (3249) 	S: 1 	 (2749) 	T: 5 	 (2500) 	LAP 10
300.24 s > TEAM: 1 	F: 159 	 (3184) 	S: 80 	 (3062) 	T: 81 	 (2500) 	LAP 10
322.92 s > TEAM: 0 	F: 0 	 (3499) 	S: 1 	 (2999) 	T: 5 	 (2750) 	LAP 11
330.24 s > TEAM: 1 	F: 159 	 (3434) 	S: 80 	 (3312) 	T: 81 	 (2750) 	LAP 11
352.92 s > TEAM: 0 	F: 0 	 (3749) 	S: 1 	 (3249) 	T: 5 	 (3000) 	LAP 12
360.24 s > TEAM: 1 	F: 159 	 (3684) 	S: 80 	 (3624) 	T: 81 	 (3000) 	LAP 12
375.24 s > TEAM: 1 	F: 80 	 (3809) 	S: 159 	 (3809) 	T: 81 	 (3250) 	LAP 13
382.92 s > TEAM: 0 	F: 0 	 (3999) 	S: 1 	 (3499) 	T: 5 	 (3250) 	LAP 13
398.10 s > TEAM: 1 	F: 80 	 (4000) 	S: 159 	 (3999) 	T: 81 	 (3500) 	LAP 14
412.92 s > TEAM: 0 	F: 0 	 (4000) 	S: 1 	 (3749) 	T: 5 	 (3500) 	LAP 14
428.04 s > TEAM: 1 	F: 80 	 (4000) 	S: 159 	 (4000) 	T: 81 	 (3750) 	LAP 15
442.92 s > TEAM: 0 	F: 0 	 (4000) 	S: 1 	 (3999) 	T: 5 	 (3750) 	LAP 15
458.04 s > TEAM: 1 	F: 80 	 (4000) 	S: 81 	 (4000) 	T: 159 	 (4000) 	LAP 16
472.92 s > TEAM: 0 	F: 0 	 (4000) 	S: 1 	 (4000) 	T: 5 	 (4000) 	LAP 16
Broken Team 0: 2 (8), 4 (9), 15 (9), 18 (5), 24 (3), 33 (13), 35 (2), 41 (2), 49 (15), 50 (5), 55 (5), 57 (5), 58 (13), 63 (15), 64 (1), 67 (9), 70 (13), 71 (8), 72 (3), 73 (12), 74 (5), 76 (9), 
Broken Team 1: 83 (0), 86 (13), 87 (4), 89 (4), 91 (6), 94 (15), 99 (4), 100 (3), 101 (5), 109 (9), 113 (1), 122 (0), 123 (1), 124 (12), 126 (7), 130 (7), 134 (2), 137 (11), 140 (14), 144 (0), 145 (8), 147 (3), 149 (2), 150 (3), 154 (2), 156 (2), 
Finishing order: 0 (383.07), 80 (398.07), 159 (398.19), 1 (443.07), 81 (458.07), 5 (472.95), 82 (480.39), 3 (480.51), 6 (480.63), 84 (480.63), 85 (480.75), 7 (480.87), 32 (480.99), 8 (481.11), 88 (481.11), 10 (481.23), 11 (481.35), 90 (481.35), 9 (481.47), 92 (481.59), 12 (481.71), 93 (481.83), 19 (481.95), 95 (481.95), 20 (482.07), 96 (482.07), 22 (482.19), 97 (482.19), 21 (482.31), 98 (482.31), 23 (482.43), 25 (482.67), 26 (482.79), 102 (482.79), 27 (482.91), 103 (482.91), 28 (483.03), 104 (483.03), 105 (483.15), 34 (483.27), 106 (483.27), 107 (483.39), 36 (483.51), 108 (483.51), 37 (483.63), 38 (483.75), 110 (483.75), 39 (483.87), 111 (483.87), 40 (483.99), 112 (483.99), 42 (484.23), 114 (484.23), 43 (484.35), 115 (484.35), 44 (484.47), 116 (484.47), 46 (484.59), 117 (484.59), 47 (484.71), 118 (484.71), 45 (484.83), 119 (484.83), 120 (484.95), 48 (485.07), 121 (485.07), 54 (485.31), 69 (485.43), 56 (485.55), 125 (485.55), 127 (485.79), 128 (485.91), 59 (486.03), 129 (486.03), 60 (486.15), 61 (486.27), 131 (486.27), 65 (486.39), 132 (486.39), 62 (486.51), 133 (486.63), 136 (486.75), 68 (486.99), 138 (487.11), 66 (487.23), 135 (487.23), 139 (487.35), 141 (487.47), 142 (487.59), 75 (487.83), 143 (487.83), 78 (487.95), 79 (488.07), 77 (488.19), 13 (488.31), 151 (488.31), 17 (488.43), 152 (488.43), 16 (488.55), 148 (488.55), 30 (488.67), 153 (488.67), 14 (488.79), 31 (488.91), 155 (488.91), 29 (489.03), 51 (489.15), 158 (489.15), 52 (489.27), 157 (489.27), 53 (489.51), 146 (489.51), 
Result: TEAM 1 WIN
