Mode: RANDOM
30.24 s > TEAM: 0 	F: 0 	 (252) 	S: 2 	 (251) 	T: 3 	 (250) 	LAP 1
30.24 s > TEAM: 1 	F: 159 	 (252) 	S: 80 	 (251) 	T: 156 	 (250) 	LAP 1
60.24 s > TEAM: 0 	F: 0 	 (504) 	S: 2 	 (501) 	T: 3 	 (500) 	LAP 2
60.24 s > TEAM: 1 	F: 159 	 (504) 	S: 80 	 (501) 	T: 156 	 (500) 	LAP 2
90.24 s > TEAM: 0 	F: 0 	 (877) 	S: 2 	 (751) 	T: 3 	 (750) 	LAP 3
90.24 s > TEAM: 1 	F: 159 	 (840) 	S: 80 	 (751) 	T: 156 	 (750) 	LAP 3
120.24 s > TEAM: 0 	F: 0 	 (1127) 	S: 2 	 (1001) 	T: 3 	 (1000) 	LAP 4
120.36 s > TEAM: 1 	F: 80 	 (1002) 	S: 156 	 (1001) 	T: 155 	 (1000) 	LAP 4
150.24 s > TEAM: 0 	F: 0 	 (1504) 	S: 2 	 (1251) 	T: 3 	 (1250) 	LAP 5
150.36 s > TEAM: 1 	F: 80 	 (1254) 	S: 156 	 (1251) 	T: 155 	 (1250) 	LAP 5
180.24 s > TEAM: 0 	F: 0 	 (2004) 	S: 2 	 (1502) 	T: 3 	 (1500) 	LAP 6
180.36 s > TEAM: 1 	F: 80 	 (1752) 	S: 156 	 (1501) 	T: 155 	 (1500) 	LAP 6
210.24 s > TEAM: 0 	F: 0 	 (2502) 	S: 2 	 (2001) 	T: 3 	 (1750) 	LAP 7
210.36 s > TEAM: 1 	F: 80 	 (2004) 	S: 156 	 (1752) 	T: 155 	 (1750) 	LAP 7
240.36 s > TEAM: 0 	F: 0 	 (2756) 	S: 2 	 (2252) 	T: 4 	 (2000) 	LAP 8
240.36 s > TEAM: 1 	F: 80 	 (2502) 	S: 156 	 (2126) 	T: 155 	 (2000) 	LAP 8
270.36 s > TEAM: 0 	F: 0 	 (3253) 	S: 2 	 (2502) 	T: 4 	 (2250) 	LAP 9
270.36 s > TEAM: 1 	F: 80 	 (2752) 	S: 156 	 (2376) 	T: 155 	 (2250) 	LAP 9
300.36 s > TEAM: 0 	F: 0 	 (3503) 	S: 2 	 (2752) 	T: 4 	 (2500) 	LAP 10
300.36 s > TEAM: 1 	F: 80 	 (3004) 	S: 156 	 (2626) 	T: 155 	 (2500) 	LAP 10
330.36 s > TEAM: 0 	F: 0 	 (3756) 	S: 2 	 (3002) 	T: 4 	 (2750) 	LAP 11
330.36 s > TEAM: 1 	F: 80 	 (3377) 	S: 156 	 (2876) 	T: 155 	 (2750) 	LAP 11
360.36 s > TEAM: 0 	F: 0 	 (4000) 	S: 2 	 (3252) 	T: 4 	 (3000) 	LAP 12
360.36 s > TEAM: 1 	F: 80 	 (3754) 	S: 156 	 (3126) 	T: 155 	 (3000) 	LAP 12
390.36 s > TEAM: 0 	F: 0 	 (4000) 	S: 2 	 (3504) 	T: 4 	 (3250) 	LAP 13
390.36 s > TEAM: 1 	F: 80 	 (4000) 	S: 156 	 (3376) 	T: 155 	 (3250) 	LAP 13
405.36 s > TEAM: 0 	F: 0 	 (4000) 	S: 2 	 (3754) 	T: 4 	 (3500) 	LAP 14
420.36 s > TEAM: 0 	F: 0 	 (4000) 	S: 2 	 (4000) 	T: 4 	 (3750) 	LAP 15
420.36 s > TEAM: 1 	F: 80 	 (4000) 	S: 156 	 (3626) 	T: 155 	 (3500) 	LAP 14
435.36 s > TEAM: 0 	F: 0 	 (4000) 	S: 2 	 (4000) 	T: 4 	 (4000) 	LAP 16
450.36 s > TEAM: 1 	F: 80 	 (4000) 	S: 156 	 (4000) 	T: 155 	 (3750) 	LAP 15
465.36 s > TEAM: 1 	F: 80 	 (4000) 	S: 155 	 (4000) 	T: 156 	 (4000) 	LAP 16
Broken Team 0: 3 (7), 6 (4), 12 (14), 14 (6), 17 (8), 18 (1), 19 (10), 21 (1), 22 (12), 23 (6), 24 (8), 25 (11), 26 (13), 30 (5), 31 (1), 32 (0), 37 (8), 41 (14), 45 (6), 46 (5), 55 (7), 56 (3), 57 (5), 59 (13), 60 (4), 62 (5), 66 (5), 67 (3), 68 (11), 70 (14), 72 (3), 76 (4), 
Broken Team 1: 81 (10), 83 (4), 84 (3), 86 (0), 88 (3), 89 (3), 90 (6), 93 (1), 95 (13), 96 (9), 98 (12), 99 (4), 100 (10), 102 (7), 104 (7), 107 (5), 109 (14), 117 (13), 119 (4), 122 (7), 123 (1), 124 (0), 126 (13), 127 (10), 129 (2), 136 (8), 137 (3), 141 (0), 145 (3), 146 (1), 150 (0), 151 (7), 154 (12), 157 (4), 158 (0), 159 (3), 
Finishing order: 0 (345.03), 80 (375.15), 2 (420.15), 4 (435.39), 156 (450.27), 155 (465.39), 5 (465.51), 143 (465.63), 82 (466.11), 85 (466.47), 1 (480.63), 8 (480.75), 7 (480.99), 10 (481.11), 11 (481.23), 9 (481.35), 15 (481.59), 13 (481.71), 87 (481.71), 16 (481.83), 91 (482.19), 20 (482.31), 92 (482.31), 94 (482.67), 97 (482.91), 27 (483.27), 29 (483.39), 28 (483.51), 101 (483.51), 105 (483.75), 103 (483.87), 33 (483.99), 35 (484.11), 106 (484.11), 36 (484.23), 34 (484.35), 144 (484.35), 108 (484.47), 39 (484.59), 38 (484.71), 110 (484.71), 40 (484.83), 153 (484.83), 42 (484.95), 111 (484.95), 113 (485.07), 44 (485.19), 112 (485.19), 43 (485.31), 115 (485.31), 114 (485.43), 116 (485.55), 48 (485.67), 47 (485.79), 118 (485.79), 50 (485.91), 49 (486.03), 121 (486.03), 52 (486.27), 120 (486.27), 53 (486.39), 54 (486.51), 125 (486.63), 51 (486.75), 139 (486.87), 64 (487.11), 128 (487.11), 58 (487.23), 130 (487.35), 61 (487.47), 132 (487.47), 131 (487.59), 65 (487.71), 149 (487.71), 63 (487.83), 133 (487.83), 134 (487.95), 135 (488.19), 71 (488.43), 138 (488.55), 73 (488.67), 140 (488.67), 69 (488.79), 75 (488.91), 147 (488.91), 74 (489.03), 142 (489.03), 78 (489.15), 148 (489.15), 77 (489.39), 152 (489.39), 79 (489.51), 
Result: TEAM 0 WIN*
