Mode: RANDOM
30.24 s > TEAM: 0 	F: 0 	 (254) 	S: 1 	 (252) 	T: 2 	 (250) 	LAP 1
30.24 s > TEAM: 1 	F: 159 	 (252) 	S: 80 	 (251) 	T: 81 	 (250) 	LAP 1
45.24 s > TEAM: 0 	F: 0 	 (502) 	S: 1 	 (501) 	T: 2 	 (500) 	LAP 2
60.24 s > TEAM: 1 	F: 159 	 (502) 	S: 80 	 (501) 	T: 81 	 (500) 	LAP 2
75.24 s > TEAM: 0 	F: 0 	 (752) 	S: 1 	 (751) 	T: 2 	 (750) 	LAP 3
90.24 s > TEAM: 1 	F: 159 	 (752) 	S: 80 	 (751) 	T: 81 	 (750) 	LAP 3
105.24 s > TEAM: 0 	F: 0 	 (1004) 	S: 1 	 (1001) 	T: 2 	 (1000) 	LAP 4
120.24 s > TEAM: 1 	F: 159 	 (1002) 	S: 80 	 (1001) 	T: 81 	 (1000) 	LAP 4
135.24 s > TEAM: 0 	F: 0 	 (1497) 	S: 1 	 (1252) 	T: 2 	 (1250) 	LAP 5
150.24 s > TEAM: 1 	F: 159 	 (1252) 	S: 80 	 (1251) 	T: 81 	 (1250) 	LAP 5
165.24 s > TEAM: 0 	F: 0 	 (1747) 	S: 1 	 (1673) 	T: 2 	 (1500) 	LAP 6
180.24 s > TEAM: 1 	F: 159 	 (1504) 	S: 80 	 (1501) 	T: 81 	 (1500) 	LAP 6
180.36 s > TEAM: 0 	F: 0 	 (1873) 	S: 2 	 (1751) 	T: 3 	 (1750) 	LAP 7
210.24 s > TEAM: 0 	F: 3 	 (2248) 	S: 0 	 (2244) 	T: 2 	 (2000) 	LAP 8
210.24 s > TEAM: 1 	F: 159 	 (1877) 	S: 80 	 (1751) 	T: 81 	 (1750) 	LAP 7
240.24 s > TEAM: 0 	F: 3 	 (2748) 	S: 0 	 (2490) 	T: 2 	 (2250) 	LAP 9
240.24 s > TEAM: 1 	F: 159 	 (2127) 	S: 80 	 (2001) 	T: 81 	 (2000) 	LAP 8
270.24 s > TEAM: 1 	F: 159 	 (2504) 	S: 80 	 (2252) 	T: 81 	 (2250) 	LAP 9
285.24 s > TEAM: 1 	F: 159 	 (2752) 	S: 80 	 (2501) 	T: 81 	 (2500) 	LAP 10
300.72 s > TEAM: 0 	F: 3 	 (3499) 	S: 2 	 (3129) 	T: 6 	 (2500) 	LAP 10
315.24 s > TEAM: 1 	F: 159 	 (3002) 	S: 80 	 (2751) 	T: 81 	 (2750) 	LAP 11
330.72 s > TEAM: 0 	F: 3 	 (3749) 	S: 2 	 (3379) 	T: 6 	 (2750) 	LAP 11
345.24 s > TEAM: 1 	F: 159 	 (3254) 	S: 80 	 (3002) 	T: 81 	 (3000) 	LAP 12
360.72 s > TEAM: 0 	F: 3 	 (3999) 	S: 2 	 (3748) 	T: 6 	 (3000) 	LAP 12
375.24 s > TEAM: 1 	F: 159 	 (3744) 	S: 80 	 (3494) 	T: 81 	 (3250) 	LAP 13
375.72 s > TEAM: 0 	F: 3 	 (4000) 	S: 2 	 (3874) 	T: 6 	 (3250) 	LAP 13
390.96 s > TEAM: 0 	F: 2 	 (4000) 	S: 3 	 (4000) 	T: 6 	 (3500) 	LAP 14
405.24 s > TEAM: 1 	F: 159 	 (3994) 	S: 80 	 (3807) 	T: 81 	 (3500) 	LAP 14
405.96 s > TEAM: 0 	F: 2 	 (4000) 	S: 3 	 (4000) 	T: 6 	 (3750) 	LAP 15
435.24 s > TEAM: 1 	F: 80 	 (4000) 	S: 159 	 (4000) 	T: 81 	 (3750) 	LAP 15
435.96 s > TEAM: 0 	F: 2 	 (4000) 	S: 3 	 (4000) 	T: 6 	 (4000) 	LAP 16
465.24 s > TEAM: 1 	F: 80 	 (4000) 	S: 81 	 (4000) 	T: 159 	 (4000) 	LAP 16
Broken Team 0: 0 (9), 1 (6), 4 (2), 5 (6), 9 (4), 10 (1), 14 (8), 26 (0), 27 (12), 29 (9), 38 (3), 40 (10), 47 (11), 48 (11), 49 (9), 52 (8), 59 (0), 64 (15), 72 (13), 76 (15), 78 (2), 
Broken Team 1: 82 (0), 83 (15), 84 (9), 85 (0), 87 (1), 95 (15), 96 (6), 100 (6), 104 (3), 106 (10), 113 (3), 114 (5), 119 (3), 121 (0), 123 (1), 124 (7), 126 (2), 136 (15), 142 (7), 154 (5), 155 (11), 156 (8), 158 (5), 
Finishing order: 3 (360.81), 2 (390.87), 159 (405.99), 80 (428.43), 6 (435.99), 81 (465.27), 7 (480.87), 102 (480.99), 8 (481.11), 157 (481.11), 12 (481.35), 103 (481.35), 13 (481.47), 86 (481.47), 15 (481.71), 16 (481.83), 88 (481.83), 17 (481.95), 151 (481.95), 18 (482.07), 89 (482.07), 19 (482.19), 90 (482.19), 20 (482.31), 91 (482.31), 21 (482.43), 92 (482.43), 22 (482.55), 93 (482.55), 23 (482.67), 94 (482.67), 24 (482.79), 25 (482.91), 153 (482.91), 11 (483.15), 97 (483.15), 98 (483.27), 28 (483.39), 99 (483.39), 101 (483.63), 30 (483.75), 105 (483.75), 31 (483.87), 32 (483.99), 33 (484.11), 107 (484.11), 34 (484.23), 35 (484.35), 108 (484.35), 36 (484.47), 110 (484.47), 37 (484.59), 111 (484.59), 109 (484.71), 39 (484.83), 112 (484.83), 41 (484.95), 44 (485.19), 42 (485.31), 115 (485.31), 43 (485.43), 116 (485.43), 45 (485.55), 117 (485.55), 46 (485.67), 118 (485.67), 120 (485.91), 51 (486.15), 122 (486.15), 50 (486.27), 53 (486.39), 127 (486.39), 54 (486.51), 128 (486.63), 55 (486.75), 129 (486.75), 58 (486.87), 130 (486.87), 60 (486.99), 131 (486.99), 62 (487.11), 132 (487.11), 133 (487.23), 63 (487.35), 134 (487.35), 56 (487.47), 135 (487.47), 57 (487.59), 150 (487.71), 61 (487.83), 125 (487.83), 65 (487.95), 152 (487.95), 66 (488.07), 137 (488.07), 68 (488.19), 140 (488.19), 69 (488.31), 139 (488.31), 70 (488.43), 141 (488.55), 73 (488.67), 147 (488.67), 75 (488.79), 143 (488.79), 67 (488.91), 144 (488.91), 148 (489.03), 74 (489.15), 138 (489.15), 77 (489.27), 145 (489.27), 79 (489.39), 146 (489.39), 71 (489.51), 149 (489.51), 
Result: TEAM 0 WIN*
