Mode: RANDOM
30.24 s > TEAM: 0 	F: 0 	 (252) 	S: 1 	 (251) 	T: 2 	 (250) 	LAP 1
30.24 s > TEAM: 1 	F: 159 	 (254) 	S: 158 	 (252) 	T: 125 	 (250) 	LAP 1
45.24 s > TEAM: 1 	F: 159 	 (502) 	S: 158 	 (501) 	T: 125 	 (500) 	LAP 2
60.24 s > TEAM: 0 	F: 0 	 (504) 	S: 1 	 (502) 	T: 2 	 (500) 	LAP 2
75.24 s > TEAM: 1 	F: 159 	 (752) 	S: 158 	 (751) 	T: 125 	 (750) 	LAP 3
90.24 s > TEAM: 0 	F: 0 	 (998) 	S: 1 	 (997) 	T: 2 	 (750) 	LAP 3
105.24 s > TEAM: 0 	F: 1 	 (1123) 	S: 0 	 (1122) 	T: 2 	 (1000) 	LAP 4
105.24 s > TEAM: 1 	F: 159 	 (1004) 	S: 158 	 (1001) 	T: 125 	 (1000) 	LAP 4
120.66 s > TEAM: 0 	F: 1 	 (1251) 	S: 0 	 (1250) 	T: 2 	 (1250) 	LAP 5
135.24 s > TEAM: 1 	F: 159 	 (1495) 	S: 158 	 (1251) 	T: 125 	 (1250) 	LAP 5
150.96 s > TEAM: 0 	F: 1 	 (1504) 	S: 2 	 (1502) 	T: 0 	 (1500) 	LAP 6
165.24 s > TEAM: 1 	F: 159 	 (1745) 	S: 158 	 (1501) 	T: 125 	 (1500) 	LAP 6
180.96 s > TEAM: 0 	F: 1 	 (1754) 	S: 2 	 (1752) 	T: 0 	 (1750) 	LAP 7
195.24 s > TEAM: 1 	F: 159 	 (1995) 	S: 158 	 (1751) 	T: 125 	 (1750) 	LAP 7
210.96 s > TEAM: 0 	F: 1 	 (2004) 	S: 2 	 (2002) 	T: 0 	 (2000) 	LAP 8
225.24 s > TEAM: 1 	F: 159 	 (2245) 	S: 158 	 (2002) 	T: 125 	 (2000) 	LAP 8
240.96 s > TEAM: 0 	F: 1 	 (2254) 	S: 2 	 (2252) 	T: 0 	 (2250) 	LAP 9
255.24 s > TEAM: 1 	F: 159 	 (2495) 	S: 158 	 (2376) 	T: 125 	 (2250) 	LAP 9
270.96 s > TEAM: 0 	F: 1 	 (2504) 	S: 2 	 (2502) 	T: 0 	 (2500) 	LAP 10
285.24 s > TEAM: 1 	F: 159 	 (2745) 	S: 158 	 (2626) 	T: 125 	 (2500) 	LAP 10
300.96 s > TEAM: 0 	F: 1 	 (2754) 	S: 2 	 (2752) 	T: 0 	 (2750) 	LAP 11
315.24 s > TEAM: 1 	F: 159 	 (2995) 	S: 158 	 (2826) 	T: 125 	 (2750) 	LAP 11
330.36 s > TEAM: 1 	F: 159 	 (3121) 	S: 125 	 (3002) 	T: 156 	 (3000) 	LAP 12
330.96 s > TEAM: 0 	F: 1 	 (3067) 	S: 2 	 (3002) 	T: 0 	 (3000) 	LAP 12
360.36 s > TEAM: 1 	F: 159 	 (3371) 	S: 125 	 (3370) 	T: 156 	 (3250) 	LAP 13
360.96 s > TEAM: 0 	F: 1 	 (3317) 	S: 2 	 (3252) 	T: 0 	 (3250) 	LAP 13
390.36 s > TEAM: 1 	F: 159 	 (3621) 	S: 125 	 (3620) 	T: 156 	 (3500) 	LAP 14
390.96 s > TEAM: 0 	F: 1 	 (3634) 	S: 2 	 (3505) 	T: 0 	 (3500) 	LAP 14
420.36 s > TEAM: 1 	F: 159 	 (3993) 	S: 125 	 (3870) 	T: 156 	 (3750) 	LAP 15
420.96 s > TEAM: 0 	F: 1 	 (3942) 	S: 2 	 (3877) 	T: 0 	 (3750) 	LAP 15
450.36 s > TEAM: 1 	F: 125 	 (4000) 	S: 156 	 (4000) 	T: 159 	 (4000) 	LAP 16
450.96 s > TEAM: 0 	F: 0 	 (4000) 	S: 1 	 (4000) 	T: 2 	 (4000) 	LAP 16
Broken Team 0: 6 (5), 7 (0), 8 (3), 13 (4), 15 (10), 18 (12), 19 (2), 20 (7), 24 (13), 26 (4), 30 (15), 32 (14), 33 (15), 34 (6), 35 (1), 40 (8), 47 (3), 48 (4), 50 (0), 54 (6), 56 (10), 74 (14), 78 (6), 79 (4), 
Broken Team 1: 86 (8), 94 (6), 104 (0), 107 (1), 108 (2), 110 (9), 112 (4), 113 (1), 118 (13), 124 (6), 127 (4), 129 (2), 131 (4), 134 (11), 143 (6), 144 (1), 145 (10), 147 (5), 150 (12), 154 (10), 158 (11), 
Finishing order: 159 (420.87), 1 (427.95), 2 (435.69), 125 (435.99), 156 (450.39), 0 (450.99), 80 (465.63), 81 (465.75), 4 (480.39), 3 (480.51), 55 (480.75), 5 (480.87), 82 (480.87), 83 (480.99), 84 (481.11), 10 (481.23), 85 (481.23), 9 (481.35), 88 (481.47), 11 (481.59), 90 (481.59), 12 (481.71), 91 (481.71), 53 (481.83), 87 (481.83), 92 (481.95), 89 (482.07), 14 (482.19), 157 (482.19), 17 (482.31), 21 (482.43), 93 (482.43), 96 (482.55), 22 (482.67), 99 (482.67), 95 (482.79), 16 (482.91), 101 (482.91), 23 (483.03), 155 (483.03), 103 (483.15), 25 (483.27), 97 (483.27), 100 (483.39), 29 (483.51), 105 (483.51), 42 (483.63), 102 (483.63), 27 (483.75), 98 (483.75), 28 (483.87), 109 (483.99), 39 (484.23), 106 (484.23), 36 (484.47), 111 (484.47), 43 (484.59), 44 (484.71), 45 (484.83), 117 (484.95), 114 (485.07), 46 (485.19), 116 (485.19), 115 (485.31), 123 (485.43), 41 (485.55), 121 (485.55), 49 (485.67), 60 (485.79), 122 (485.79), 61 (486.03), 130 (486.03), 57 (486.15), 58 (486.27), 133 (486.27), 62 (486.39), 120 (486.39), 63 (486.51), 119 (486.51), 65 (486.63), 38 (486.75), 51 (486.87), 137 (486.87), 68 (486.99), 138 (486.99), 64 (487.11), 128 (487.11), 67 (487.23), 135 (487.23), 71 (487.35), 136 (487.35), 69 (487.47), 132 (487.47), 59 (487.59), 66 (487.71), 140 (487.71), 148 (487.83), 70 (487.95), 77 (488.07), 149 (488.07), 73 (488.19), 142 (488.19), 52 (488.31), 141 (488.31), 75 (488.43), 146 (488.43), 76 (488.55), 139 (488.67), 152 (488.79), 31 (488.91), 151 (489.03), 37 (489.15), 126 (489.15), 72 (489.39), 153 (489.51), 
Result: TEAM 1 WIN
