Mode: RANDOM
30.24 s > TEAM: 0 	F: 1 	 (254) 	S: 6 	 (252) 	T: 2 	 (250) 	LAP 1
30.24 s > TEAM: 1 	F: 159 	 (252) 	S: 157 	 (251) 	T: 156 	 (250) 	LAP 1
45.24 s > TEAM: 0 	F: 1 	 (502) 	S: 6 	 (501) 	T: 2 	 (500) 	LAP 2
60.24 s > TEAM: 1 	F: 159 	 (502) 	S: 157 	 (501) 	T: 156 	 (500) 	LAP 2
75.24 s > TEAM: 0 	F: 1 	 (752) 	S: 2 	 (751) 	T: 6 	 (750) 	LAP 3
90.24 s > TEAM: 1 	F: 159 	 (752) 	S: 157 	 (751) 	T: 156 	 (750) 	LAP 3
105.24 s > TEAM: 0 	F: 1 	 (1004) 	S: 2 	 (1003) 	T: 6 	 (1000) 	LAP 4
120.24 s > TEAM: 1 	F: 159 	 (1004) 	S: 157 	 (1002) 	T: 156 	 (1000) 	LAP 4
135.24 s > TEAM: 0 	F: 1 	 (1377) 	S: 2 	 (1336) 	T: 6 	 (1250) 	LAP 5
150.24 s > TEAM: 1 	F: 159 	 (1377) 	S: 157 	 (1376) 	T: 156 	 (1250) 	LAP 5
180.24 s > TEAM: 1 	F: 159 	 (1749) 	S: 157 	 (1748) 	T: 156 	 (1500) 	LAP 6
180.36 s > TEAM: 0 	F: 1 	 (1753) 	S: 6 	 (1626) 	T: 0 	 (1500) 	LAP 6
210.24 s > TEAM: 1 	F: 159 	 (1999) 	S: 157 	 (1998) 	T: 156 	 (1750) 	LAP 7
210.36 s > TEAM: 0 	F: 1 	 (2006) 	S: 6 	 (1876) 	T: 0 	 (1750) 	LAP 7
225.24 s > TEAM: 1 	F: 159 	 (2124) 	S: 157 	 (2123) 	T: 156 	 (2000) 	LAP 8
240.36 s > TEAM: 0 	F: 1 	 (2374) 	S: 6 	 (2251) 	T: 0 	 (2000) 	LAP 8
255.24 s > TEAM: 1 	F: 159 	 (2374) 	S: 157 	 (2373) 	T: 156 	 (2250) 	LAP 9
270.36 s > TEAM: 0 	F: 1 	 (2624) 	S: 6 	 (2501) 	T: 0 	 (2250) 	LAP 9
285.24 s > TEAM: 1 	F: 159 	 (2624) 	S: 157 	 (2623) 	T: 156 	 (2500) 	LAP 10
300.36 s > TEAM: 0 	F: 1 	 (2874) 	S: 6 	 (2751) 	T: 0 	 (2500) 	LAP 10
315.24 s > TEAM: 1 	F: 159 	 (2998) 	S: 157 	 (2935) 	T: 156 	 (2750) 	LAP 11
330.36 s > TEAM: 0 	F: 1 	 (3187) 	S: 6 	 (2801) 	T: 0 	 (2750) 	LAP 11
345.24 s > TEAM: 1 	F: 159 	 (3249) 	S: 157 	 (3185) 	T: 156 	 (3000) 	LAP 12
360.48 s > TEAM: 0 	F: 1 	 (3438) 	S: 0 	 (3001) 	T: 3 	 (3000) 	LAP 12
375.24 s > TEAM: 1 	F: 159 	 (3685) 	S: 157 	 (3434) 	T: 156 	 (3250) 	LAP 13
390.24 s > TEAM: 1 	F: 159 	 (3809) 	S: 157 	 (3560) 	T: 156 	 (3500) 	LAP 14
390.48 s > TEAM: 0 	F: 1 	 (3688) 	S: 0 	 (3251) 	T: 3 	 (3250) 	LAP 13
420.24 s > TEAM: 1 	F: 159 	 (4000) 	S: 157 	 (3810) 	T: 156 	 (3750) 	LAP 15
420.48 s > TEAM: 0 	F: 1 	 (3938) 	S: 0 	 (3501) 	T: 3 	 (3500) 	LAP 14
450.24 s > TEAM: 1 	F: 156 	 (4000) 	S: 157 	 (4000) 	T: 159 	 (4000) 	LAP 16
450.48 s > TEAM: 0 	F: 1 	 (4000) 	S: 0 	 (3751) 	T: 3 	 (3750) 	LAP 15
480.48 s > TEAM: 0 	F: 0 	 (4000) 	S: 1 	 (4000) 	T: 3 	 (4000) 	LAP 16
Broken Team 0: 2 (5), 4 (3), 6 (11), 11 (10), 15 (3), 19 (13), 23 (2), 25 (1), 26 (14), 28 (1), 32 (12), 36 (6), 38 (9), 41 (11), 43 (6), 45 (1), 52 (6), 53 (2), 54 (3), 58 (7), 59 (4), 62 (3), 63 (0), 69 (5), 72 (2), 73 (9), 74 (0), 77 (5), 78 (11), 
Broken Team 1: 81 (0), 84 (5), 89 (9), 91 (1), 92 (9), 96 (5), 97 (11), 99 (13), 110 (15), 114 (8), 115 (9), 119 (13), 123 (3), 127 (1), 128 (8), 129 (5), 132 (5), 136 (0), 139 (3), 142 (3), 149 (0), 150 (4), 155 (12), 158 (1), 
Finishing order: 159 (413.19), 1 (427.95), 157 (443.07), 156 (450.27), 0 (480.39), 80 (480.39), 3 (480.51), 5 (480.63), 148 (480.63), 7 (480.75), 8 (480.87), 153 (480.87), 10 (481.11), 82 (481.11), 9 (481.23), 83 (481.23), 12 (481.35), 85 (481.47), 13 (481.59), 86 (481.59), 14 (481.71), 152 (481.71), 87 (481.83), 16 (481.95), 88 (481.95), 17 (482.07), 151 (482.07), 18 (482.19), 20 (482.43), 21 (482.55), 147 (482.55), 22 (482.67), 144 (482.67), 90 (482.79), 24 (482.91), 93 (483.15), 27 (483.27), 94 (483.27), 95 (483.39), 29 (483.51), 30 (483.63), 31 (483.75), 98 (483.87), 34 (483.99), 100 (483.99), 33 (484.11), 101 (484.11), 102 (484.23), 39 (484.35), 40 (484.47), 103 (484.47), 37 (484.59), 105 (484.59), 106 (484.71), 107 (484.83), 42 (484.95), 109 (484.95), 44 (485.07), 104 (485.07), 35 (485.19), 108 (485.19), 46 (485.31), 111 (485.43), 47 (485.67), 112 (485.67), 48 (485.79), 113 (485.79), 49 (485.91), 146 (485.91), 145 (486.03), 50 (486.15), 116 (486.15), 117 (486.27), 51 (486.39), 154 (486.39), 55 (486.63), 143 (486.63), 56 (486.75), 57 (486.87), 121 (486.87), 120 (486.99), 61 (487.11), 122 (487.11), 118 (487.35), 125 (487.47), 64 (487.59), 124 (487.59), 60 (487.71), 126 (487.71), 66 (487.83), 65 (487.95), 67 (488.07), 68 (488.19), 131 (488.19), 70 (488.43), 130 (488.43), 133 (488.55), 71 (488.67), 135 (488.67), 75 (488.91), 137 (488.91), 138 (489.03), 76 (489.15), 140 (489.27), 134 (489.39), 79 (489.51), 141 (489.51), 
Result: TEAM 0 WIN*
