Mode: RANDOM
30.24 s > TEAM: 0 	F: 0 	 (252) 	S: 2 	 (251) 	T: 4 	 (250) 	LAP 1
30.24 s > TEAM: 1 	F: 159 	 (254) 	S: 80 	 (251) 	T: 81 	 (250) 	LAP 1
60.24 s > TEAM: 1 	F: 159 	 (754) 	S: 80 	 (501) 	T: 81 	 (500) 	LAP 2
60.36 s > TEAM: 0 	F: 2 	 (502) 	S: 4 	 (501) 	T: 1 	 (500) 	LAP 2
90.24 s > TEAM: 1 	F: 159 	 (1127) 	S: 80 	 (751) 	T: 81 	 (750) 	LAP 3
90.36 s > TEAM: 0 	F: 2 	 (754) 	S: 4 	 (751) 	T: 1 	 (750) 	LAP 3
120.24 s > TEAM: 1 	F: 159 	 (1500) 	S: 80 	 (1001) 	T: 81 	 (1000) 	LAP 4
120.36 s > TEAM: 0 	F: 2 	 (1127) 	S: 4 	 (1001) 	T: 1 	 (1000) 	LAP 4
150.24 s > TEAM: 1 	F: 159 	 (1750) 	S: 80 	 (1251) 	T: 81 	 (1250) 	LAP 5
150.36 s > TEAM: 0 	F: 2 	 (1377) 	S: 4 	 (1251) 	T: 1 	 (1250) 	LAP 5
180.24 s > TEAM: 1 	F: 159 	 (2000) 	S: 80 	 (1501) 	T: 81 	 (1500) 	LAP 6
180.36 s > TEAM: 0 	F: 2 	 (1627) 	S: 4 	 (1501) 	T: 1 	 (1500) 	LAP 6
210.24 s > TEAM: 1 	F: 159 	 (2313) 	S: 80 	 (1751) 	T: 81 	 (1750) 	LAP 7
210.36 s > TEAM: 0 	F: 2 	 (2004) 	S: 4 	 (1752) 	T: 1 	 (1750) 	LAP 7
240.24 s > TEAM: 1 	F: 159 	 (2563) 	S: 80 	 (2001) 	T: 81 	 (2000) 	LAP 8
240.36 s > TEAM: 0 	F: 2 	 (2377) 	S: 4 	 (2126) 	T: 1 	 (2000) 	LAP 8
270.24 s > TEAM: 1 	F: 159 	 (2813) 	S: 80 	 (2251) 	T: 81 	 (2250) 	LAP 9
270.36 s > TEAM: 0 	F: 2 	 (2688) 	S: 4 	 (2376) 	T: 1 	 (2250) 	LAP 9
300.24 s > TEAM: 1 	F: 159 	 (3126) 	S: 80 	 (2502) 	T: 81 	 (2500) 	LAP 10
300.36 s > TEAM: 0 	F: 2 	 (3002) 	S: 4 	 (2750) 	T: 1 	 (2500) 	LAP 10
315.54 s > TEAM: 1 	F: 159 	 (3315) 	S: 80 	 (2751) 	T: 81 	 (2750) 	LAP 11
330.36 s > TEAM: 0 	F: 2 	 (3313) 	S: 4 	 (3001) 	T: 1 	 (2750) 	LAP 11
337.92 s > TEAM: 1 	F: 159 	 (3502) 	S: 80 	 (3001) 	T: 81 	 (3000) 	LAP 12
360.36 s > TEAM: 0 	F: 2 	 (3562) 	S: 4 	 (3313) 	T: 1 	 (3000) 	LAP 12
367.92 s > TEAM: 1 	F: 159 	 (3752) 	S: 81 	 (3251) 	T: 80 	 (3250) 	LAP 13
390.36 s > TEAM: 0 	F: 2 	 (3813) 	S: 4 	 (3562) 	T: 1 	 (3250) 	LAP 13
397.92 s > TEAM: 1 	F: 159 	 (4000) 	S: 81 	 (3501) 	T: 80 	 (3500) 	LAP 14
420.36 s > TEAM: 0 	F: 2 	 (4000) 	S: 4 	 (3812) 	T: 1 	 (3500) 	LAP 14
427.92 s > TEAM: 1 	F: 159 	 (4000) 	S: 81 	 (3751) 	T: 80 	 (3750) 	LAP 15
450.36 s > TEAM: 0 	F: 2 	 (4000) 	S: 4 	 (4000) 	T: 1 	 (3750) 	LAP 15
457.92 s > TEAM: 1 	F: 80 	 (4000) 	S: 81 	 (4000) 	T: 159 	 (4000) 	LAP 16
465.36 s > TEAM: 0 	F: 1 	 (4000) 	S: 2 	 (4000) 	T: 4 	 (4000) 	LAP 16
Broken Team 0: 0 (1), 6 (12), 10 (13), 11 (0), 17 (14), 18 (6), 21 (3), 22 (10), 23 (6), 24 (5), 26 (15), 30 (11), 37 (1), 39 (12), 40 (11), 41 (11), 43 (8), 44 (10), 45 (2), 51 (4), 52 (8), 61 (11), 68 (8), 69 (3), 70 (11), 73 (14), 75 (9), 76 (15), 
Broken Team 1: 82 (11), 85 (3), 86 (10), 89 (12), 90 (15), 91 (7), 94 (7), 97 (4), 100 (10), 104 (10), 106 (3), 108 (6), 110 (7), 112 (9), 113 (4), 115 (8), 117 (13), 119 (3), 120 (8), 121 (2), 123 (12), 129 (12), 131 (5), 137 (11), 139 (12), 140 (5), 141 (2), 142 (0), 144 (3), 145 (11), 146 (11), 150 (11), 157 (10), 158 (2), 
Finishing order: 159 (397.71), 2 (412.83), 4 (442.89), 81 (457.83), 80 (457.95), 1 (465.39), 49 (480.51), 130 (480.51), 3 (480.63), 33 (480.75), 83 (480.75), 34 (480.87), 84 (480.87), 7 (480.99), 125 (480.99), 9 (481.11), 124 (481.11), 8 (481.35), 88 (481.47), 15 (481.71), 87 (481.71), 46 (481.83), 12 (481.95), 13 (482.07), 92 (482.07), 93 (482.19), 19 (482.43), 138 (482.43), 95 (482.55), 98 (482.79), 14 (482.91), 103 (482.91), 126 (483.03), 27 (483.15), 25 (483.27), 28 (483.39), 101 (483.39), 31 (483.51), 36 (483.63), 99 (483.63), 105 (483.99), 35 (484.23), 107 (484.23), 63 (484.35), 102 (484.47), 109 (484.59), 38 (484.71), 96 (484.71), 50 (484.83), 48 (484.95), 111 (484.95), 134 (485.19), 60 (485.31), 118 (485.31), 42 (485.43), 55 (485.55), 122 (485.55), 53 (485.67), 116 (485.67), 54 (485.79), 59 (485.91), 114 (485.91), 56 (486.03), 58 (486.15), 127 (486.27), 132 (486.51), 62 (486.63), 128 (486.63), 57 (486.87), 133 (486.87), 71 (486.99), 136 (487.11), 65 (487.47), 74 (487.59), 135 (487.59), 79 (487.71), 148 (487.71), 72 (487.83), 77 (487.95), 78 (488.07), 147 (488.19), 64 (488.31), 143 (488.31), 66 (488.43), 149 (488.43), 67 (488.55), 151 (488.55), 5 (488.67), 152 (488.67), 20 (488.79), 153 (488.79), 156 (488.91), 32 (489.03), 16 (489.15), 155 (489.15), 47 (489.39), 29 (489.51), 154 (489.51), 
Result: TEAM 1 WIN*
