Mode: RANDOM
30.24 s > TEAM: 0 	F: 0 	 (252) 	S: 1 	 (251) 	T: 3 	 (250) 	LAP 1
30.24 s > TEAM: 1 	F: 159 	 (252) 	S: 157 	 (251) 	T: 126 	 (250) 	LAP 1
60.24 s > TEAM: 0 	F: 0 	 (504) 	S: 1 	 (501) 	T: 3 	 (500) 	LAP 2
60.24 s > TEAM: 1 	F: 159 	 (504) 	S: 157 	 (501) 	T: 126 	 (500) 	LAP 2
90.24 s > TEAM: 0 	F: 0 	 (877) 	S: 1 	 (751) 	T: 3 	 (750) 	LAP 3
90.24 s > TEAM: 1 	F: 159 	 (1002) 	S: 157 	 (751) 	T: 126 	 (750) 	LAP 3
120.24 s > TEAM: 0 	F: 0 	 (1127) 	S: 1 	 (1001) 	T: 3 	 (1000) 	LAP 4
120.24 s > TEAM: 1 	F: 159 	 (1254) 	S: 157 	 (1001) 	T: 126 	 (1000) 	LAP 4
150.24 s > TEAM: 0 	F: 0 	 (1377) 	S: 1 	 (1251) 	T: 3 	 (1250) 	LAP 5
150.24 s > TEAM: 1 	F: 159 	 (1627) 	S: 157 	 (1251) 	T: 126 	 (1250) 	LAP 5
180.24 s > TEAM: 0 	F: 0 	 (1754) 	S: 1 	 (1501) 	T: 3 	 (1500) 	LAP 6
180.24 s > TEAM: 1 	F: 159 	 (1877) 	S: 157 	 (1501) 	T: 126 	 (1500) 	LAP 6
210.24 s > TEAM: 0 	F: 0 	 (2252) 	S: 1 	 (1751) 	T: 3 	 (1750) 	LAP 7
210.24 s > TEAM: 1 	F: 159 	 (2254) 	S: 157 	 (1751) 	T: 126 	 (1750) 	LAP 7
240.24 s > TEAM: 0 	F: 0 	 (2502) 	S: 1 	 (2001) 	T: 3 	 (2000) 	LAP 8
240.24 s > TEAM: 1 	F: 159 	 (2754) 	S: 157 	 (2002) 	T: 126 	 (2000) 	LAP 8
270.24 s > TEAM: 0 	F: 0 	 (2752) 	S: 1 	 (2251) 	T: 3 	 (2250) 	LAP 9
270.24 s > TEAM: 1 	F: 159 	 (2866) 	S: 157 	 (2376) 	T: 126 	 (2250) 	LAP 9
300.24 s > TEAM: 0 	F: 0 	 (3004) 	S: 1 	 (2501) 	T: 3 	 (2500) 	LAP 10
300.24 s > TEAM: 1 	F: 159 	 (2866) 	S: 157 	 (2626) 	T: 126 	 (2500) 	LAP 10
330.24 s > TEAM: 0 	F: 0 	 (3377) 	S: 1 	 (2751) 	T: 3 	 (2750) 	LAP 11
330.24 s > TEAM: 1 	F: 157 	 (3001) 	S: 159 	 (2866) 	T: 126 	 (2750) 	LAP 11
360.24 s > TEAM: 0 	F: 0 	 (3627) 	S: 1 	 (3001) 	T: 3 	 (3000) 	LAP 12
360.36 s > TEAM: 1 	F: 157 	 (3252) 	S: 126 	 (3001) 	T: 81 	 (3000) 	LAP 12
390.24 s > TEAM: 0 	F: 0 	 (3877) 	S: 1 	 (3251) 	T: 3 	 (3250) 	LAP 13
390.36 s > TEAM: 1 	F: 157 	 (3504) 	S: 126 	 (3251) 	T: 81 	 (3250) 	LAP 13
420.24 s > TEAM: 0 	F: 0 	 (4000) 	S: 1 	 (3501) 	T: 3 	 (3500) 	LAP 14
420.36 s > TEAM: 1 	F: 157 	 (3877) 	S: 126 	 (3501) 	T: 81 	 (3500) 	LAP 14
450.24 s > TEAM: 0 	F: 0 	 (4000) 	S: 1 	 (3752) 	T: 3 	 (3750) 	LAP 15
450.36 s > TEAM: 1 	F: 157 	 (4000) 	S: 126 	 (3752) 	T: 81 	 (3750) 	LAP 15
480.24 s > TEAM: 0 	F: 0 	 (4000) 	S: 1 	 (4000) 	T: 3 	 (4000) 	LAP 16
480.36 s > TEAM: 1 	F: 81 	 (4000) 	S: 126 	 (4000) 	T: 157 	 (4000) 	LAP 16
Broken Team 0: 6 (14), 9 (5), 11 (12), 15 (14), 20 (10), 21 (12), 22 (1), 24 (13), 25 (10), 27 (6), 28 (8), 32 (0), 33 (0), 35 (1), 37 (10), 39 (1), 41 (11), 42 (12), 43 (13), 50 (1), 51 (0), 54 (10), 56 (7), 58 (10), 59 (6), 61 (9), 64 (13), 65 (14), 68 (15), 70 (8), 71 (0), 72 (2), 73 (4), 77 (15), 
Broken Team 1: 84 (0), 86 (10), 89 (2), 93 (3), 94 (13), 95 (3), 99 (2), 104 (12), 105 (0), 109 (5), 112 (4), 115 (5), 120 (7), 123 (7), 124 (15), 131 (3), 133 (0), 135 (3), 147 (4), 150 (7), 158 (12), 159 (11), 
Finishing order: 0 (405.03), 157 (435.15), 1 (465.15), 126 (465.27), 3 (480.27), 2 (480.39), 81 (480.39), 4 (480.51), 82 (480.51), 5 (480.63), 83 (480.63), 7 (480.75), 80 (480.75), 85 (480.87), 10 (481.11), 8 (481.23), 87 (481.23), 12 (481.35), 88 (481.35), 14 (481.59), 90 (481.59), 13 (481.71), 91 (481.71), 16 (481.83), 92 (481.83), 17 (482.07), 18 (482.19), 96 (482.19), 19 (482.43), 97 (482.43), 98 (482.67), 23 (482.79), 100 (482.79), 101 (482.91), 26 (483.15), 102 (483.15), 29 (483.27), 103 (483.27), 106 (483.39), 108 (483.51), 30 (483.63), 31 (483.75), 110 (483.87), 107 (483.99), 34 (484.11), 111 (484.11), 36 (484.35), 113 (484.35), 114 (484.47), 38 (484.59), 116 (484.71), 40 (484.83), 117 (484.83), 118 (484.95), 119 (485.07), 44 (485.31), 121 (485.31), 45 (485.43), 122 (485.43), 46 (485.55), 47 (485.67), 48 (485.79), 125 (485.79), 49 (485.91), 130 (485.91), 53 (486.03), 132 (486.15), 55 (486.27), 134 (486.39), 57 (486.51), 136 (486.51), 137 (486.75), 60 (486.87), 138 (486.87), 139 (486.99), 62 (487.11), 140 (487.11), 141 (487.23), 63 (487.35), 142 (487.35), 143 (487.47), 66 (487.59), 144 (487.59), 67 (487.71), 145 (487.71), 69 (487.83), 146 (487.83), 148 (488.07), 149 (488.19), 151 (488.43), 74 (488.55), 152 (488.55), 75 (488.67), 153 (488.67), 76 (488.79), 155 (488.79), 154 (488.91), 79 (489.03), 156 (489.03), 78 (489.15), 129 (489.15), 128 (489.27), 127 (489.39), 52 (489.51), 
Result: TEAM 0 WIN
