Mode: RANDOM
30.24 s > TEAM: 0 	F: 0 	 (254) 	S: 1 	 (252) 	T: 2 	 (250) 	LAP 1
30.24 s > TEAM: 1 	F: 159 	 (252) 	S: 156 	 (251) 	T: 155 	 (250) 	LAP 1
45.24 s > TEAM: 0 	F: 0 	 (502) 	S: 1 	 (501) 	T: 2 	 (500) 	LAP 2
60.24 s > TEAM: 1 	F: 159 	 (504) 	S: 156 	 (501) 	T: 155 	 (500) 	LAP 2
75.24 s > TEAM: 0 	F: 0 	 (754) 	S: 1 	 (751) 	T: 2 	 (750) 	LAP 3
90.24 s > TEAM: 1 	F: 159 	 (998) 	S: 156 	 (752) 	T: 155 	 (750) 	LAP 3
105.12 s > TEAM: 0 	F: 0 	 (1246) 	S: 2 	 (1124) 	T: 1 	 (1000) 	LAP 4
120.24 s > TEAM: 1 	F: 159 	 (1248) 	S: 156 	 (1126) 	T: 155 	 (1000) 	LAP 4
135.12 s > TEAM: 0 	F: 0 	 (1496) 	S: 2 	 (1495) 	T: 1 	 (1250) 	LAP 5
150.24 s > TEAM: 1 	F: 159 	 (1498) 	S: 156 	 (1497) 	T: 155 	 (1250) 	LAP 5
165.12 s > TEAM: 0 	F: 0 	 (1745) 	S: 2 	 (1744) 	T: 1 	 (1500) 	LAP 6
180.24 s > TEAM: 1 	F: 159 	 (1748) 	S: 156 	 (1747) 	T: 155 	 (1500) 	LAP 6
195.12 s > TEAM: 0 	F: 2 	 (1997) 	S: 0 	 (1996) 	T: 1 	 (1750) 	LAP 7
210.12 s > TEAM: 0 	F: 0 	 (2122) 	S: 2 	 (2074) 	T: 1 	 (2000) 	LAP 8
210.24 s > TEAM: 1 	F: 159 	 (1997) 	S: 156 	 (1996) 	T: 155 	 (1750) 	LAP 7
240.24 s > TEAM: 1 	F: 159 	 (2247) 	S: 156 	 (2245) 	T: 155 	 (2000) 	LAP 8
270.24 s > TEAM: 1 	F: 159 	 (2560) 	S: 156 	 (2495) 	T: 155 	 (2250) 	LAP 9
270.48 s > TEAM: 0 	F: 0 	 (2750) 	S: 3 	 (2623) 	T: 4 	 (2250) 	LAP 9
300.24 s > TEAM: 1 	F: 159 	 (2810) 	S: 156 	 (2745) 	T: 155 	 (2500) 	LAP 10
300.48 s > TEAM: 0 	F: 0 	 (3000) 	S: 3 	 (2873) 	T: 4 	 (2500) 	LAP 10
330.24 s > TEAM: 1 	F: 159 	 (3060) 	S: 156 	 (3057) 	T: 155 	 (2750) 	LAP 11
330.48 s > TEAM: 0 	F: 0 	 (3435) 	S: 3 	 (3186) 	T: 4 	 (2750) 	LAP 11
345.48 s > TEAM: 0 	F: 0 	 (3560) 	S: 3 	 (3311) 	T: 4 	 (3000) 	LAP 12
360.24 s > TEAM: 1 	F: 159 	 (3310) 	S: 156 	 (3308) 	T: 155 	 (3000) 	LAP 12
375.48 s > TEAM: 0 	F: 0 	 (3809) 	S: 3 	 (3561) 	T: 4 	 (3250) 	LAP 13
390.24 s > TEAM: 1 	F: 159 	 (3620) 	S: 156 	 (3558) 	T: 155 	 (3250) 	LAP 13
405.48 s > TEAM: 0 	F: 0 	 (4000) 	S: 3 	 (3811) 	T: 4 	 (3500) 	LAP 14
420.24 s > TEAM: 1 	F: 159 	 (3996) 	S: 156 	 (3808) 	T: 155 	 (3500) 	LAP 14
435.48 s > TEAM: 0 	F: 0 	 (4000) 	S: 3 	 (4000) 	T: 4 	 (3750) 	LAP 15
450.24 s > TEAM: 1 	F: 156 	 (4000) 	S: 159 	 (4000) 	T: 155 	 (3750) 	LAP 15
465.48 s > TEAM: 0 	F: 0 	 (4000) 	S: 3 	 (4000) 	T: 4 	 (4000) 	LAP 16
480.24 s > TEAM: 1 	F: 155 	 (4000) 	S: 156 	 (4000) 	T: 159 	 (4000) 	LAP 16
Broken Team 0: 1 (8), 2 (8), 5 (5), 7 (0), 12 (0), 16 (3), 17 (4), 18 (0), 25 (3), 26 (9), 28 (3), 30 (15), 35 (4), 41 (6), 43 (4), 48 (13), 49 (12), 50 (13), 51 (13), 52 (6), 58 (10), 60 (9), 61 (0), 62 (14), 73 (5), 75 (11), 76 (13), 79 (5), 
Broken Team 1: 84 (5), 86 (7), 88 (3), 96 (3), 99 (3), 100 (11), 101 (3), 103 (15), 105 (2), 108 (7), 109 (14), 112 (6), 114 (12), 116 (11), 120 (14), 122 (11), 126 (15), 128 (11), 129 (14), 131 (8), 134 (11), 135 (3), 140 (15), 144 (8), 145 (13), 149 (6), 
Finishing order: 0 (398.43), 159 (420.75), 3 (428.19), 156 (443.31), 4 (465.51), 6 (465.63), 155 (480.27), 158 (480.39), 80 (480.51), 81 (480.63), 157 (480.75), 153 (480.87), 8 (480.99), 154 (480.99), 10 (481.11), 82 (481.11), 9 (481.23), 83 (481.23), 11 (481.35), 152 (481.35), 13 (481.59), 85 (481.59), 14 (481.71), 151 (481.71), 15 (481.83), 87 (482.07), 19 (482.19), 89 (482.19), 20 (482.31), 90 (482.31), 21 (482.43), 22 (482.55), 91 (482.55), 92 (482.67), 24 (482.79), 150 (482.79), 93 (482.91), 94 (483.03), 27 (483.15), 95 (483.27), 29 (483.39), 98 (483.51), 31 (483.63), 32 (483.75), 33 (483.87), 23 (483.99), 34 (484.11), 97 (484.11), 102 (484.23), 37 (484.35), 104 (484.35), 38 (484.47), 147 (484.47), 36 (484.59), 39 (484.71), 106 (484.71), 107 (484.83), 40 (484.95), 42 (485.07), 146 (485.07), 44 (485.31), 110 (485.31), 45 (485.43), 111 (485.43), 46 (485.55), 47 (485.67), 113 (485.79), 143 (486.03), 115 (486.15), 53 (486.39), 118 (486.39), 54 (486.51), 119 (486.51), 56 (486.63), 117 (486.63), 55 (486.75), 121 (486.75), 59 (486.99), 123 (486.99), 57 (487.11), 130 (487.23), 63 (487.59), 125 (487.59), 64 (487.71), 127 (487.71), 67 (487.83), 132 (487.83), 65 (487.95), 133 (487.95), 68 (488.07), 66 (488.19), 69 (488.31), 136 (488.31), 70 (488.43), 137 (488.43), 72 (488.55), 139 (488.67), 78 (488.91), 124 (488.91), 74 (489.03), 138 (489.03), 141 (489.27), 71 (489.39), 142 (489.39), 77 (489.51), 148 (489.51), 
Result: TEAM 0 WIN*
