Mode: RANDOM
30.24 s > TEAM: 0 	F: 0 	 (252) 	S: 1 	 (251) 	T: 3 	 (250) 	LAP 1
30.24 s > TEAM: 1 	F: 159 	 (254) 	S: 157 	 (251) 	T: 156 	 (250) 	LAP 1
60.24 s > TEAM: 0 	F: 0 	 (504) 	S: 1 	 (501) 	T: 3 	 (500) 	LAP 2
60.24 s > TEAM: 1 	F: 159 	 (752) 	S: 157 	 (501) 	T: 156 	 (500) 	LAP 2
90.24 s > TEAM: 0 	F: 0 	 (1004) 	S: 1 	 (752) 	T: 3 	 (750) 	LAP 3
90.24 s > TEAM: 1 	F: 159 	 (1004) 	S: 157 	 (751) 	T: 156 	 (750) 	LAP 3
120.24 s > TEAM: 0 	F: 0 	 (1502) 	S: 1 	 (1126) 	T: 3 	 (1000) 	LAP 4
120.24 s > TEAM: 1 	F: 159 	 (1377) 	S: 157 	 (1001) 	T: 156 	 (1000) 	LAP 4
150.24 s > TEAM: 0 	F: 0 	 (1754) 	S: 1 	 (1376) 	T: 3 	 (1250) 	LAP 5
150.24 s > TEAM: 1 	F: 159 	 (1627) 	S: 157 	 (1251) 	T: 156 	 (1250) 	LAP 5
180.24 s > TEAM: 0 	F: 0 	 (2125) 	S: 1 	 (1626) 	T: 3 	 (1500) 	LAP 6
180.24 s > TEAM: 1 	F: 159 	 (1999) 	S: 157 	 (1501) 	T: 156 	 (1500) 	LAP 6
210.24 s > TEAM: 0 	F: 0 	 (2375) 	S: 1 	 (1876) 	T: 3 	 (1750) 	LAP 7
210.36 s > TEAM: 1 	F: 159 	 (2251) 	S: 157 	 (1752) 	T: 152 	 (1750) 	LAP 7
240.24 s > TEAM: 0 	F: 0 	 (2625) 	S: 1 	 (2126) 	T: 3 	 (2000) 	LAP 8
240.36 s > TEAM: 1 	F: 159 	 (2501) 	S: 157 	 (2002) 	T: 152 	 (2000) 	LAP 8
270.24 s > TEAM: 0 	F: 0 	 (2875) 	S: 1 	 (2376) 	T: 3 	 (2250) 	LAP 9
270.36 s > TEAM: 1 	F: 159 	 (2751) 	S: 157 	 (2252) 	T: 152 	 (2250) 	LAP 9
300.36 s > TEAM: 1 	F: 159 	 (3103) 	S: 157 	 (2502) 	T: 152 	 (2500) 	LAP 10
300.48 s > TEAM: 0 	F: 0 	 (3228) 	S: 3 	 (2504) 	T: 2 	 (2500) 	LAP 10
315.48 s > TEAM: 0 	F: 0 	 (3353) 	S: 3 	 (2752) 	T: 2 	 (2750) 	LAP 11
330.36 s > TEAM: 1 	F: 159 	 (3457) 	S: 157 	 (2754) 	T: 152 	 (2750) 	LAP 11
345.24 s > TEAM: 0 	F: 0 	 (3789) 	S: 2 	 (3246) 	T: 3 	 (3000) 	LAP 12
345.36 s > TEAM: 1 	F: 159 	 (3473) 	S: 157 	 (3002) 	T: 152 	 (3000) 	LAP 12
375.24 s > TEAM: 0 	F: 0 	 (4000) 	S: 2 	 (3498) 	T: 3 	 (3250) 	LAP 13
375.36 s > TEAM: 1 	F: 159 	 (3473) 	S: 157 	 (3252) 	T: 152 	 (3250) 	LAP 13
405.24 s > TEAM: 0 	F: 0 	 (4000) 	S: 2 	 (3748) 	T: 3 	 (3500) 	LAP 14
420.48 s > TEAM: 1 	F: 157 	 (3749) 	S: 152 	 (3626) 	T: 151 	 (3500) 	LAP 14
435.24 s > TEAM: 0 	F: 0 	 (4000) 	S: 2 	 (3998) 	T: 3 	 (3750) 	LAP 15
450.48 s > TEAM: 1 	F: 157 	 (3999) 	S: 152 	 (3876) 	T: 151 	 (3750) 	LAP 15
465.24 s > TEAM: 0 	F: 0 	 (4000) 	S: 2 	 (4000) 	T: 3 	 (4000) 	LAP 16
480.48 s > TEAM: 1 	F: 151 	 (4000) 	S: 152 	 (4000) 	T: 157 	 (4000) 	LAP 16
Broken Team 0: 1 (9), 4 (1), 6 (2), 7 (0), 9 (11), 11 (8), 14 (1), 21 (14), 23 (9), 25 (13), 27 (7), 28 (15), 33 (15), 39 (7), 49 (8), 58 (9), 64 (0), 66 (3), 69 (10), 70 (12), 75 (11), 78 (5), 
Broken Team 1: 80 (4), 81 (6), 82 (9), 83 (8), 86 (3), 88 (10), 90 (8), 92 (6), 93 (5), 99 (2), 101 (7), 102 (6), 103 (0), 105 (5), 106 (7), 108 (13), 121 (15), 122 (3), 124 (11), 127 (5), 129 (12), 142 (0), 143 (2), 146 (12), 148 (7), 149 (14), 150 (0), 156 (6), 159 (13), 
Finishing order: 0 (370.53), 2 (435.51), 157 (450.63), 3 (465.27), 152 (465.39), 151 (480.51), 5 (480.63), 154 (480.63), 153 (480.75), 8 (480.99), 155 (481.11), 10 (481.23), 158 (481.23), 12 (481.47), 13 (481.59), 147 (481.59), 15 (481.83), 128 (481.83), 16 (481.95), 18 (482.07), 17 (482.19), 19 (482.31), 20 (482.55), 84 (482.55), 22 (482.67), 85 (482.67), 24 (482.91), 87 (482.91), 89 (483.15), 26 (483.27), 91 (483.39), 29 (483.51), 30 (483.63), 31 (483.75), 94 (483.75), 32 (483.87), 95 (483.87), 96 (483.99), 35 (484.11), 97 (484.11), 36 (484.23), 130 (484.23), 37 (484.35), 34 (484.47), 98 (484.47), 38 (484.59), 100 (484.59), 41 (484.83), 40 (484.95), 42 (485.07), 104 (485.07), 43 (485.19), 45 (485.31), 44 (485.43), 109 (485.43), 47 (485.55), 107 (485.55), 48 (485.67), 46 (485.79), 111 (485.79), 110 (485.91), 50 (486.03), 112 (486.03), 51 (486.15), 144 (486.15), 52 (486.27), 118 (486.27), 54 (486.39), 55 (486.51), 53 (486.63), 113 (486.63), 56 (486.75), 114 (486.75), 57 (486.87), 115 (486.87), 116 (486.99), 59 (487.11), 120 (487.11), 60 (487.23), 117 (487.23), 62 (487.35), 119 (487.35), 61 (487.47), 63 (487.59), 65 (487.71), 123 (487.71), 145 (487.95), 67 (488.07), 125 (488.07), 126 (488.19), 131 (488.31), 72 (488.43), 132 (488.43), 73 (488.55), 133 (488.55), 74 (488.67), 134 (488.67), 136 (488.79), 76 (488.91), 137 (488.91), 68 (489.03), 138 (489.03), 71 (489.15), 139 (489.15), 79 (489.27), 135 (489.27), 77 (489.39), 140 (489.39), 141 (489.51), 
Result: TEAM 0 WIN*
