Mode: RANDOM
30.24 s > TEAM: 0 	F: 3 	 (254) 	S: 2 	 (252) 	T: 0 	 (250) 	LAP 1
30.24 s > TEAM: 1 	F: 159 	 (254) 	S: 80 	 (252) 	T: 81 	 (250) 	LAP 1
45.24 s > TEAM: 1 	F: 159 	 (502) 	S: 80 	 (501) 	T: 81 	 (500) 	LAP 2
60.24 s > TEAM: 0 	F: 3 	 (749) 	S: 2 	 (626) 	T: 0 	 (500) 	LAP 2
75.24 s > TEAM: 1 	F: 159 	 (754) 	S: 80 	 (752) 	T: 81 	 (750) 	LAP 3
90.24 s > TEAM: 0 	F: 3 	 (999) 	S: 2 	 (876) 	T: 0 	 (750) 	LAP 3
90.24 s > TEAM: 1 	F: 159 	 (1002) 	S: 80 	 (1001) 	T: 81 	 (1000) 	LAP 4
120.24 s > TEAM: 0 	F: 3 	 (1249) 	S: 2 	 (1126) 	T: 0 	 (1000) 	LAP 4
120.24 s > TEAM: 1 	F: 159 	 (1252) 	S: 80 	 (1251) 	T: 81 	 (1250) 	LAP 5
150.24 s > TEAM: 0 	F: 3 	 (1391) 	S: 2 	 (1376) 	T: 0 	 (1250) 	LAP 5
150.24 s > TEAM: 1 	F: 159 	 (1504) 	S: 80 	 (1501) 	T: 81 	 (1500) 	LAP 6
180.12 s > TEAM: 1 	F: 159 	 (2002) 	S: 81 	 (1874) 	T: 80 	 (1750) 	LAP 7
180.36 s > TEAM: 0 	F: 2 	 (1754) 	S: 0 	 (1502) 	T: 6 	 (1500) 	LAP 6
195.12 s > TEAM: 1 	F: 159 	 (2252) 	S: 81 	 (2062) 	T: 80 	 (2000) 	LAP 8
210.36 s > TEAM: 0 	F: 2 	 (2127) 	S: 0 	 (1812) 	T: 6 	 (1750) 	LAP 7
217.74 s > TEAM: 1 	F: 159 	 (2499) 	S: 81 	 (2251) 	T: 80 	 (2250) 	LAP 9
232.92 s > TEAM: 1 	F: 159 	 (2751) 	S: 81 	 (2502) 	T: 80 	 (2500) 	LAP 10
240.36 s > TEAM: 0 	F: 2 	 (2377) 	S: 0 	 (2062) 	T: 6 	 (2000) 	LAP 8
263.04 s > TEAM: 1 	F: 159 	 (3002) 	S: 81 	 (2753) 	T: 80 	 (2750) 	LAP 11
270.36 s > TEAM: 0 	F: 2 	 (2686) 	S: 0 	 (2312) 	T: 6 	 (2250) 	LAP 9
292.92 s > TEAM: 1 	F: 159 	 (3251) 	S: 81 	 (3002) 	T: 80 	 (3000) 	LAP 12
300.36 s > TEAM: 0 	F: 2 	 (2936) 	S: 0 	 (2562) 	T: 6 	 (2500) 	LAP 10
322.92 s > TEAM: 1 	F: 159 	 (3501) 	S: 81 	 (3252) 	T: 80 	 (3250) 	LAP 13
330.36 s > TEAM: 0 	F: 2 	 (3043) 	S: 0 	 (2812) 	T: 6 	 (2750) 	LAP 11
352.92 s > TEAM: 1 	F: 159 	 (3751) 	S: 81 	 (3502) 	T: 80 	 (3500) 	LAP 14
360.36 s > TEAM: 0 	F: 0 	 (3124) 	S: 2 	 (3043) 	T: 6 	 (3000) 	LAP 12
382.92 s > TEAM: 1 	F: 159 	 (4000) 	S: 81 	 (3752) 	T: 80 	 (3750) 	LAP 15
390.48 s > TEAM: 0 	F: 0 	 (3437) 	S: 6 	 (3252) 	T: 5 	 (3250) 	LAP 13
412.92 s > TEAM: 1 	F: 80 	 (4000) 	S: 81 	 (4000) 	T: 159 	 (4000) 	LAP 16
420.48 s > TEAM: 0 	F: 0 	 (3687) 	S: 6 	 (3626) 	T: 5 	 (3500) 	LAP 14
450.48 s > TEAM: 0 	F: 0 	 (4000) 	S: 6 	 (3876) 	T: 5 	 (3750) 	LAP 15
480.48 s > TEAM: 0 	F: 0 	 (4000) 	S: 5 	 (4000) 	T: 6 	 (4000) 	LAP 16
Broken Team 0: 2 (12), 3 (5), 8 (11), 11 (1), 14 (10), 24 (4), 27 (9), 29 (5), 31 (7), 32 (10), 34 (5), 35 (5), 45 (10), 46 (15), 49 (2), 50 (5), 51 (14), 55 (4), 68 (1), 77 (7), 
Broken Team 1: 85 (7), 100 (10), 101 (5), 107 (15), 109 (6), 111 (15), 113 (2), 116 (12), 121 (15), 125 (0), 127 (11), 128 (7), 130 (10), 131 (12), 133 (5), 135 (2), 138 (4), 145 (10), 146 (2), 147 (7), 153 (0), 156 (13), 157 (0), 
Finishing order: 159 (382.83), 81 (412.71), 80 (412.95), 0 (443.07), 82 (450.63), 6 (465.39), 83 (465.51), 5 (480.51), 4 (480.63), 84 (480.63), 7 (480.75), 158 (480.87), 9 (480.99), 86 (480.99), 1 (481.11), 87 (481.11), 10 (481.23), 88 (481.23), 12 (481.47), 89 (481.59), 15 (481.71), 90 (481.71), 16 (481.83), 91 (481.83), 17 (481.95), 92 (481.95), 13 (482.07), 94 (482.07), 18 (482.19), 96 (482.19), 19 (482.31), 93 (482.31), 20 (482.43), 97 (482.43), 21 (482.55), 98 (482.55), 22 (482.67), 95 (482.67), 23 (482.79), 154 (482.79), 99 (482.91), 25 (483.03), 155 (483.03), 28 (483.15), 102 (483.39), 26 (483.51), 103 (483.51), 30 (483.63), 104 (483.63), 105 (483.75), 33 (484.11), 152 (484.11), 37 (484.23), 151 (484.23), 36 (484.35), 106 (484.35), 108 (484.47), 38 (484.59), 39 (484.71), 150 (484.71), 40 (484.83), 110 (484.83), 41 (484.95), 42 (485.07), 43 (485.19), 112 (485.19), 44 (485.31), 114 (485.43), 48 (485.55), 120 (485.55), 47 (485.79), 115 (485.79), 119 (486.03), 52 (486.15), 126 (486.27), 53 (486.39), 118 (486.39), 54 (486.51), 122 (486.51), 129 (486.63), 56 (486.75), 58 (486.87), 59 (486.99), 61 (487.11), 134 (487.11), 62 (487.23), 136 (487.23), 60 (487.35), 63 (487.47), 149 (487.47), 57 (487.59), 137 (487.59), 64 (487.71), 132 (487.71), 65 (487.83), 66 (487.95), 139 (487.95), 69 (488.07), 140 (488.07), 70 (488.19), 123 (488.19), 71 (488.31), 141 (488.31), 67 (488.43), 142 (488.43), 72 (488.55), 124 (488.55), 143 (488.67), 74 (488.79), 75 (488.91), 144 (488.91), 73 (489.03), 148 (489.03), 76 (489.15), 117 (489.15), 78 (489.27), 79 (489.39), 
Result: TEAM 1 WIN*
