Mode: RANDOM
30.24 s > TEAM: 0 	F: 1 	 (252) 	S: 3 	 (251) 	T: 0 	 (250) 	LAP 1
30.24 s > TEAM: 1 	F: 159 	 (252) 	S: 80 	 (251) 	T: 124 	 (250) 	LAP 1
60.24 s > TEAM: 0 	F: 1 	 (504) 	S: 3 	 (502) 	T: 0 	 (500) 	LAP 2
60.24 s > TEAM: 1 	F: 159 	 (504) 	S: 80 	 (502) 	T: 124 	 (500) 	LAP 2
75.24 s > TEAM: 1 	F: 159 	 (752) 	S: 80 	 (751) 	T: 124 	 (750) 	LAP 3
75.36 s > TEAM: 0 	F: 3 	 (752) 	S: 0 	 (751) 	T: 2 	 (750) 	LAP 3
105.12 s > TEAM: 1 	F: 124 	 (1248) 	S: 159 	 (1002) 	T: 80 	 (1000) 	LAP 4
105.24 s > TEAM: 0 	F: 2 	 (1248) 	S: 3 	 (1002) 	T: 0 	 (1000) 	LAP 4
135.12 s > TEAM: 1 	F: 124 	 (1748) 	S: 159 	 (1502) 	T: 80 	 (1250) 	LAP 5
135.24 s > TEAM: 0 	F: 2 	 (1624) 	S: 3 	 (1502) 	T: 0 	 (1250) 	LAP 5
150.12 s > TEAM: 1 	F: 124 	 (1874) 	S: 159 	 (1752) 	T: 80 	 (1500) 	LAP 6
165.12 s > TEAM: 1 	F: 159 	 (2001) 	S: 124 	 (1999) 	T: 80 	 (1750) 	LAP 7
165.24 s > TEAM: 0 	F: 3 	 (1876) 	S: 2 	 (1874) 	T: 0 	 (1500) 	LAP 6
195.12 s > TEAM: 1 	F: 159 	 (2252) 	S: 124 	 (2249) 	T: 80 	 (2000) 	LAP 8
195.24 s > TEAM: 0 	F: 3 	 (2126) 	S: 2 	 (2124) 	T: 0 	 (1750) 	LAP 7
225.12 s > TEAM: 1 	F: 159 	 (2626) 	S: 124 	 (2499) 	T: 80 	 (2250) 	LAP 9
225.24 s > TEAM: 0 	F: 3 	 (2376) 	S: 2 	 (2374) 	T: 0 	 (2000) 	LAP 8
255.12 s > TEAM: 1 	F: 159 	 (2999) 	S: 124 	 (2591) 	T: 80 	 (2500) 	LAP 10
255.24 s > TEAM: 0 	F: 3 	 (2626) 	S: 2 	 (2624) 	T: 0 	 (2250) 	LAP 9
285.24 s > TEAM: 0 	F: 3 	 (2876) 	S: 2 	 (2874) 	T: 0 	 (2500) 	LAP 10
315.24 s > TEAM: 0 	F: 3 	 (3252) 	S: 2 	 (3248) 	T: 0 	 (2750) 	LAP 11
330.36 s > TEAM: 1 	F: 159 	 (4000) 	S: 80 	 (3377) 	T: 82 	 (2750) 	LAP 11
345.24 s > TEAM: 0 	F: 3 	 (3751) 	S: 2 	 (3748) 	T: 0 	 (3000) 	LAP 12
360.36 s > TEAM: 1 	F: 159 	 (4000) 	S: 80 	 (3627) 	T: 82 	 (3000) 	LAP 12
375.24 s > TEAM: 0 	F: 3 	 (4000) 	S: 2 	 (3999) 	T: 0 	 (3250) 	LAP 13
390.36 s > TEAM: 1 	F: 80 	 (4000) 	S: 159 	 (4000) 	T: 82 	 (3250) 	LAP 13
405.24 s > TEAM: 0 	F: 2 	 (4000) 	S: 3 	 (4000) 	T: 0 	 (3500) 	LAP 14
405.36 s > TEAM: 1 	F: 80 	 (4000) 	S: 159 	 (4000) 	T: 82 	 (3500) 	LAP 14
420.24 s > TEAM: 0 	F: 2 	 (4000) 	S: 3 	 (4000) 	T: 0 	 (3750) 	LAP 15
435.24 s > TEAM: 0 	F: 0 	 (4000) 	S: 2 	 (4000) 	T: 3 	 (4000) 	LAP 16
435.36 s > TEAM: 1 	F: 80 	 (4000) 	S: 159 	 (4000) 	T: 82 	 (3750) 	LAP 15
450.36 s > TEAM: 1 	F: 80 	 (4000) 	S: 82 	 (4000) 	T: 159 	 (4000) 	LAP 16
Broken Team 0: 1 (2), 7 (11), 22 (5), 28 (11), 31 (6), 37 (0), 43 (3), 47 (6), 52 (7), 56 (4), 57 (8), 59 (2), 62 (0), 74 (2), 
Broken Team 1: 81 (5), 83 (9), 84 (0), 86 (10), 89 (7), 90 (15), 91 (4), 94 (5), 95 (8), 96 (15), 101 (9), 103 (10), 112 (0), 115 (4), 119 (13), 120 (1), 123 (5), 124 (10), 126 (4), 129 (0), 133 (10), 135 (5), 136 (12), 137 (11), 138 (4), 141 (14), 142 (12), 143 (11), 145 (14), 146 (12), 151 (9), 
Finishing order: 159 (330.27), 3 (375.15), 2 (375.39), 80 (390.15), 0 (435.27), 82 (450.39), 4 (450.51), 5 (465.63), 85 (465.87), 6 (480.75), 8 (480.99), 9 (481.11), 10 (481.23), 87 (481.23), 11 (481.35), 12 (481.47), 14 (481.59), 15 (481.71), 88 (481.71), 17 (481.83), 93 (481.83), 16 (481.95), 13 (482.07), 18 (482.19), 92 (482.19), 19 (482.31), 20 (482.43), 97 (482.43), 21 (482.55), 23 (482.67), 98 (482.67), 128 (482.79), 25 (482.91), 125 (482.91), 24 (483.03), 99 (483.03), 26 (483.15), 27 (483.27), 102 (483.27), 107 (483.39), 100 (483.51), 32 (483.63), 127 (483.63), 29 (483.75), 33 (483.87), 117 (483.87), 30 (483.99), 104 (483.99), 34 (484.11), 106 (484.11), 35 (484.23), 105 (484.23), 108 (484.35), 36 (484.47), 109 (484.47), 38 (484.59), 39 (484.71), 110 (484.71), 41 (484.83), 111 (484.83), 42 (484.95), 114 (484.95), 40 (485.07), 118 (485.07), 44 (485.31), 45 (485.43), 121 (485.43), 46 (485.55), 113 (485.55), 48 (485.79), 122 (485.79), 49 (485.91), 116 (485.91), 50 (486.03), 51 (486.15), 131 (486.15), 53 (486.27), 132 (486.27), 54 (486.39), 130 (486.51), 55 (486.63), 134 (486.63), 58 (486.75), 156 (486.75), 60 (487.11), 64 (487.35), 139 (487.35), 63 (487.47), 140 (487.47), 61 (487.59), 65 (487.71), 144 (487.83), 67 (487.95), 70 (488.07), 68 (488.19), 69 (488.31), 147 (488.31), 72 (488.43), 149 (488.43), 71 (488.55), 150 (488.55), 148 (488.67), 75 (488.79), 66 (488.91), 152 (488.91), 73 (489.03), 153 (489.03), 77 (489.15), 154 (489.15), 79 (489.27), 155 (489.27), 76 (489.39), 157 (489.39), 78 (489.51), 158 (489.51), 
Result: TEAM 1 WIN*
