Mode: RANDOM
30.24 s > TEAM: 0 	F: 0 	 (252) 	S: 1 	 (251) 	T: 2 	 (250) 	LAP 1
30.24 s > TEAM: 1 	F: 159 	 (252) 	S: 158 	 (251) 	T: 156 	 (250) 	LAP 1
60.24 s > TEAM: 0 	F: 0 	 (504) 	S: 1 	 (502) 	T: 2 	 (500) 	LAP 2
60.24 s > TEAM: 1 	F: 159 	 (502) 	S: 158 	 (501) 	T: 156 	 (500) 	LAP 2
90.24 s > TEAM: 0 	F: 0 	 (1002) 	S: 1 	 (876) 	T: 2 	 (750) 	LAP 3
90.24 s > TEAM: 1 	F: 159 	 (752) 	S: 158 	 (751) 	T: 156 	 (750) 	LAP 3
120.24 s > TEAM: 0 	F: 0 	 (1254) 	S: 1 	 (1126) 	T: 2 	 (1000) 	LAP 4
120.24 s > TEAM: 1 	F: 159 	 (1002) 	S: 158 	 (1001) 	T: 156 	 (1000) 	LAP 4
150.24 s > TEAM: 0 	F: 0 	 (1625) 	S: 1 	 (1502) 	T: 2 	 (1250) 	LAP 5
150.24 s > TEAM: 1 	F: 159 	 (1252) 	S: 158 	 (1251) 	T: 156 	 (1250) 	LAP 5
180.24 s > TEAM: 0 	F: 0 	 (1875) 	S: 1 	 (1874) 	T: 2 	 (1500) 	LAP 6
180.24 s > TEAM: 1 	F: 159 	 (1504) 	S: 158 	 (1502) 	T: 156 	 (1500) 	LAP 6
210.24 s > TEAM: 0 	F: 1 	 (2250) 	S: 0 	 (2197) 	T: 2 	 (1750) 	LAP 7
210.24 s > TEAM: 1 	F: 158 	 (2002) 	S: 159 	 (2002) 	T: 156 	 (1750) 	LAP 7
225.30 s > TEAM: 0 	F: 1 	 (2501) 	S: 0 	 (2197) 	T: 2 	 (2000) 	LAP 8
240.24 s > TEAM: 1 	F: 158 	 (2498) 	S: 159 	 (2097) 	T: 156 	 (2000) 	LAP 8
255.36 s > TEAM: 1 	F: 158 	 (2749) 	S: 156 	 (2251) 	T: 155 	 (2250) 	LAP 9
270.36 s > TEAM: 0 	F: 1 	 (3001) 	S: 2 	 (2375) 	T: 3 	 (2250) 	LAP 9
285.36 s > TEAM: 1 	F: 158 	 (2998) 	S: 156 	 (2501) 	T: 155 	 (2500) 	LAP 10
300.36 s > TEAM: 0 	F: 1 	 (3251) 	S: 2 	 (2625) 	T: 3 	 (2500) 	LAP 10
315.48 s > TEAM: 1 	F: 158 	 (3249) 	S: 156 	 (2752) 	T: 80 	 (2750) 	LAP 11
330.36 s > TEAM: 0 	F: 1 	 (3502) 	S: 2 	 (2875) 	T: 3 	 (2750) 	LAP 11
345.48 s > TEAM: 1 	F: 158 	 (3499) 	S: 156 	 (3002) 	T: 80 	 (3000) 	LAP 12
360.36 s > TEAM: 0 	F: 1 	 (3876) 	S: 2 	 (3125) 	T: 3 	 (3000) 	LAP 12
375.48 s > TEAM: 1 	F: 158 	 (3749) 	S: 156 	 (3252) 	T: 80 	 (3250) 	LAP 13
390.36 s > TEAM: 0 	F: 1 	 (4000) 	S: 2 	 (3375) 	T: 3 	 (3250) 	LAP 13
405.48 s > TEAM: 1 	F: 158 	 (3999) 	S: 156 	 (3502) 	T: 80 	 (3500) 	LAP 14
420.36 s > TEAM: 0 	F: 1 	 (4000) 	S: 2 	 (3746) 	T: 3 	 (3500) 	LAP 14
435.48 s > TEAM: 1 	F: 158 	 (4000) 	S: 156 	 (3754) 	T: 80 	 (3750) 	LAP 15
450.36 s > TEAM: 0 	F: 1 	 (4000) 	S: 2 	 (3996) 	T: 3 	 (3750) 	LAP 15
465.36 s > TEAM: 0 	F: 1 	 (4000) 	S: 2 	 (4000) 	T: 3 	 (4000) 	LAP 16
465.72 s > TEAM: 1 	F: 80 	 (4000) 	S: 81 	 (4000) 	T: 158 	 (4000) 	LAP 16
Broken Team 0: 0 (8), 4 (8), 10 (5), 17 (6), 18 (12), 19 (6), 20 (9), 21 (14), 25 (3), 27 (15), 28 (10), 29 (3), 30 (8), 31 (1), 32 (8), 34 (6), 35 (9), 36 (11), 38 (7), 43 (15), 44 (13), 49 (13), 52 (6), 53 (2), 55 (13), 64 (10), 66 (14), 67 (12), 70 (2), 74 (15), 76 (4), 78 (14), 
Broken Team 1: 87 (11), 89 (4), 91 (1), 95 (7), 96 (15), 98 (1), 103 (5), 104 (0), 105 (2), 106 (13), 107 (8), 111 (12), 112 (1), 113 (6), 114 (12), 115 (2), 116 (6), 120 (6), 125 (1), 128 (5), 133 (15), 134 (3), 135 (10), 137 (7), 142 (6), 146 (11), 147 (4), 148 (4), 149 (8), 155 (10), 156 (15), 157 (14), 159 (8), 
Finishing order: 1 (375.27), 158 (405.63), 2 (450.81), 3 (465.39), 80 (465.51), 5 (465.63), 6 (465.75), 81 (465.75), 7 (465.87), 8 (465.99), 9 (466.11), 11 (466.35), 12 (466.47), 13 (466.59), 82 (480.75), 83 (480.99), 84 (481.11), 85 (481.23), 86 (481.35), 154 (481.59), 14 (481.71), 88 (481.71), 15 (481.83), 16 (481.95), 90 (481.95), 92 (482.19), 93 (482.31), 94 (482.43), 22 (482.67), 23 (482.79), 97 (482.79), 24 (482.91), 99 (483.03), 26 (483.15), 100 (483.15), 102 (483.27), 101 (483.39), 152 (483.87), 33 (483.99), 151 (483.99), 108 (484.23), 109 (484.35), 37 (484.47), 110 (484.59), 40 (484.71), 39 (484.83), 41 (484.95), 42 (485.07), 45 (485.43), 153 (485.43), 46 (485.55), 150 (485.55), 47 (485.67), 117 (485.67), 118 (485.79), 50 (485.91), 119 (485.91), 48 (486.03), 51 (486.15), 121 (486.27), 122 (486.39), 54 (486.51), 123 (486.63), 56 (486.75), 124 (486.75), 57 (486.87), 58 (486.99), 126 (486.99), 59 (487.11), 127 (487.11), 60 (487.23), 61 (487.35), 62 (487.47), 129 (487.47), 63 (487.59), 131 (487.59), 130 (487.71), 65 (487.83), 132 (487.83), 136 (487.95), 68 (488.19), 69 (488.31), 138 (488.31), 71 (488.55), 139 (488.55), 72 (488.67), 140 (488.67), 73 (488.79), 141 (488.79), 75 (489.03), 143 (489.03), 144 (489.15), 77 (489.27), 79 (489.39), 145 (489.39), 
Result: TEAM 0 WIN
