Mode: RANDOM
30.24 s > TEAM: 0 	F: 1 	 (254) 	S: 3 	 (251) 	T: 2 	 (250) 	LAP 1
30.24 s > TEAM: 1 	F: 159 	 (252) 	S: 80 	 (251) 	T: 81 	 (250) 	LAP 1
60.24 s > TEAM: 0 	F: 1 	 (752) 	S: 3 	 (501) 	T: 2 	 (500) 	LAP 2
60.24 s > TEAM: 1 	F: 159 	 (504) 	S: 80 	 (501) 	T: 81 	 (500) 	LAP 2
90.24 s > TEAM: 0 	F: 1 	 (1002) 	S: 3 	 (751) 	T: 2 	 (750) 	LAP 3
90.24 s > TEAM: 1 	F: 159 	 (877) 	S: 80 	 (751) 	T: 81 	 (750) 	LAP 3
120.24 s > TEAM: 0 	F: 1 	 (1254) 	S: 3 	 (1001) 	T: 2 	 (1000) 	LAP 4
120.24 s > TEAM: 1 	F: 159 	 (1127) 	S: 80 	 (1001) 	T: 81 	 (1000) 	LAP 4
150.24 s > TEAM: 0 	F: 1 	 (1754) 	S: 3 	 (1251) 	T: 2 	 (1250) 	LAP 5
150.24 s > TEAM: 1 	F: 159 	 (1502) 	S: 80 	 (1251) 	T: 81 	 (1250) 	LAP 5
180.24 s > TEAM: 0 	F: 1 	 (2252) 	S: 3 	 (1501) 	T: 2 	 (1500) 	LAP 6
180.24 s > TEAM: 1 	F: 159 	 (1752) 	S: 80 	 (1501) 	T: 81 	 (1500) 	LAP 6
210.24 s > TEAM: 0 	F: 1 	 (2504) 	S: 3 	 (1751) 	T: 2 	 (1750) 	LAP 7
210.24 s > TEAM: 1 	F: 159 	 (2002) 	S: 80 	 (1751) 	T: 81 	 (1750) 	LAP 7
240.24 s > TEAM: 0 	F: 1 	 (3002) 	S: 3 	 (2001) 	T: 2 	 (2000) 	LAP 8
240.24 s > TEAM: 1 	F: 159 	 (2252) 	S: 80 	 (2001) 	T: 81 	 (2000) 	LAP 8
270.24 s > TEAM: 0 	F: 1 	 (3254) 	S: 3 	 (2251) 	T: 2 	 (2250) 	LAP 9
270.24 s > TEAM: 1 	F: 159 	 (2504) 	S: 80 	 (2252) 	T: 81 	 (2250) 	LAP 9
300.24 s > TEAM: 0 	F: 1 	 (3627) 	S: 3 	 (2501) 	T: 2 	 (2500) 	LAP 10
300.24 s > TEAM: 1 	F: 159 	 (3004) 	S: 80 	 (2626) 	T: 81 	 (2500) 	LAP 10
330.24 s > TEAM: 0 	F: 1 	 (3999) 	S: 3 	 (2752) 	T: 2 	 (2750) 	LAP 11
330.24 s > TEAM: 1 	F: 159 	 (3375) 	S: 80 	 (2876) 	T: 81 	 (2750) 	LAP 11
360.24 s > TEAM: 0 	F: 1 	 (4000) 	S: 3 	 (3249) 	T: 2 	 (3000) 	LAP 12
360.24 s > TEAM: 1 	F: 159 	 (3625) 	S: 80 	 (3126) 	T: 81 	 (3000) 	LAP 12
375.24 s > TEAM: 0 	F: 1 	 (4000) 	S: 3 	 (3374) 	T: 2 	 (3250) 	LAP 13
390.24 s > TEAM: 1 	F: 159 	 (3875) 	S: 80 	 (3376) 	T: 81 	 (3250) 	LAP 13
405.24 s > TEAM: 0 	F: 1 	 (4000) 	S: 3 	 (3624) 	T: 2 	 (3500) 	LAP 14
420.24 s > TEAM: 1 	F: 159 	 (4000) 	S: 80 	 (3626) 	T: 81 	 (3500) 	LAP 14
435.24 s > TEAM: 0 	F: 1 	 (4000) 	S: 3 	 (3874) 	T: 2 	 (3750) 	LAP 15
450.24 s > TEAM: 1 	F: 159 	 (4000) 	S: 80 	 (3962) 	T: 81 	 (3750) 	LAP 15
465.24 s > TEAM: 0 	F: 1 	 (4000) 	S: 2 	 (4000) 	T: 3 	 (4000) 	LAP 16
480.60 s > TEAM: 1 	F: 81 	 (4000) 	S: 84 	 (4000) 	T: 159 	 (4000) 	LAP 16
Broken Team 0: 6 (12), 8 (7), 13 (3), 15 (3), 21 (5), 25 (4), 26 (0), 29 (12), 30 (8), 33 (10), 35 (14), 38 (0), 43 (4), 48 (9), 51 (3), 57 (5), 63 (2), 64 (13), 69 (5), 72 (6), 76 (4), 79 (4), 
Broken Team 1: 80 (15), 82 (10), 83 (9), 85 (0), 88 (11), 99 (2), 101 (5), 105 (8), 106 (0), 109 (13), 112 (3), 117 (7), 122 (13), 125 (9), 128 (13), 130 (6), 134 (9), 135 (13), 138 (12), 139 (14), 141 (6), 146 (12), 151 (5), 152 (0), 153 (12), 157 (11), 
Finishing order: 1 (330.39), 159 (405.27), 3 (450.33), 2 (465.27), 81 (465.27), 4 (480.39), 0 (480.51), 5 (480.63), 84 (480.63), 7 (480.99), 158 (480.99), 10 (481.11), 9 (481.23), 86 (481.23), 11 (481.35), 87 (481.35), 12 (481.47), 155 (481.47), 14 (481.59), 89 (481.71), 90 (481.83), 16 (481.95), 91 (481.95), 17 (482.07), 93 (482.07), 18 (482.19), 92 (482.19), 20 (482.31), 95 (482.31), 19 (482.43), 94 (482.43), 22 (482.55), 96 (482.55), 23 (482.67), 97 (482.67), 156 (482.79), 24 (482.91), 98 (482.91), 100 (483.15), 28 (483.27), 102 (483.39), 103 (483.51), 27 (483.63), 31 (483.75), 104 (483.75), 32 (483.87), 34 (483.99), 36 (484.23), 108 (484.35), 37 (484.47), 107 (484.47), 39 (484.59), 110 (484.59), 40 (484.71), 111 (484.71), 113 (484.83), 42 (484.95), 41 (485.07), 114 (485.07), 118 (485.19), 44 (485.31), 115 (485.31), 46 (485.43), 119 (485.43), 45 (485.55), 120 (485.55), 47 (485.67), 121 (485.67), 49 (485.91), 123 (485.91), 50 (486.03), 116 (486.03), 124 (486.15), 52 (486.27), 127 (486.27), 53 (486.39), 54 (486.51), 55 (486.63), 56 (486.75), 126 (486.75), 133 (486.87), 58 (486.99), 129 (486.99), 59 (487.11), 60 (487.23), 61 (487.35), 136 (487.35), 131 (487.47), 62 (487.59), 137 (487.59), 65 (487.83), 67 (487.95), 143 (487.95), 68 (488.07), 140 (488.19), 70 (488.31), 145 (488.31), 71 (488.43), 144 (488.43), 73 (488.55), 132 (488.55), 66 (488.67), 147 (488.67), 75 (488.79), 74 (488.91), 148 (488.91), 150 (489.03), 77 (489.27), 142 (489.27), 149 (489.39), 78 (489.51), 154 (489.51), 
Result: TEAM 0 WIN
