Mode: RANDOM
30.24 s > TEAM: 0 	F: 0 	 (252) 	S: 3 	 (251) 	T: 2 	 (250) 	LAP 1
30.24 s > TEAM: 1 	F: 159 	 (252) 	S: 80 	 (251) 	T: 81 	 (250) 	LAP 1
60.24 s > TEAM: 0 	F: 0 	 (504) 	S: 3 	 (501) 	T: 2 	 (500) 	LAP 2
60.24 s > TEAM: 1 	F: 159 	 (504) 	S: 80 	 (501) 	T: 81 	 (500) 	LAP 2
90.24 s > TEAM: 0 	F: 0 	 (877) 	S: 3 	 (751) 	T: 2 	 (750) 	LAP 3
90.24 s > TEAM: 1 	F: 159 	 (1004) 	S: 80 	 (751) 	T: 81 	 (750) 	LAP 3
120.24 s > TEAM: 0 	F: 0 	 (1127) 	S: 3 	 (1001) 	T: 2 	 (1000) 	LAP 4
120.24 s > TEAM: 1 	F: 159 	 (1502) 	S: 80 	 (1001) 	T: 81 	 (1000) 	LAP 4
150.24 s > TEAM: 0 	F: 0 	 (1502) 	S: 3 	 (1251) 	T: 2 	 (1250) 	LAP 5
150.24 s > TEAM: 1 	F: 159 	 (1752) 	S: 80 	 (1251) 	T: 81 	 (1250) 	LAP 5
180.24 s > TEAM: 0 	F: 0 	 (1754) 	S: 3 	 (1501) 	T: 2 	 (1500) 	LAP 6
180.24 s > TEAM: 1 	F: 159 	 (2002) 	S: 80 	 (1501) 	T: 81 	 (1500) 	LAP 6
210.24 s > TEAM: 0 	F: 0 	 (2127) 	S: 3 	 (1751) 	T: 2 	 (1750) 	LAP 7
210.24 s > TEAM: 1 	F: 159 	 (2254) 	S: 80 	 (1751) 	T: 81 	 (1750) 	LAP 7
240.24 s > TEAM: 0 	F: 0 	 (2504) 	S: 3 	 (2002) 	T: 2 	 (2000) 	LAP 8
240.24 s > TEAM: 1 	F: 159 	 (2627) 	S: 80 	 (2001) 	T: 81 	 (2000) 	LAP 8
270.24 s > TEAM: 0 	F: 0 	 (2877) 	S: 3 	 (2393) 	T: 2 	 (2250) 	LAP 9
270.24 s > TEAM: 1 	F: 159 	 (3002) 	S: 80 	 (2251) 	T: 81 	 (2250) 	LAP 9
300.24 s > TEAM: 1 	F: 159 	 (3254) 	S: 80 	 (2501) 	T: 81 	 (2500) 	LAP 10
300.36 s > TEAM: 0 	F: 0 	 (3128) 	S: 2 	 (2501) 	T: 5 	 (2500) 	LAP 10
330.24 s > TEAM: 1 	F: 159 	 (3752) 	S: 80 	 (2751) 	T: 81 	 (2750) 	LAP 11
330.36 s > TEAM: 0 	F: 0 	 (3506) 	S: 2 	 (2752) 	T: 5 	 (2750) 	LAP 11
345.36 s > TEAM: 0 	F: 0 	 (3753) 	S: 2 	 (3001) 	T: 5 	 (3000) 	LAP 12
360.48 s > TEAM: 1 	F: 159 	 (4000) 	S: 80 	 (3003) 	T: 83 	 (3000) 	LAP 12
390.48 s > TEAM: 0 	F: 0 	 (4000) 	S: 2 	 (3502) 	T: 6 	 (3250) 	LAP 13
390.48 s > TEAM: 1 	F: 159 	 (4000) 	S: 80 	 (3256) 	T: 83 	 (3250) 	LAP 13
420.48 s > TEAM: 0 	F: 0 	 (4000) 	S: 2 	 (3752) 	T: 6 	 (3500) 	LAP 14
420.48 s > TEAM: 1 	F: 159 	 (4000) 	S: 80 	 (3628) 	T: 83 	 (3500) 	LAP 14
450.48 s > TEAM: 0 	F: 0 	 (4000) 	S: 2 	 (4000) 	T: 6 	 (3750) 	LAP 15
450.48 s > TEAM: 1 	F: 80 	 (4000) 	S: 159 	 (4000) 	T: 83 	 (3750) 	LAP 15
465.48 s > TEAM: 1 	F: 80 	 (4000) 	S: 83 	 (4000) 	T: 159 	 (4000) 	LAP 16
480.48 s > TEAM: 0 	F: 0 	 (4000) 	S: 2 	 (4000) 	T: 6 	 (4000) 	LAP 16
Broken Team 0: 3 (9), 5 (12), 10 (2), 11 (10), 13 (7), 14 (10), 16 (3), 19 (12), 24 (4), 25 (4), 33 (5), 34 (15), 39 (10), 47 (7), 52 (5), 57 (6), 58 (11), 60 (12), 62 (13), 63 (3), 65 (7), 66 (14), 69 (9), 70 (0), 72 (2), 75 (8), 78 (2), 
Broken Team 1: 81 (11), 82 (3), 85 (2), 88 (3), 89 (0), 92 (2), 96 (11), 98 (0), 108 (4), 114 (4), 115 (2), 116 (0), 119 (2), 121 (11), 123 (12), 125 (8), 127 (8), 129 (1), 131 (0), 140 (5), 144 (15), 146 (4), 147 (1), 149 (0), 150 (2), 152 (0), 153 (1), 156 (15), 
Finishing order: 159 (360.03), 0 (375.03), 80 (450.15), 2 (450.27), 83 (465.51), 84 (465.63), 6 (480.51), 1 (480.63), 4 (480.75), 7 (480.87), 86 (480.87), 8 (480.99), 158 (480.99), 9 (481.11), 87 (481.11), 12 (481.47), 90 (481.47), 91 (481.59), 93 (481.71), 15 (481.83), 94 (481.83), 95 (481.95), 18 (482.07), 17 (482.19), 97 (482.19), 20 (482.43), 99 (482.43), 21 (482.55), 100 (482.55), 22 (482.67), 101 (482.67), 23 (482.79), 102 (482.79), 103 (482.91), 104 (483.03), 26 (483.15), 105 (483.15), 29 (483.27), 30 (483.39), 106 (483.39), 28 (483.51), 107 (483.51), 64 (483.75), 109 (483.75), 31 (483.87), 110 (483.87), 36 (483.99), 111 (483.99), 32 (484.11), 112 (484.11), 37 (484.23), 113 (484.23), 43 (484.47), 40 (484.71), 118 (484.71), 38 (484.83), 117 (484.83), 44 (484.95), 42 (485.07), 120 (485.07), 45 (485.19), 46 (485.31), 122 (485.31), 48 (485.43), 49 (485.55), 124 (485.55), 51 (485.67), 50 (485.79), 126 (485.79), 53 (485.91), 130 (485.91), 55 (486.03), 61 (486.15), 67 (486.27), 132 (486.27), 133 (486.39), 68 (486.63), 134 (486.63), 135 (486.75), 136 (486.87), 71 (486.99), 137 (486.99), 56 (487.11), 138 (487.11), 139 (487.35), 141 (487.47), 73 (487.59), 142 (487.71), 79 (487.83), 148 (487.83), 41 (488.19), 151 (488.19), 154 (488.55), 59 (488.67), 155 (488.67), 54 (488.79), 157 (488.79), 27 (488.91), 143 (489.03), 35 (489.15), 145 (489.15), 74 (489.27), 76 (489.39), 128 (489.39), 77 (489.51), 
Result: TEAM 1 WIN
