Mode: RANDOM
30.24 s > TEAM: 0 	F: 0 	 (254) 	S: 1 	 (251) 	T: 2 	 (250) 	LAP 1
30.24 s > TEAM: 1 	F: 159 	 (254) 	S: 80 	 (251) 	T: 156 	 (250) 	LAP 1
60.24 s > TEAM: 0 	F: 0 	 (627) 	S: 1 	 (501) 	T: 2 	 (500) 	LAP 2
60.24 s > TEAM: 1 	F: 159 	 (752) 	S: 80 	 (501) 	T: 156 	 (500) 	LAP 2
90.24 s > TEAM: 0 	F: 0 	 (877) 	S: 1 	 (751) 	T: 2 	 (750) 	LAP 3
90.24 s > TEAM: 1 	F: 159 	 (1002) 	S: 80 	 (751) 	T: 156 	 (750) 	LAP 3
120.24 s > TEAM: 0 	F: 0 	 (1254) 	S: 1 	 (1001) 	T: 2 	 (1000) 	LAP 4
120.24 s > TEAM: 1 	F: 159 	 (1252) 	S: 80 	 (1001) 	T: 156 	 (1000) 	LAP 4
150.24 s > TEAM: 0 	F: 0 	 (1627) 	S: 1 	 (1251) 	T: 2 	 (1250) 	LAP 5
150.24 s > TEAM: 1 	F: 159 	 (1504) 	S: 80 	 (1252) 	T: 156 	 (1250) 	LAP 5
165.24 s > TEAM: 1 	F: 159 	 (1754) 	S: 80 	 (1502) 	T: 156 	 (1500) 	LAP 6
180.36 s > TEAM: 0 	F: 0 	 (1878) 	S: 1 	 (1502) 	T: 3 	 (1500) 	LAP 6
195.24 s > TEAM: 1 	F: 159 	 (2254) 	S: 80 	 (1876) 	T: 156 	 (1750) 	LAP 7
210.36 s > TEAM: 0 	F: 0 	 (2011) 	S: 1 	 (1754) 	T: 3 	 (1750) 	LAP 7
225.24 s > TEAM: 1 	F: 159 	 (2752) 	S: 80 	 (2251) 	T: 156 	 (2000) 	LAP 8
240.36 s > TEAM: 0 	F: 1 	 (2252) 	S: 0 	 (2011) 	T: 3 	 (2000) 	LAP 8
255.24 s > TEAM: 1 	F: 159 	 (3004) 	S: 80 	 (2501) 	T: 156 	 (2250) 	LAP 9
270.48 s > TEAM: 0 	F: 1 	 (2503) 	S: 3 	 (2251) 	T: 4 	 (2250) 	LAP 9
285.24 s > TEAM: 1 	F: 159 	 (3500) 	S: 80 	 (2751) 	T: 156 	 (2500) 	LAP 10
300.48 s > TEAM: 0 	F: 1 	 (2756) 	S: 3 	 (2502) 	T: 4 	 (2500) 	LAP 10
315.24 s > TEAM: 1 	F: 159 	 (3813) 	S: 80 	 (3001) 	T: 156 	 (2750) 	LAP 11
330.48 s > TEAM: 0 	F: 1 	 (3253) 	S: 3 	 (2814) 	T: 4 	 (2750) 	LAP 11
345.24 s > TEAM: 1 	F: 159 	 (4000) 	S: 80 	 (3251) 	T: 156 	 (3000) 	LAP 12
360.48 s > TEAM: 0 	F: 1 	 (3503) 	S: 3 	 (3252) 	T: 4 	 (3000) 	LAP 12
375.24 s > TEAM: 1 	F: 159 	 (4000) 	S: 80 	 (3502) 	T: 156 	 (3250) 	LAP 13
390.48 s > TEAM: 0 	F: 1 	 (3756) 	S: 3 	 (3504) 	T: 4 	 (3250) 	LAP 13
405.24 s > TEAM: 1 	F: 159 	 (4000) 	S: 80 	 (3876) 	T: 156 	 (3500) 	LAP 14
405.48 s > TEAM: 0 	F: 1 	 (4000) 	S: 3 	 (3754) 	T: 4 	 (3500) 	LAP 14
435.24 s > TEAM: 1 	F: 80 	 (4000) 	S: 159 	 (4000) 	T: 156 	 (3750) 	LAP 15
435.48 s > TEAM: 0 	F: 1 	 (4000) 	S: 3 	 (4000) 	T: 4 	 (3750) 	LAP 15
450.48 s > TEAM: 0 	F: 1 	 (4000) 	S: 3 	 (4000) 	T: 4 	 (4000) 	LAP 16
465.24 s > TEAM: 1 	F: 80 	 (4000) 	S: 156 	 (4000) 	T: 159 	 (4000) 	LAP 16
Broken Team 0: 0 (8), 2 (5), 6 (2), 10 (2), 11 (6), 15 (2), 19 (1), 26 (3), 27 (4), 34 (14), 37 (2), 38 (15), 40 (6), 51 (4), 53 (10), 54 (9), 56 (1), 59 (0), 61 (0), 62 (12), 66 (9), 67 (10), 69 (10), 71 (2), 78 (0), 79 (3), 
Broken Team 1: 82 (11), 83 (12), 84 (13), 86 (3), 88 (4), 89 (6), 90 (11), 91 (15), 92 (7), 95 (2), 102 (4), 105 (0), 106 (10), 107 (0), 112 (11), 120 (9), 125 (13), 131 (2), 135 (11), 137 (2), 139 (6), 142 (2), 143 (13), 150 (0), 151 (11), 152 (6), 
Finishing order: 159 (337.71), 1 (405.15), 80 (420.15), 3 (420.27), 4 (450.51), 5 (450.57), 156 (465.27), 7 (465.87), 8 (465.99), 9 (466.11), 157 (480.39), 81 (480.51), 85 (480.99), 155 (481.11), 158 (481.35), 14 (481.47), 13 (481.59), 87 (481.59), 17 (481.71), 111 (481.71), 18 (481.95), 20 (482.07), 21 (482.19), 23 (482.31), 57 (482.43), 94 (482.43), 52 (482.55), 113 (482.67), 22 (482.79), 97 (482.79), 16 (482.91), 96 (482.91), 24 (483.03), 93 (483.03), 25 (483.15), 98 (483.15), 99 (483.27), 100 (483.39), 29 (483.51), 103 (483.51), 104 (483.75), 30 (483.87), 101 (483.99), 114 (484.11), 116 (484.35), 33 (484.47), 115 (484.47), 41 (484.59), 46 (484.71), 117 (484.71), 42 (484.83), 118 (484.83), 39 (484.95), 119 (484.95), 45 (485.07), 109 (485.07), 47 (485.19), 43 (485.31), 122 (485.31), 44 (485.43), 121 (485.43), 50 (485.55), 123 (485.55), 48 (485.67), 124 (485.67), 32 (485.79), 126 (485.91), 49 (486.03), 128 (486.03), 129 (486.15), 127 (486.27), 58 (486.39), 130 (486.39), 133 (486.51), 134 (486.63), 64 (486.75), 68 (486.87), 65 (486.99), 136 (487.11), 55 (487.23), 140 (487.23), 70 (487.35), 132 (487.35), 146 (487.59), 72 (487.71), 141 (487.71), 75 (487.83), 74 (487.95), 147 (487.95), 60 (488.07), 138 (488.07), 148 (488.19), 76 (488.31), 149 (488.31), 73 (488.43), 144 (488.43), 77 (488.55), 145 (488.79), 35 (488.91), 153 (488.91), 28 (489.03), 154 (489.03), 12 (489.15), 63 (489.27), 108 (489.27), 36 (489.39), 110 (489.39), 31 (489.51), 
Result: TEAM 1 WIN*
