Mode: RANDOM
30.24 s > TEAM: 0 	F: 0 	 (254) 	S: 1 	 (251) 	T: 3 	 (250) 	LAP 1
30.24 s > TEAM: 1 	F: 159 	 (254) 	S: 80 	 (252) 	T: 158 	 (250) 	LAP 1
60.24 s > TEAM: 0 	F: 0 	 (627) 	S: 1 	 (501) 	T: 3 	 (500) 	LAP 2
60.24 s > TEAM: 1 	F: 80 	 (752) 	S: 159 	 (627) 	T: 158 	 (500) 	LAP 2
90.24 s > TEAM: 0 	F: 0 	 (877) 	S: 1 	 (751) 	T: 3 	 (750) 	LAP 3
90.24 s > TEAM: 1 	F: 80 	 (1126) 	S: 159 	 (877) 	T: 158 	 (750) 	LAP 3
120.24 s > TEAM: 0 	F: 0 	 (1127) 	S: 1 	 (1001) 	T: 3 	 (1000) 	LAP 4
120.24 s > TEAM: 1 	F: 80 	 (1376) 	S: 159 	 (1127) 	T: 158 	 (1000) 	LAP 4
150.24 s > TEAM: 0 	F: 0 	 (1500) 	S: 1 	 (1251) 	T: 3 	 (1250) 	LAP 5
150.24 s > TEAM: 1 	F: 80 	 (1626) 	S: 159 	 (1377) 	T: 158 	 (1250) 	LAP 5
180.24 s > TEAM: 0 	F: 0 	 (1750) 	S: 1 	 (1501) 	T: 3 	 (1500) 	LAP 6
180.24 s > TEAM: 1 	F: 80 	 (2002) 	S: 159 	 (1627) 	T: 158 	 (1500) 	LAP 6
210.24 s > TEAM: 0 	F: 0 	 (2000) 	S: 1 	 (1751) 	T: 3 	 (1750) 	LAP 7
210.36 s > TEAM: 1 	F: 80 	 (2375) 	S: 159 	 (1878) 	T: 81 	 (1750) 	LAP 7
240.24 s > TEAM: 0 	F: 0 	 (2375) 	S: 1 	 (2001) 	T: 3 	 (2000) 	LAP 8
240.36 s > TEAM: 1 	F: 80 	 (2625) 	S: 159 	 (2128) 	T: 81 	 (2000) 	LAP 8
270.24 s > TEAM: 0 	F: 0 	 (2750) 	S: 1 	 (2251) 	T: 3 	 (2250) 	LAP 9
270.36 s > TEAM: 1 	F: 80 	 (3000) 	S: 159 	 (2378) 	T: 81 	 (2250) 	LAP 9
300.24 s > TEAM: 0 	F: 0 	 (3121) 	S: 1 	 (2502) 	T: 3 	 (2500) 	LAP 10
300.36 s > TEAM: 1 	F: 80 	 (3250) 	S: 159 	 (2628) 	T: 81 	 (2500) 	LAP 10
330.24 s > TEAM: 0 	F: 0 	 (3121) 	S: 1 	 (2873) 	T: 3 	 (2750) 	LAP 11
330.36 s > TEAM: 1 	F: 80 	 (3500) 	S: 159 	 (2878) 	T: 81 	 (2750) 	LAP 11
345.60 s > TEAM: 0 	F: 0 	 (3121) 	S: 1 	 (3001) 	T: 3 	 (3000) 	LAP 12
360.36 s > TEAM: 1 	F: 80 	 (3750) 	S: 159 	 (3128) 	T: 81 	 (3000) 	LAP 12
390.36 s > TEAM: 0 	F: 1 	 (3437) 	S: 3 	 (3373) 	T: 2 	 (3250) 	LAP 13
390.36 s > TEAM: 1 	F: 80 	 (4000) 	S: 159 	 (3497) 	T: 81 	 (3250) 	LAP 13
420.36 s > TEAM: 0 	F: 1 	 (3687) 	S: 3 	 (3623) 	T: 2 	 (3500) 	LAP 14
420.36 s > TEAM: 1 	F: 80 	 (4000) 	S: 159 	 (3747) 	T: 81 	 (3500) 	LAP 14
450.36 s > TEAM: 0 	F: 1 	 (3937) 	S: 3 	 (3873) 	T: 2 	 (3750) 	LAP 15
450.36 s > TEAM: 1 	F: 80 	 (4000) 	S: 159 	 (3997) 	T: 81 	 (3750) 	LAP 15
465.36 s > TEAM: 1 	F: 80 	 (4000) 	S: 81 	 (4000) 	T: 159 	 (4000) 	LAP 16
480.36 s > TEAM: 0 	F: 1 	 (4000) 	S: 2 	 (4000) 	T: 3 	 (4000) 	LAP 16
Broken Team 0: 0 (12), 5 (12), 6 (8), 10 (4), 11 (12), 13 (6), 18 (15), 22 (11), 27 (11), 29 (8), 35 (1), 45 (12), 48 (4), 49 (11), 50 (3), 53 (1), 55 (8), 57 (4), 58 (5), 59 (9), 61 (0), 66 (2), 69 (1), 70 (11), 73 (7), 74 (12), 79 (4), 
Broken Team 1: 85 (2), 87 (2), 89 (4), 91 (9), 100 (9), 101 (7), 103 (2), 104 (4), 105 (12), 107 (13), 108 (15), 109 (13), 113 (3), 114 (0), 116 (12), 117 (0), 120 (13), 127 (5), 133 (15), 136 (3), 137 (9), 140 (3), 146 (3), 151 (14), 152 (8), 153 (8), 155 (12), 158 (6), 
Finishing order: 80 (375.39), 159 (450.75), 1 (457.95), 81 (465.39), 3 (465.63), 2 (480.39), 4 (480.51), 82 (480.51), 83 (480.63), 84 (480.75), 7 (480.87), 8 (480.99), 86 (480.99), 9 (481.11), 88 (481.23), 12 (481.47), 90 (481.47), 14 (481.71), 92 (481.71), 15 (481.83), 156 (481.83), 16 (481.95), 93 (481.95), 17 (482.07), 94 (482.07), 157 (482.19), 19 (482.31), 95 (482.31), 62 (482.43), 96 (482.43), 97 (482.55), 20 (482.67), 21 (482.79), 99 (482.79), 98 (482.91), 23 (483.03), 24 (483.15), 25 (483.27), 102 (483.27), 26 (483.39), 63 (483.51), 28 (483.75), 106 (483.87), 31 (483.99), 30 (484.11), 32 (484.23), 33 (484.35), 110 (484.35), 36 (484.47), 111 (484.47), 34 (484.59), 112 (484.59), 37 (484.83), 39 (484.95), 115 (484.95), 41 (485.07), 42 (485.19), 40 (485.31), 118 (485.31), 43 (485.43), 119 (485.43), 44 (485.55), 121 (485.67), 46 (485.79), 123 (485.79), 47 (485.91), 122 (485.91), 124 (486.03), 126 (486.15), 125 (486.27), 51 (486.39), 52 (486.51), 128 (486.51), 54 (486.63), 129 (486.63), 131 (486.75), 130 (486.87), 56 (486.99), 132 (487.11), 134 (487.23), 135 (487.35), 64 (487.47), 67 (487.59), 65 (487.71), 138 (487.71), 68 (487.83), 141 (487.95), 143 (488.07), 144 (488.19), 60 (488.31), 145 (488.31), 72 (488.43), 142 (488.43), 149 (488.67), 75 (488.79), 147 (488.79), 77 (488.91), 150 (488.91), 71 (489.03), 76 (489.15), 148 (489.15), 78 (489.27), 154 (489.39), 38 (489.51), 139 (489.51), 
Result: TEAM 1 WIN
