Mode: RANDOM
30.24 s > TEAM: 0 	F: 2 	 (252) 	S: 0 	 (251) 	T: 4 	 (250) 	LAP 1
30.24 s > TEAM: 1 	F: 159 	 (252) 	S: 156 	 (251) 	T: 155 	 (250) 	LAP 1
60.24 s > TEAM: 0 	F: 2 	 (502) 	S: 0 	 (501) 	T: 4 	 (500) 	LAP 2
60.24 s > TEAM: 1 	F: 159 	 (502) 	S: 156 	 (501) 	T: 155 	 (500) 	LAP 2
90.24 s > TEAM: 0 	F: 2 	 (754) 	S: 0 	 (752) 	T: 4 	 (750) 	LAP 3
90.36 s > TEAM: 1 	F: 159 	 (756) 	S: 156 	 (754) 	T: 153 	 (750) 	LAP 3
105.36 s > TEAM: 1 	F: 159 	 (1006) 	S: 156 	 (1004) 	T: 153 	 (1000) 	LAP 4
120.24 s > TEAM: 0 	F: 2 	 (1127) 	S: 0 	 (1126) 	T: 4 	 (1000) 	LAP 4
120.36 s > TEAM: 1 	F: 159 	 (1256) 	S: 156 	 (1254) 	T: 153 	 (1250) 	LAP 5
150.24 s > TEAM: 0 	F: 2 	 (1492) 	S: 0 	 (1490) 	T: 4 	 (1250) 	LAP 5
150.36 s > TEAM: 1 	F: 156 	 (1617) 	S: 159 	 (1615) 	T: 153 	 (1500) 	LAP 6
165.24 s > TEAM: 0 	F: 2 	 (1617) 	S: 0 	 (1615) 	T: 4 	 (1500) 	LAP 6
166.56 s > TEAM: 1 	F: 156 	 (1752) 	S: 153 	 (1750) 	T: 159 	 (1750) 	LAP 7
181.56 s > TEAM: 0 	F: 2 	 (1753) 	S: 0 	 (1751) 	T: 4 	 (1750) 	LAP 7
196.62 s > TEAM: 1 	F: 156 	 (2002) 	S: 153 	 (2000) 	T: 159 	 (2000) 	LAP 8
211.56 s > TEAM: 0 	F: 2 	 (2002) 	S: 0 	 (2001) 	T: 4 	 (2000) 	LAP 8
226.80 s > TEAM: 1 	F: 159 	 (2252) 	S: 85 	 (2251) 	T: 153 	 (2250) 	LAP 9
241.56 s > TEAM: 0 	F: 2 	 (2253) 	S: 0 	 (2251) 	T: 4 	 (2250) 	LAP 9
271.56 s > TEAM: 0 	F: 2 	 (2503) 	S: 0 	 (2501) 	T: 4 	 (2500) 	LAP 10
285.54 s > TEAM: 1 	F: 159 	 (2741) 	S: 85 	 (2740) 	T: 136 	 (2500) 	LAP 10
301.56 s > TEAM: 0 	F: 2 	 (2753) 	S: 0 	 (2752) 	T: 4 	 (2750) 	LAP 11
315.54 s > TEAM: 1 	F: 159 	 (2991) 	S: 85 	 (2990) 	T: 136 	 (2750) 	LAP 11
331.56 s > TEAM: 0 	F: 2 	 (3003) 	S: 0 	 (3001) 	T: 4 	 (3000) 	LAP 12
345.54 s > TEAM: 1 	F: 159 	 (3244) 	S: 85 	 (3052) 	T: 136 	 (3000) 	LAP 12
361.56 s > TEAM: 0 	F: 2 	 (3254) 	S: 0 	 (3251) 	T: 4 	 (3250) 	LAP 13
375.72 s > TEAM: 1 	F: 159 	 (3496) 	S: 136 	 (3251) 	T: 154 	 (3250) 	LAP 13
405.72 s > TEAM: 1 	F: 159 	 (3746) 	S: 136 	 (3501) 	T: 154 	 (3500) 	LAP 14
420.36 s > TEAM: 0 	F: 2 	 (3744) 	S: 4 	 (3740) 	T: 1 	 (3500) 	LAP 14
435.72 s > TEAM: 1 	F: 159 	 (3996) 	S: 136 	 (3751) 	T: 154 	 (3750) 	LAP 15
450.36 s > TEAM: 0 	F: 2 	 (3994) 	S: 4 	 (3990) 	T: 1 	 (3750) 	LAP 15
465.72 s > TEAM: 1 	F: 136 	 (4000) 	S: 154 	 (4000) 	T: 159 	 (4000) 	LAP 16
480.36 s > TEAM: 0 	F: 1 	 (4000) 	S: 2 	 (4000) 	T: 4 	 (4000) 	LAP 16
Broken Team 0: 0 (13), 7 (4), 8 (3), 13 (3), 16 (11), 18 (12), 22 (3), 28 (8), 39 (5), 43 (13), 44 (0), 48 (3), 56 (7), 57 (9), 58 (3), 59 (14), 
Broken Team 1: 80 (14), 82 (9), 83 (8), 84 (5), 85 (12), 86 (12), 88 (8), 89 (9), 92 (7), 93 (13), 100 (4), 103 (1), 105 (2), 107 (4), 113 (0), 114 (9), 115 (2), 117 (14), 119 (14), 120 (12), 123 (8), 124 (15), 129 (4), 130 (11), 131 (8), 132 (6), 133 (11), 137 (14), 139 (9), 142 (10), 153 (9), 155 (2), 156 (8), 157 (3), 158 (11), 
Finishing order: 159 (436.23), 2 (451.11), 4 (451.59), 136 (465.57), 154 (465.75), 87 (465.99), 1 (480.39), 3 (480.51), 9 (480.87), 5 (480.99), 10 (481.11), 12 (481.23), 11 (481.35), 17 (481.47), 101 (481.59), 14 (481.71), 81 (481.71), 15 (481.95), 20 (482.07), 104 (482.07), 19 (482.19), 90 (482.31), 23 (482.43), 24 (482.55), 97 (482.55), 25 (482.67), 95 (482.67), 21 (482.79), 26 (482.91), 102 (482.91), 27 (483.03), 98 (483.03), 94 (483.15), 29 (483.27), 99 (483.27), 30 (483.39), 31 (483.51), 32 (483.63), 106 (483.63), 33 (483.75), 35 (483.87), 126 (483.87), 36 (483.99), 108 (483.99), 34 (484.11), 109 (484.11), 37 (484.23), 110 (484.23), 38 (484.35), 111 (484.35), 40 (484.47), 112 (484.47), 41 (484.71), 42 (484.83), 46 (484.95), 116 (484.95), 47 (485.19), 118 (485.19), 45 (485.31), 121 (485.55), 50 (485.67), 122 (485.67), 51 (485.79), 52 (485.91), 125 (485.91), 54 (486.03), 49 (486.15), 127 (486.15), 53 (486.27), 128 (486.27), 55 (486.39), 60 (486.87), 62 (486.99), 134 (486.99), 135 (487.11), 61 (487.23), 138 (487.23), 63 (487.35), 64 (487.47), 140 (487.47), 66 (487.59), 141 (487.59), 65 (487.71), 67 (487.83), 69 (487.95), 143 (487.95), 70 (488.07), 144 (488.07), 71 (488.19), 146 (488.19), 72 (488.31), 73 (488.43), 147 (488.43), 74 (488.55), 145 (488.55), 78 (488.67), 148 (488.67), 68 (488.79), 149 (488.79), 79 (488.91), 150 (488.91), 75 (489.03), 151 (489.03), 76 (489.15), 152 (489.15), 6 (489.27), 77 (489.39), 91 (489.39), 96 (489.51), 
Result: TEAM 1 WIN*
