Mode: RANDOM
30.24 s > TEAM: 0 	F: 0 	 (252) 	S: 1 	 (251) 	T: 2 	 (250) 	LAP 1
30.24 s > TEAM: 1 	F: 159 	 (254) 	S: 80 	 (251) 	T: 81 	 (250) 	LAP 1
60.24 s > TEAM: 0 	F: 0 	 (502) 	S: 1 	 (501) 	T: 2 	 (500) 	LAP 2
60.24 s > TEAM: 1 	F: 159 	 (627) 	S: 80 	 (501) 	T: 81 	 (500) 	LAP 2
90.24 s > TEAM: 0 	F: 0 	 (754) 	S: 1 	 (752) 	T: 2 	 (750) 	LAP 3
90.24 s > TEAM: 1 	F: 159 	 (877) 	S: 80 	 (751) 	T: 81 	 (750) 	LAP 3
105.24 s > TEAM: 0 	F: 0 	 (1004) 	S: 1 	 (1001) 	T: 2 	 (1000) 	LAP 4
120.24 s > TEAM: 1 	F: 159 	 (1127) 	S: 80 	 (1001) 	T: 81 	 (1000) 	LAP 4
150.24 s > TEAM: 1 	F: 159 	 (1377) 	S: 80 	 (1251) 	T: 81 	 (1250) 	LAP 5
150.36 s > TEAM: 0 	F: 0 	 (1503) 	S: 1 	 (1377) 	T: 3 	 (1250) 	LAP 5
180.24 s > TEAM: 1 	F: 159 	 (1750) 	S: 80 	 (1501) 	T: 81 	 (1500) 	LAP 6
180.36 s > TEAM: 0 	F: 0 	 (1753) 	S: 1 	 (1627) 	T: 3 	 (1500) 	LAP 6
210.24 s > TEAM: 1 	F: 159 	 (2000) 	S: 80 	 (1751) 	T: 81 	 (1750) 	LAP 7
210.36 s > TEAM: 0 	F: 0 	 (2006) 	S: 1 	 (1877) 	T: 3 	 (1750) 	LAP 7
240.24 s > TEAM: 1 	F: 159 	 (2490) 	S: 80 	 (2002) 	T: 81 	 (2000) 	LAP 8
240.48 s > TEAM: 0 	F: 0 	 (2379) 	S: 3 	 (2001) 	T: 4 	 (2000) 	LAP 8
270.24 s > TEAM: 1 	F: 159 	 (2990) 	S: 80 	 (2376) 	T: 81 	 (2250) 	LAP 9
270.48 s > TEAM: 0 	F: 0 	 (2754) 	S: 3 	 (2251) 	T: 4 	 (2250) 	LAP 9
300.24 s > TEAM: 1 	F: 159 	 (3245) 	S: 80 	 (2626) 	T: 81 	 (2500) 	LAP 10
300.48 s > TEAM: 0 	F: 0 	 (3004) 	S: 3 	 (2501) 	T: 4 	 (2500) 	LAP 10
330.24 s > TEAM: 1 	F: 159 	 (3495) 	S: 80 	 (2876) 	T: 81 	 (2750) 	LAP 11
330.48 s > TEAM: 0 	F: 0 	 (3254) 	S: 3 	 (2751) 	T: 4 	 (2750) 	LAP 11
360.24 s > TEAM: 1 	F: 159 	 (3745) 	S: 80 	 (3126) 	T: 81 	 (3000) 	LAP 12
360.48 s > TEAM: 0 	F: 0 	 (3504) 	S: 3 	 (3001) 	T: 4 	 (3000) 	LAP 12
390.24 s > TEAM: 1 	F: 159 	 (4000) 	S: 80 	 (3376) 	T: 81 	 (3250) 	LAP 13
390.48 s > TEAM: 0 	F: 0 	 (3754) 	S: 3 	 (3251) 	T: 4 	 (3250) 	LAP 13
420.24 s > TEAM: 1 	F: 159 	 (4000) 	S: 80 	 (3752) 	T: 81 	 (3500) 	LAP 14
420.48 s > TEAM: 0 	F: 0 	 (4000) 	S: 3 	 (3501) 	T: 4 	 (3500) 	LAP 14
435.24 s > TEAM: 1 	F: 80 	 (4000) 	S: 159 	 (4000) 	T: 81 	 (3750) 	LAP 15
450.48 s > TEAM: 0 	F: 0 	 (4000) 	S: 3 	 (3751) 	T: 4 	 (3750) 	LAP 15
465.24 s > TEAM: 1 	F: 80 	 (4000) 	S: 81 	 (4000) 	T: 159 	 (4000) 	LAP 16
480.48 s > TEAM: 0 	F: 0 	 (4000) 	S: 3 	 (4000) 	T: 4 	 (4000) 	LAP 16
Broken Team 0: 1 (7), 2 (4), 5 (2), 15 (14), 17 (12), 20 (1), 21 (12), 22 (13), 23 (4), 30 (3), 35 (1), 40 (0), 42 (0), 43 (4), 47 (7), 51 (9), 52 (4), 54 (2), 58 (1), 59 (7), 74 (2), 76 (9), 
Broken Team 1: 86 (2), 87 (3), 91 (13), 100 (4), 103 (13), 105 (0), 106 (14), 114 (14), 115 (7), 120 (2), 123 (4), 127 (12), 130 (9), 131 (2), 142 (9), 147 (13), 
Finishing order: 159 (375.81), 0 (420.03), 80 (435.15), 81 (465.27), 3 (480.39), 157 (480.39), 4 (480.51), 82 (480.51), 156 (480.63), 7 (480.75), 83 (480.75), 6 (480.87), 84 (480.87), 8 (480.99), 158 (480.99), 10 (481.11), 85 (481.11), 11 (481.23), 12 (481.35), 9 (481.47), 88 (481.47), 13 (481.59), 89 (481.59), 14 (481.71), 90 (481.71), 16 (481.95), 92 (481.95), 93 (482.07), 18 (482.19), 95 (482.19), 19 (482.31), 94 (482.31), 96 (482.43), 97 (482.55), 98 (482.67), 99 (482.79), 24 (482.91), 25 (483.03), 27 (483.15), 101 (483.15), 28 (483.27), 104 (483.27), 26 (483.39), 102 (483.39), 29 (483.51), 155 (483.51), 31 (483.63), 32 (483.75), 153 (483.75), 108 (483.87), 33 (483.99), 109 (483.99), 34 (484.11), 112 (484.23), 38 (484.35), 111 (484.35), 36 (484.47), 107 (484.47), 37 (484.59), 113 (484.59), 39 (484.71), 110 (484.71), 152 (484.83), 41 (484.95), 116 (485.19), 44 (485.31), 117 (485.31), 45 (485.43), 118 (485.43), 46 (485.55), 119 (485.55), 48 (485.79), 121 (485.79), 49 (485.91), 122 (485.91), 50 (486.03), 124 (486.15), 125 (486.27), 126 (486.39), 55 (486.51), 53 (486.63), 129 (486.63), 56 (486.75), 128 (486.75), 57 (486.87), 132 (486.99), 60 (487.11), 133 (487.23), 61 (487.35), 134 (487.35), 62 (487.47), 135 (487.47), 64 (487.59), 136 (487.59), 65 (487.71), 149 (487.71), 63 (487.83), 138 (487.83), 66 (487.95), 150 (487.95), 67 (488.07), 137 (488.07), 68 (488.19), 148 (488.19), 69 (488.31), 139 (488.31), 70 (488.43), 140 (488.43), 71 (488.55), 144 (488.55), 72 (488.67), 141 (488.67), 145 (488.79), 73 (488.91), 151 (488.91), 75 (489.03), 77 (489.15), 146 (489.27), 78 (489.39), 143 (489.39), 79 (489.51), 154 (489.51), 
Result: TEAM 1 WIN*
