Mode: RANDOM
30.24 s > TEAM: 0 	F: 2 	 (252) 	S: 0 	 (251) 	T: 1 	 (250) 	LAP 1
30.24 s > TEAM: 1 	F: 159 	 (254) 	S: 80 	 (251) 	T: 81 	 (250) 	LAP 1
60.24 s > TEAM: 0 	F: 2 	 (504) 	S: 0 	 (502) 	T: 1 	 (500) 	LAP 2
60.36 s > TEAM: 1 	F: 159 	 (753) 	S: 80 	 (502) 	T: 82 	 (500) 	LAP 2
75.24 s > TEAM: 0 	F: 2 	 (754) 	S: 0 	 (752) 	T: 1 	 (750) 	LAP 3
90.24 s > TEAM: 0 	F: 2 	 (1004) 	S: 0 	 (1002) 	T: 1 	 (1000) 	LAP 4
90.36 s > TEAM: 1 	F: 159 	 (1003) 	S: 80 	 (752) 	T: 82 	 (750) 	LAP 3
105.24 s > TEAM: 0 	F: 2 	 (1254) 	S: 0 	 (1252) 	T: 1 	 (1250) 	LAP 5
120.36 s > TEAM: 1 	F: 159 	 (1256) 	S: 80 	 (1004) 	T: 82 	 (1000) 	LAP 4
135.24 s > TEAM: 0 	F: 2 	 (1754) 	S: 0 	 (1626) 	T: 1 	 (1500) 	LAP 6
150.36 s > TEAM: 1 	F: 159 	 (1628) 	S: 80 	 (1502) 	T: 82 	 (1250) 	LAP 5
165.24 s > TEAM: 0 	F: 2 	 (2127) 	S: 0 	 (1876) 	T: 1 	 (1750) 	LAP 7
180.36 s > TEAM: 1 	F: 159 	 (2003) 	S: 80 	 (1752) 	T: 82 	 (1500) 	LAP 6
195.24 s > TEAM: 0 	F: 2 	 (2377) 	S: 0 	 (2126) 	T: 1 	 (2000) 	LAP 8
210.36 s > TEAM: 1 	F: 159 	 (2256) 	S: 80 	 (2004) 	T: 82 	 (1750) 	LAP 7
225.24 s > TEAM: 0 	F: 2 	 (2754) 	S: 0 	 (2502) 	T: 1 	 (2250) 	LAP 9
240.36 s > TEAM: 1 	F: 159 	 (2753) 	S: 80 	 (2502) 	T: 82 	 (2000) 	LAP 8
255.24 s > TEAM: 0 	F: 2 	 (3127) 	S: 0 	 (3001) 	T: 1 	 (2500) 	LAP 10
270.36 s > TEAM: 1 	F: 159 	 (3003) 	S: 80 	 (2752) 	T: 82 	 (2250) 	LAP 9
285.24 s > TEAM: 0 	F: 2 	 (3304) 	S: 0 	 (3252) 	T: 1 	 (2750) 	LAP 11
300.36 s > TEAM: 1 	F: 159 	 (3253) 	S: 80 	 (3002) 	T: 82 	 (2500) 	LAP 10
315.24 s > TEAM: 0 	F: 0 	 (3752) 	S: 2 	 (3304) 	T: 1 	 (3000) 	LAP 12
330.24 s > TEAM: 0 	F: 0 	 (4000) 	S: 2 	 (3304) 	T: 1 	 (3250) 	LAP 13
330.36 s > TEAM: 1 	F: 159 	 (3503) 	S: 80 	 (3252) 	T: 82 	 (2750) 	LAP 11
360.36 s > TEAM: 1 	F: 159 	 (3753) 	S: 80 	 (3502) 	T: 82 	 (3000) 	LAP 12
390.36 s > TEAM: 1 	F: 159 	 (4000) 	S: 80 	 (3754) 	T: 82 	 (3250) 	LAP 13
405.48 s > TEAM: 0 	F: 0 	 (4000) 	S: 1 	 (4000) 	T: 3 	 (3500) 	LAP 14
420.48 s > TEAM: 1 	F: 80 	 (4000) 	S: 159 	 (4000) 	T: 83 	 (3500) 	LAP 14
435.48 s > TEAM: 0 	F: 0 	 (4000) 	S: 1 	 (4000) 	T: 3 	 (3750) 	LAP 15
435.48 s > TEAM: 1 	F: 80 	 (4000) 	S: 159 	 (4000) 	T: 83 	 (3750) 	LAP 15
465.48 s > TEAM: 0 	F: 0 	 (4000) 	S: 1 	 (4000) 	T: 3 	 (4000) 	LAP 16
465.48 s > TEAM: 1 	F: 80 	 (4000) 	S: 83 	 (4000) 	T: 159 	 (4000) 	LAP 16
Broken Team 0: 2 (13), 4 (13), 9 (13), 10 (8), 14 (12), 15 (2), 18 (5), 20 (9), 22 (3), 28 (7), 29 (7), 30 (5), 31 (13), 32 (9), 34 (5), 38 (4), 43 (6), 44 (2), 58 (4), 59 (13), 67 (10), 68 (1), 71 (0), 72 (2), 73 (6), 75 (8), 76 (10), 
Broken Team 1: 81 (1), 82 (13), 85 (12), 87 (15), 91 (2), 92 (0), 95 (5), 99 (7), 102 (5), 104 (11), 110 (14), 114 (13), 120 (10), 122 (5), 123 (0), 127 (8), 129 (2), 130 (14), 133 (6), 135 (10), 136 (6), 141 (14), 142 (13), 143 (14), 144 (8), 146 (3), 148 (6), 152 (14), 157 (8), 
Finishing order: 0 (330.15), 159 (390.03), 1 (390.27), 80 (405.15), 3 (465.51), 83 (465.51), 5 (480.63), 6 (480.75), 84 (480.75), 7 (480.87), 8 (480.99), 86 (480.99), 88 (481.23), 11 (481.35), 156 (481.35), 12 (481.47), 89 (481.47), 13 (481.59), 158 (481.71), 151 (481.83), 16 (481.95), 90 (481.95), 17 (482.07), 93 (482.07), 19 (482.31), 94 (482.31), 21 (482.55), 96 (482.55), 97 (482.67), 23 (482.79), 98 (482.79), 24 (482.91), 25 (483.03), 100 (483.03), 26 (483.15), 155 (483.15), 27 (483.27), 101 (483.27), 153 (483.39), 103 (483.63), 154 (483.87), 33 (483.99), 150 (483.99), 105 (484.11), 35 (484.23), 106 (484.23), 36 (484.35), 108 (484.35), 37 (484.47), 149 (484.47), 107 (484.59), 40 (484.71), 109 (484.71), 39 (484.83), 41 (484.95), 111 (484.95), 42 (485.07), 112 (485.07), 113 (485.31), 46 (485.43), 45 (485.55), 115 (485.55), 47 (485.67), 116 (485.67), 48 (485.79), 118 (485.79), 78 (485.91), 119 (485.91), 49 (486.03), 117 (486.03), 51 (486.15), 52 (486.27), 121 (486.27), 53 (486.39), 55 (486.51), 54 (486.63), 125 (486.63), 56 (486.75), 126 (486.75), 57 (486.87), 50 (486.99), 128 (486.99), 60 (487.35), 124 (487.35), 61 (487.47), 131 (487.47), 62 (487.59), 132 (487.59), 74 (487.71), 63 (487.83), 64 (487.95), 65 (488.07), 137 (488.07), 66 (488.19), 134 (488.19), 138 (488.31), 139 (488.43), 69 (488.55), 140 (488.55), 70 (488.79), 145 (489.03), 77 (489.15), 79 (489.27), 147 (489.39), 
Result: TEAM 0 WIN*
