Mode: RANDOM
30.24 s > TEAM: 1 	F: 159 	 (254) 	S: 158 	 (252) 	T: 157 	 (250) 	LAP 1
30.60 s > TEAM: 0 	F: 1 	 (258) 	S: 3 	 (254) 	T: 5 	 (250) 	LAP 1
45.60 s > TEAM: 0 	F: 1 	 (508) 	S: 3 	 (502) 	T: 5 	 (500) 	LAP 2
60.24 s > TEAM: 1 	F: 159 	 (627) 	S: 158 	 (626) 	T: 157 	 (500) 	LAP 2
75.48 s > TEAM: 0 	F: 1 	 (994) 	S: 3 	 (751) 	T: 5 	 (750) 	LAP 3
90.24 s > TEAM: 1 	F: 159 	 (877) 	S: 158 	 (876) 	T: 157 	 (750) 	LAP 3
105.48 s > TEAM: 0 	F: 1 	 (1244) 	S: 3 	 (1001) 	T: 5 	 (1000) 	LAP 4
120.24 s > TEAM: 1 	F: 159 	 (1127) 	S: 158 	 (1126) 	T: 157 	 (1000) 	LAP 4
135.48 s > TEAM: 0 	F: 1 	 (1494) 	S: 3 	 (1251) 	T: 5 	 (1250) 	LAP 5
150.24 s > TEAM: 1 	F: 159 	 (1491) 	S: 158 	 (1376) 	T: 157 	 (1250) 	LAP 5
165.48 s > TEAM: 0 	F: 1 	 (1744) 	S: 3 	 (1501) 	T: 5 	 (1500) 	LAP 6
180.24 s > TEAM: 1 	F: 159 	 (1741) 	S: 158 	 (1626) 	T: 157 	 (1500) 	LAP 6
195.48 s > TEAM: 0 	F: 1 	 (1994) 	S: 3 	 (1751) 	T: 5 	 (1750) 	LAP 7
210.24 s > TEAM: 1 	F: 158 	 (1991) 	S: 159 	 (1991) 	T: 157 	 (1750) 	LAP 7
225.24 s > TEAM: 1 	F: 158 	 (2116) 	S: 159 	 (2116) 	T: 157 	 (2000) 	LAP 8
225.48 s > TEAM: 0 	F: 1 	 (2244) 	S: 3 	 (2001) 	T: 5 	 (2000) 	LAP 8
241.38 s > TEAM: 1 	F: 156 	 (2250) 	S: 158 	 (2250) 	T: 159 	 (2250) 	LAP 9
255.48 s > TEAM: 0 	F: 1 	 (2494) 	S: 3 	 (2251) 	T: 5 	 (2250) 	LAP 9
271.38 s > TEAM: 1 	F: 156 	 (2501) 	S: 158 	 (2500) 	T: 159 	 (2500) 	LAP 10
285.48 s > TEAM: 0 	F: 1 	 (2741) 	S: 3 	 (2501) 	T: 5 	 (2500) 	LAP 10
301.38 s > TEAM: 1 	F: 156 	 (2751) 	S: 158 	 (2750) 	T: 159 	 (2750) 	LAP 11
315.48 s > TEAM: 0 	F: 1 	 (2991) 	S: 3 	 (2751) 	T: 5 	 (2750) 	LAP 11
331.38 s > TEAM: 1 	F: 156 	 (3001) 	S: 158 	 (3000) 	T: 159 	 (3000) 	LAP 12
345.48 s > TEAM: 0 	F: 1 	 (3241) 	S: 3 	 (3001) 	T: 5 	 (3000) 	LAP 12
361.56 s > TEAM: 1 	F: 156 	 (3253) 	S: 158 	 (3252) 	T: 159 	 (3250) 	LAP 13
375.48 s > TEAM: 0 	F: 1 	 (3491) 	S: 3 	 (3251) 	T: 5 	 (3250) 	LAP 13
391.56 s > TEAM: 1 	F: 156 	 (3503) 	S: 158 	 (3502) 	T: 159 	 (3500) 	LAP 14
405.48 s > TEAM: 0 	F: 1 	 (3741) 	S: 3 	 (3501) 	T: 5 	 (3500) 	LAP 14
421.56 s > TEAM: 1 	F: 156 	 (3753) 	S: 158 	 (3752) 	T: 159 	 (3750) 	LAP 15
435.48 s > TEAM: 0 	F: 1 	 (3991) 	S: 3 	 (3751) 	T: 5 	 (3750) 	LAP 15
451.56 s > TEAM: 1 	F: 156 	 (4000) 	S: 158 	 (4000) 	T: 159 	 (4000) 	LAP 16
465.48 s > TEAM: 0 	F: 1 	 (4000) 	S: 3 	 (4000) 	T: 5 	 (4000) 	LAP 16
Broken Team 0: 0 (0), 2 (0), 4 (0), 8 (0), 10 (15), 13 (10), 16 (15), 18 (12), 24 (8), 26 (1), 27 (10), 28 (6), 29 (6), 31 (12), 32 (5), 36 (12), 40 (13), 46 (9), 48 (1), 49 (4), 50 (4), 54 (6), 57 (7), 64 (9), 65 (0), 66 (7), 68 (8), 69 (5), 70 (6), 71 (7), 72 (4), 73 (3), 74 (15), 77 (8), 78 (11), 
Broken Team 1: 87 (10), 89 (5), 92 (9), 95 (2), 97 (15), 101 (9), 102 (3), 110 (4), 115 (12), 116 (1), 118 (2), 120 (5), 121 (2), 133 (0), 134 (0), 135 (14), 136 (10), 141 (7), 143 (9), 146 (13), 151 (5), 152 (0), 153 (0), 
Finishing order: 1 (436.53), 156 (451.23), 158 (451.35), 159 (451.59), 157 (465.27), 3 (465.39), 155 (465.39), 5 (465.51), 7 (465.75), 6 (465.87), 9 (466.11), 154 (480.75), 85 (480.87), 149 (480.99), 81 (481.11), 80 (481.23), 11 (481.35), 12 (481.47), 82 (481.47), 14 (481.71), 83 (481.71), 84 (481.71), 15 (481.83), 17 (482.07), 88 (482.07), 90 (482.19), 19 (482.31), 91 (482.31), 20 (482.43), 21 (482.55), 93 (482.55), 22 (482.67), 86 (482.67), 23 (482.79), 94 (482.79), 96 (483.03), 25 (483.15), 98 (483.27), 34 (483.39), 99 (483.39), 35 (483.51), 100 (483.51), 103 (483.87), 53 (483.99), 104 (483.99), 51 (484.11), 105 (484.11), 106 (484.23), 107 (484.35), 108 (484.47), 30 (484.59), 109 (484.59), 33 (484.71), 55 (484.83), 111 (484.83), 37 (484.95), 112 (484.95), 39 (485.07), 113 (485.07), 114 (485.19), 41 (485.31), 52 (485.43), 44 (485.55), 117 (485.55), 42 (485.67), 45 (485.79), 47 (485.91), 119 (485.91), 132 (486.15), 123 (486.27), 122 (486.39), 58 (486.51), 124 (486.51), 56 (486.63), 125 (486.63), 59 (486.75), 126 (486.75), 61 (486.87), 127 (486.87), 129 (486.99), 60 (487.11), 62 (487.23), 128 (487.23), 130 (487.35), 67 (487.47), 137 (487.83), 138 (487.95), 139 (488.07), 75 (488.19), 140 (488.19), 76 (488.43), 142 (488.43), 79 (488.67), 144 (488.67), 145 (488.79), 147 (489.03), 63 (489.15), 148 (489.15), 38 (489.27), 150 (489.27), 43 (489.51), 131 (489.51), 
Result: TEAM 1 WIN
