Mode: RANDOM
30.24 s > TEAM: 1 	F: 159 	 (254) 	S: 88 	 (251) 	T: 80 	 (250) 	LAP 1
30.36 s > TEAM: 0 	F: 0 	 (256) 	S: 3 	 (252) 	T: 5 	 (250) 	LAP 1
60.36 s > TEAM: 0 	F: 0 	 (628) 	S: 3 	 (502) 	T: 5 	 (500) 	LAP 2
60.36 s > TEAM: 1 	F: 159 	 (756) 	S: 80 	 (501) 	T: 81 	 (500) 	LAP 2
90.36 s > TEAM: 0 	F: 0 	 (1006) 	S: 3 	 (754) 	T: 5 	 (750) 	LAP 3
90.36 s > TEAM: 1 	F: 159 	 (1253) 	S: 80 	 (751) 	T: 81 	 (750) 	LAP 3
105.36 s > TEAM: 0 	F: 0 	 (1256) 	S: 3 	 (1002) 	T: 5 	 (1000) 	LAP 4
120.36 s > TEAM: 1 	F: 159 	 (1503) 	S: 80 	 (1001) 	T: 81 	 (1000) 	LAP 4
135.36 s > TEAM: 0 	F: 0 	 (1748) 	S: 3 	 (1254) 	T: 5 	 (1250) 	LAP 5
150.48 s > TEAM: 1 	F: 159 	 (1754) 	S: 81 	 (1251) 	T: 82 	 (1250) 	LAP 5
165.36 s > TEAM: 0 	F: 0 	 (1998) 	S: 3 	 (1627) 	T: 5 	 (1500) 	LAP 6
180.48 s > TEAM: 1 	F: 159 	 (2008) 	S: 81 	 (1501) 	T: 82 	 (1500) 	LAP 6
195.36 s > TEAM: 0 	F: 0 	 (2248) 	S: 3 	 (1997) 	T: 5 	 (1750) 	LAP 7
210.36 s > TEAM: 0 	F: 0 	 (2373) 	S: 3 	 (2122) 	T: 5 	 (2000) 	LAP 8
210.48 s > TEAM: 1 	F: 159 	 (2379) 	S: 81 	 (1751) 	T: 82 	 (1750) 	LAP 7
225.72 s > TEAM: 0 	F: 0 	 (2501) 	S: 3 	 (2250) 	T: 5 	 (2250) 	LAP 9
240.48 s > TEAM: 1 	F: 159 	 (2748) 	S: 81 	 (2002) 	T: 82 	 (2000) 	LAP 8
255.48 s > TEAM: 1 	F: 159 	 (2873) 	S: 81 	 (2252) 	T: 82 	 (2250) 	LAP 9
270.84 s > TEAM: 1 	F: 159 	 (3001) 	S: 81 	 (2501) 	T: 82 	 (2500) 	LAP 10
285.48 s > TEAM: 0 	F: 0 	 (2999) 	S: 5 	 (2602) 	T: 1 	 (2500) 	LAP 10
300.84 s > TEAM: 1 	F: 159 	 (3252) 	S: 81 	 (2878) 	T: 82 	 (2750) 	LAP 11
315.84 s > TEAM: 1 	F: 159 	 (3501) 	S: 81 	 (3064) 	T: 82 	 (3000) 	LAP 12
330.72 s > TEAM: 0 	F: 0 	 (3626) 	S: 1 	 (2877) 	T: 6 	 (2750) 	LAP 11
345.78 s > TEAM: 1 	F: 159 	 (3751) 	S: 81 	 (3313) 	T: 82 	 (3250) 	LAP 13
360.72 s > TEAM: 0 	F: 0 	 (4000) 	S: 1 	 (3127) 	T: 6 	 (3000) 	LAP 12
368.28 s > TEAM: 1 	F: 159 	 (3999) 	S: 81 	 (3501) 	T: 82 	 (3500) 	LAP 14
390.72 s > TEAM: 0 	F: 0 	 (4000) 	S: 1 	 (3504) 	T: 6 	 (3250) 	LAP 13
398.28 s > TEAM: 1 	F: 159 	 (4000) 	S: 81 	 (3751) 	T: 82 	 (3750) 	LAP 15
413.40 s > TEAM: 0 	F: 0 	 (4000) 	S: 1 	 (3600) 	T: 6 	 (3500) 	LAP 14
428.28 s > TEAM: 1 	F: 81 	 (4000) 	S: 82 	 (4000) 	T: 159 	 (4000) 	LAP 16
450.84 s > TEAM: 0 	F: 0 	 (4000) 	S: 6 	 (3876) 	T: 7 	 (3750) 	LAP 15
480.84 s > TEAM: 0 	F: 0 	 (4000) 	S: 6 	 (4000) 	T: 7 	 (4000) 	LAP 16
Broken Team 0: 1 (14), 2 (0), 3 (9), 4 (6), 5 (10), 9 (13), 11 (11), 12 (14), 14 (9), 15 (11), 25 (7), 27 (0), 32 (10), 35 (10), 40 (10), 44 (5), 51 (2), 52 (4), 55 (11), 56 (12), 57 (3), 61 (5), 66 (15), 76 (0), 
Broken Team 1: 80 (4), 87 (11), 88 (1), 89 (4), 90 (0), 95 (12), 96 (12), 105 (11), 112 (0), 119 (4), 121 (7), 122 (5), 124 (10), 126 (12), 127 (0), 128 (4), 129 (3), 132 (6), 134 (6), 138 (15), 139 (1), 140 (10), 145 (1), 149 (12), 150 (10), 152 (12), 154 (13), 156 (2), 158 (7), 
Finishing order: 0 (360.63), 159 (368.43), 81 (428.19), 82 (428.31), 6 (465.75), 84 (480.63), 7 (480.87), 85 (480.87), 83 (480.99), 10 (481.11), 8 (481.23), 86 (481.23), 13 (481.47), 92 (481.47), 115 (481.71), 16 (481.83), 91 (481.83), 17 (481.95), 123 (482.07), 18 (482.19), 19 (482.31), 21 (482.43), 93 (482.43), 20 (482.55), 94 (482.55), 22 (482.67), 23 (482.79), 24 (482.91), 97 (483.03), 26 (483.15), 99 (483.15), 65 (483.27), 98 (483.27), 155 (483.39), 28 (483.51), 100 (483.51), 30 (483.63), 101 (483.63), 102 (483.75), 31 (483.87), 103 (483.87), 68 (483.99), 29 (484.11), 106 (484.11), 34 (484.23), 107 (484.23), 33 (484.35), 113 (484.35), 36 (484.47), 108 (484.47), 37 (484.59), 104 (484.59), 109 (484.71), 38 (484.83), 110 (484.83), 41 (484.95), 111 (484.95), 42 (485.19), 114 (485.19), 43 (485.31), 45 (485.43), 116 (485.43), 46 (485.55), 117 (485.55), 118 (485.67), 48 (485.79), 39 (485.91), 120 (485.91), 47 (486.03), 50 (486.27), 157 (486.27), 49 (486.39), 125 (486.51), 130 (486.63), 133 (486.87), 53 (486.99), 59 (487.11), 131 (487.11), 58 (487.23), 148 (487.23), 60 (487.35), 54 (487.47), 151 (487.47), 62 (487.59), 136 (487.71), 63 (487.83), 137 (487.83), 69 (487.95), 64 (488.07), 135 (488.07), 71 (488.19), 72 (488.31), 141 (488.31), 142 (488.43), 67 (488.55), 73 (488.67), 143 (488.67), 70 (488.79), 144 (488.79), 75 (488.91), 77 (489.03), 146 (489.03), 79 (489.15), 74 (489.27), 147 (489.27), 78 (489.51), 153 (489.51), 
Result: TEAM 0 WIN*
