Mode: RANDOM
30.24 s > TEAM: 0 	F: 0 	 (252) 	S: 2 	 (251) 	T: 1 	 (250) 	LAP 1
30.24 s > TEAM: 1 	F: 159 	 (252) 	S: 158 	 (251) 	T: 80 	 (250) 	LAP 1
60.24 s > TEAM: 0 	F: 0 	 (502) 	S: 2 	 (501) 	T: 1 	 (500) 	LAP 2
60.24 s > TEAM: 1 	F: 159 	 (502) 	S: 158 	 (501) 	T: 80 	 (500) 	LAP 2
90.24 s > TEAM: 0 	F: 0 	 (752) 	S: 2 	 (751) 	T: 1 	 (750) 	LAP 3
90.24 s > TEAM: 1 	F: 159 	 (754) 	S: 158 	 (751) 	T: 80 	 (750) 	LAP 3
120.24 s > TEAM: 0 	F: 0 	 (1002) 	S: 2 	 (1001) 	T: 1 	 (1000) 	LAP 4
120.24 s > TEAM: 1 	F: 159 	 (1127) 	S: 158 	 (1001) 	T: 80 	 (1000) 	LAP 4
150.24 s > TEAM: 1 	F: 159 	 (1502) 	S: 158 	 (1251) 	T: 80 	 (1250) 	LAP 5
150.36 s > TEAM: 0 	F: 0 	 (1256) 	S: 2 	 (1252) 	T: 3 	 (1250) 	LAP 5
180.24 s > TEAM: 1 	F: 159 	 (1752) 	S: 158 	 (1501) 	T: 80 	 (1500) 	LAP 6
180.36 s > TEAM: 0 	F: 0 	 (1756) 	S: 2 	 (1502) 	T: 3 	 (1500) 	LAP 6
210.24 s > TEAM: 1 	F: 159 	 (2002) 	S: 158 	 (1751) 	T: 80 	 (1750) 	LAP 7
210.48 s > TEAM: 0 	F: 0 	 (2129) 	S: 3 	 (1751) 	T: 4 	 (1750) 	LAP 7
240.24 s > TEAM: 1 	F: 159 	 (2195) 	S: 158 	 (2001) 	T: 80 	 (2000) 	LAP 8
240.48 s > TEAM: 0 	F: 0 	 (2504) 	S: 3 	 (2001) 	T: 4 	 (2000) 	LAP 8
270.36 s > TEAM: 1 	F: 158 	 (2254) 	S: 80 	 (2251) 	T: 81 	 (2250) 	LAP 9
270.48 s > TEAM: 0 	F: 0 	 (2754) 	S: 3 	 (2251) 	T: 4 	 (2250) 	LAP 9
300.36 s > TEAM: 1 	F: 158 	 (2627) 	S: 80 	 (2501) 	T: 81 	 (2500) 	LAP 10
300.48 s > TEAM: 0 	F: 0 	 (3008) 	S: 3 	 (2502) 	T: 4 	 (2500) 	LAP 10
330.36 s > TEAM: 1 	F: 158 	 (3004) 	S: 80 	 (2751) 	T: 81 	 (2750) 	LAP 11
330.48 s > TEAM: 0 	F: 0 	 (3508) 	S: 3 	 (3002) 	T: 4 	 (2750) 	LAP 11
345.48 s > TEAM: 0 	F: 0 	 (3758) 	S: 3 	 (3251) 	T: 4 	 (3000) 	LAP 12
360.36 s > TEAM: 1 	F: 158 	 (3377) 	S: 80 	 (3001) 	T: 81 	 (3000) 	LAP 12
375.48 s > TEAM: 0 	F: 0 	 (4000) 	S: 3 	 (3501) 	T: 4 	 (3250) 	LAP 13
390.36 s > TEAM: 1 	F: 158 	 (3746) 	S: 80 	 (3252) 	T: 81 	 (3250) 	LAP 13
405.48 s > TEAM: 0 	F: 0 	 (4000) 	S: 3 	 (3597) 	T: 4 	 (3500) 	LAP 14
420.36 s > TEAM: 1 	F: 158 	 (3996) 	S: 80 	 (3745) 	T: 81 	 (3500) 	LAP 14
435.36 s > TEAM: 1 	F: 158 	 (4000) 	S: 80 	 (3870) 	T: 81 	 (3750) 	LAP 15
435.48 s > TEAM: 0 	F: 0 	 (4000) 	S: 4 	 (3750) 	T: 8 	 (3750) 	LAP 15
450.54 s > TEAM: 0 	F: 0 	 (4000) 	S: 4 	 (4000) 	T: 8 	 (4000) 	LAP 16
465.36 s > TEAM: 1 	F: 80 	 (4000) 	S: 81 	 (4000) 	T: 158 	 (4000) 	LAP 16
Broken Team 0: 1 (4), 2 (6), 3 (14), 7 (4), 11 (12), 14 (13), 22 (13), 25 (9), 27 (0), 29 (0), 30 (3), 34 (0), 35 (10), 40 (2), 41 (15), 44 (4), 46 (12), 52 (9), 53 (2), 54 (8), 55 (7), 62 (11), 65 (14), 69 (9), 71 (8), 74 (14), 79 (14), 
Broken Team 1: 82 (3), 84 (9), 87 (10), 91 (0), 92 (7), 97 (3), 98 (10), 99 (9), 102 (3), 103 (14), 107 (9), 111 (2), 115 (13), 116 (12), 121 (14), 122 (0), 123 (11), 124 (15), 125 (5), 129 (2), 137 (7), 147 (3), 157 (7), 159 (8), 
Finishing order: 0 (360.03), 158 (420.87), 4 (450.51), 8 (450.57), 80 (450.93), 81 (465.39), 9 (465.57), 5 (465.75), 6 (465.75), 88 (480.63), 89 (480.87), 85 (480.99), 90 (481.11), 10 (481.23), 95 (481.23), 12 (481.47), 96 (481.59), 13 (481.71), 93 (481.71), 16 (481.83), 15 (481.95), 17 (482.07), 18 (482.19), 94 (482.19), 19 (482.31), 100 (482.31), 21 (482.43), 101 (482.43), 20 (482.55), 39 (482.67), 105 (482.67), 23 (482.79), 104 (482.79), 24 (483.03), 109 (483.03), 106 (483.15), 28 (483.39), 108 (483.39), 110 (483.51), 32 (483.75), 112 (483.75), 26 (483.87), 114 (483.87), 33 (483.99), 113 (483.99), 31 (484.11), 117 (484.35), 118 (484.47), 43 (484.59), 119 (484.59), 47 (484.71), 42 (484.83), 120 (484.83), 49 (484.95), 48 (485.07), 50 (485.31), 127 (485.43), 45 (485.55), 128 (485.55), 51 (485.67), 130 (485.79), 126 (485.91), 131 (486.03), 132 (486.15), 56 (486.27), 133 (486.27), 58 (486.39), 134 (486.39), 59 (486.51), 135 (486.51), 57 (486.63), 136 (486.63), 61 (486.75), 60 (486.87), 139 (486.87), 138 (486.99), 63 (487.11), 140 (487.11), 64 (487.23), 141 (487.23), 67 (487.35), 148 (487.35), 144 (487.47), 70 (487.59), 149 (487.59), 66 (487.71), 150 (487.71), 151 (487.83), 72 (487.95), 152 (487.95), 75 (488.07), 153 (488.07), 77 (488.19), 155 (488.19), 154 (488.31), 156 (488.43), 83 (488.55), 38 (488.67), 73 (488.79), 146 (488.79), 36 (488.91), 143 (488.91), 37 (489.03), 145 (489.03), 68 (489.15), 142 (489.15), 76 (489.39), 86 (489.39), 78 (489.51), 
Result: TEAM 0 WIN
