Mode: RANDOM
30.24 s > TEAM: 0 	F: 1 	 (252) 	S: 0 	 (251) 	T: 2 	 (250) 	LAP 1
30.24 s > TEAM: 1 	F: 159 	 (254) 	S: 158 	 (251) 	T: 80 	 (250) 	LAP 1
60.24 s > TEAM: 0 	F: 1 	 (504) 	S: 0 	 (501) 	T: 2 	 (500) 	LAP 2
60.24 s > TEAM: 1 	F: 159 	 (627) 	S: 158 	 (501) 	T: 80 	 (500) 	LAP 2
90.24 s > TEAM: 0 	F: 1 	 (877) 	S: 0 	 (751) 	T: 2 	 (750) 	LAP 3
90.24 s > TEAM: 1 	F: 159 	 (877) 	S: 158 	 (751) 	T: 80 	 (750) 	LAP 3
120.24 s > TEAM: 0 	F: 1 	 (1127) 	S: 0 	 (1001) 	T: 2 	 (1000) 	LAP 4
120.24 s > TEAM: 1 	F: 159 	 (1127) 	S: 158 	 (1001) 	T: 80 	 (1000) 	LAP 4
150.24 s > TEAM: 0 	F: 1 	 (1502) 	S: 0 	 (1251) 	T: 2 	 (1250) 	LAP 5
150.24 s > TEAM: 1 	F: 159 	 (1504) 	S: 158 	 (1252) 	T: 80 	 (1250) 	LAP 5
180.24 s > TEAM: 0 	F: 1 	 (1754) 	S: 0 	 (1502) 	T: 2 	 (1500) 	LAP 6
180.24 s > TEAM: 1 	F: 159 	 (1877) 	S: 158 	 (1628) 	T: 80 	 (1500) 	LAP 6
195.24 s > TEAM: 0 	F: 1 	 (2002) 	S: 0 	 (1752) 	T: 2 	 (1750) 	LAP 7
210.24 s > TEAM: 1 	F: 159 	 (2127) 	S: 158 	 (1939) 	T: 80 	 (1750) 	LAP 7
225.24 s > TEAM: 0 	F: 1 	 (2254) 	S: 0 	 (2246) 	T: 2 	 (2000) 	LAP 8
240.24 s > TEAM: 0 	F: 1 	 (2504) 	S: 0 	 (2371) 	T: 2 	 (2250) 	LAP 9
240.24 s > TEAM: 1 	F: 159 	 (2495) 	S: 158 	 (2189) 	T: 80 	 (2000) 	LAP 8
270.24 s > TEAM: 0 	F: 1 	 (2869) 	S: 0 	 (2621) 	T: 2 	 (2500) 	LAP 10
270.24 s > TEAM: 1 	F: 159 	 (2745) 	S: 158 	 (2439) 	T: 80 	 (2250) 	LAP 9
300.24 s > TEAM: 0 	F: 1 	 (3119) 	S: 0 	 (2871) 	T: 2 	 (2750) 	LAP 11
300.24 s > TEAM: 1 	F: 159 	 (2995) 	S: 158 	 (2689) 	T: 80 	 (2500) 	LAP 10
330.24 s > TEAM: 0 	F: 1 	 (3369) 	S: 0 	 (3121) 	T: 2 	 (3000) 	LAP 12
330.24 s > TEAM: 1 	F: 159 	 (3245) 	S: 158 	 (2939) 	T: 80 	 (2750) 	LAP 11
360.24 s > TEAM: 0 	F: 1 	 (3619) 	S: 0 	 (3370) 	T: 2 	 (3250) 	LAP 13
360.24 s > TEAM: 1 	F: 159 	 (3496) 	S: 158 	 (3243) 	T: 80 	 (3000) 	LAP 12
376.20 s > TEAM: 0 	F: 1 	 (3753) 	S: 0 	 (3502) 	T: 2 	 (3500) 	LAP 14
390.24 s > TEAM: 1 	F: 159 	 (3746) 	S: 158 	 (3493) 	T: 80 	 (3250) 	LAP 13
420.24 s > TEAM: 1 	F: 159 	 (3996) 	S: 158 	 (3743) 	T: 80 	 (3500) 	LAP 14
420.36 s > TEAM: 0 	F: 1 	 (4000) 	S: 2 	 (3868) 	T: 5 	 (3750) 	LAP 15
450.24 s > TEAM: 1 	F: 159 	 (4000) 	S: 158 	 (3993) 	T: 80 	 (3750) 	LAP 15
450.36 s > TEAM: 0 	F: 1 	 (4000) 	S: 2 	 (4000) 	T: 5 	 (4000) 	LAP 16
480.24 s > TEAM: 1 	F: 80 	 (4000) 	S: 158 	 (4000) 	T: 159 	 (4000) 	LAP 16
Broken Team 0: 0 (14), 4 (9), 8 (1), 9 (3), 11 (13), 12 (2), 13 (8), 15 (8), 16 (10), 19 (15), 22 (6), 23 (10), 24 (5), 27 (0), 28 (14), 30 (10), 32 (12), 37 (1), 38 (1), 40 (1), 43 (2), 45 (3), 47 (2), 49 (13), 50 (2), 51 (12), 53 (3), 60 (9), 61 (5), 64 (5), 65 (9), 68 (3), 69 (12), 70 (0), 73 (6), 75 (14), 76 (9), 
Broken Team 1: 85 (10), 88 (5), 95 (14), 98 (3), 102 (7), 105 (14), 107 (2), 109 (6), 110 (6), 115 (12), 117 (9), 126 (7), 127 (10), 131 (3), 132 (6), 134 (3), 137 (11), 139 (0), 141 (6), 143 (15), 144 (11), 145 (7), 149 (14), 150 (10), 151 (4), 154 (5), 155 (15), 
Finishing order: 1 (405.75), 159 (420.75), 2 (436.23), 5 (450.39), 158 (451.11), 6 (465.63), 3 (465.75), 80 (480.27), 81 (480.39), 82 (480.51), 83 (480.63), 7 (480.87), 89 (480.87), 87 (480.99), 90 (481.11), 10 (481.23), 157 (481.23), 91 (481.47), 92 (481.59), 14 (481.71), 86 (481.71), 84 (481.83), 18 (481.95), 93 (481.95), 55 (482.07), 94 (482.07), 67 (482.31), 17 (482.43), 97 (482.43), 20 (482.55), 100 (482.67), 96 (482.79), 21 (483.03), 101 (483.03), 25 (483.15), 103 (483.15), 104 (483.27), 52 (483.39), 26 (483.51), 99 (483.63), 108 (483.75), 29 (483.87), 156 (483.99), 106 (484.11), 31 (484.35), 34 (484.47), 112 (484.47), 33 (484.59), 111 (484.59), 35 (484.71), 113 (484.71), 36 (484.83), 114 (484.83), 119 (485.07), 39 (485.19), 118 (485.19), 121 (485.31), 42 (485.43), 116 (485.43), 44 (485.55), 41 (485.67), 123 (485.67), 120 (485.79), 46 (485.91), 125 (485.91), 48 (486.27), 124 (486.27), 129 (486.51), 128 (486.63), 56 (486.75), 122 (486.75), 58 (486.99), 133 (486.99), 62 (487.23), 130 (487.23), 54 (487.35), 135 (487.35), 59 (487.47), 136 (487.47), 63 (487.71), 71 (487.83), 138 (487.83), 66 (488.07), 72 (488.31), 57 (488.43), 140 (488.55), 153 (488.67), 74 (488.91), 142 (488.91), 78 (489.03), 147 (489.03), 146 (489.15), 77 (489.27), 79 (489.39), 148 (489.39), 152 (489.51), 
Result: TEAM 0 WIN*
