Mode: RANDOM
30.24 s > TEAM: 0 	F: 1 	 (254) 	S: 0 	 (252) 	T: 3 	 (250) 	LAP 1
30.24 s > TEAM: 1 	F: 159 	 (252) 	S: 157 	 (251) 	T: 156 	 (250) 	LAP 1
60.24 s > TEAM: 0 	F: 0 	 (628) 	S: 1 	 (627) 	T: 3 	 (500) 	LAP 2
60.24 s > TEAM: 1 	F: 159 	 (504) 	S: 157 	 (502) 	T: 156 	 (500) 	LAP 2
90.24 s > TEAM: 0 	F: 0 	 (939) 	S: 1 	 (877) 	T: 3 	 (750) 	LAP 3
90.24 s > TEAM: 1 	F: 159 	 (1004) 	S: 157 	 (813) 	T: 156 	 (750) 	LAP 3
105.24 s > TEAM: 1 	F: 159 	 (1198) 	S: 157 	 (1001) 	T: 156 	 (1000) 	LAP 4
120.24 s > TEAM: 0 	F: 0 	 (1378) 	S: 1 	 (1127) 	T: 3 	 (1000) 	LAP 4
135.36 s > TEAM: 1 	F: 157 	 (1439) 	S: 156 	 (1376) 	T: 80 	 (1250) 	LAP 5
150.24 s > TEAM: 0 	F: 0 	 (1689) 	S: 1 	 (1357) 	T: 3 	 (1250) 	LAP 5
165.36 s > TEAM: 1 	F: 156 	 (1689) 	S: 157 	 (1688) 	T: 80 	 (1500) 	LAP 6
180.36 s > TEAM: 0 	F: 0 	 (1940) 	S: 3 	 (1501) 	T: 4 	 (1500) 	LAP 6
195.36 s > TEAM: 1 	F: 156 	 (1939) 	S: 157 	 (1938) 	T: 80 	 (1750) 	LAP 7
210.36 s > TEAM: 0 	F: 0 	 (2190) 	S: 3 	 (1751) 	T: 4 	 (1750) 	LAP 7
225.36 s > TEAM: 1 	F: 156 	 (2248) 	S: 157 	 (2188) 	T: 80 	 (2000) 	LAP 8
240.36 s > TEAM: 0 	F: 0 	 (2499) 	S: 3 	 (2002) 	T: 4 	 (2000) 	LAP 8
255.36 s > TEAM: 1 	F: 156 	 (2498) 	S: 157 	 (2418) 	T: 80 	 (2250) 	LAP 9
270.36 s > TEAM: 0 	F: 0 	 (2647) 	S: 3 	 (2497) 	T: 4 	 (2250) 	LAP 9
285.36 s > TEAM: 0 	F: 0 	 (2647) 	S: 3 	 (2622) 	T: 4 	 (2500) 	LAP 10
300.60 s > TEAM: 1 	F: 156 	 (2875) 	S: 80 	 (2627) 	T: 82 	 (2500) 	LAP 10
315.36 s > TEAM: 0 	F: 3 	 (2872) 	S: 5 	 (2872) 	T: 4 	 (2750) 	LAP 11
330.60 s > TEAM: 1 	F: 156 	 (3125) 	S: 80 	 (2877) 	T: 82 	 (2750) 	LAP 11
345.36 s > TEAM: 0 	F: 3 	 (3122) 	S: 5 	 (3122) 	T: 4 	 (3000) 	LAP 12
360.60 s > TEAM: 1 	F: 156 	 (3500) 	S: 80 	 (3127) 	T: 82 	 (3000) 	LAP 12
375.36 s > TEAM: 0 	F: 3 	 (3435) 	S: 5 	 (3372) 	T: 4 	 (3250) 	LAP 13
390.60 s > TEAM: 1 	F: 156 	 (3997) 	S: 80 	 (3498) 	T: 82 	 (3250) 	LAP 13
405.36 s > TEAM: 0 	F: 3 	 (3870) 	S: 5 	 (3744) 	T: 4 	 (3500) 	LAP 14
405.96 s > TEAM: 1 	F: 156 	 (4000) 	S: 80 	 (3752) 	T: 85 	 (3500) 	LAP 14
435.36 s > TEAM: 0 	F: 3 	 (4000) 	S: 5 	 (4000) 	T: 4 	 (3750) 	LAP 15
435.96 s > TEAM: 1 	F: 80 	 (4000) 	S: 156 	 (4000) 	T: 85 	 (3750) 	LAP 15
451.08 s > TEAM: 0 	F: 3 	 (4000) 	S: 4 	 (4000) 	T: 5 	 (4000) 	LAP 16
465.96 s > TEAM: 1 	F: 80 	 (4000) 	S: 85 	 (4000) 	T: 156 	 (4000) 	LAP 16
Broken Team 0: 0 (10), 1 (5), 6 (2), 9 (0), 10 (3), 11 (13), 12 (11), 13 (7), 15 (0), 18 (6), 20 (1), 21 (13), 22 (3), 24 (8), 31 (13), 33 (9), 34 (9), 37 (14), 43 (13), 48 (2), 56 (7), 59 (9), 65 (1), 66 (7), 69 (5), 70 (12), 79 (11), 
Broken Team 1: 81 (5), 82 (13), 83 (2), 84 (10), 86 (12), 88 (5), 92 (6), 93 (1), 94 (5), 96 (0), 100 (12), 107 (0), 112 (3), 113 (7), 117 (5), 119 (12), 120 (12), 127 (8), 128 (6), 131 (2), 136 (9), 138 (15), 140 (1), 143 (1), 149 (15), 151 (0), 155 (13), 157 (9), 158 (9), 159 (4), 
Finishing order: 156 (390.81), 3 (413.19), 5 (421.11), 80 (435.75), 4 (451.11), 85 (465.99), 87 (466.11), 2 (480.63), 7 (480.87), 8 (480.99), 122 (481.47), 14 (481.71), 153 (481.71), 89 (481.83), 16 (481.95), 90 (481.95), 17 (482.07), 91 (482.07), 19 (482.31), 154 (482.67), 23 (482.79), 26 (483.03), 95 (483.03), 25 (483.15), 150 (483.15), 27 (483.27), 29 (483.39), 97 (483.39), 28 (483.51), 152 (483.51), 32 (483.63), 98 (483.63), 30 (483.75), 111 (483.75), 99 (483.87), 102 (484.11), 35 (484.23), 103 (484.23), 38 (484.35), 104 (484.35), 101 (484.47), 39 (484.59), 105 (484.59), 36 (484.71), 106 (484.71), 40 (484.83), 41 (484.95), 109 (484.95), 42 (485.07), 108 (485.19), 44 (485.31), 114 (485.31), 45 (485.43), 115 (485.43), 46 (485.55), 116 (485.55), 47 (485.67), 146 (485.67), 49 (485.91), 118 (485.91), 50 (486.03), 51 (486.15), 53 (486.27), 124 (486.27), 55 (486.39), 52 (486.51), 123 (486.51), 121 (486.63), 57 (486.75), 54 (486.87), 125 (486.87), 58 (487.11), 130 (487.11), 60 (487.23), 61 (487.35), 126 (487.35), 62 (487.47), 148 (487.47), 63 (487.59), 132 (487.59), 64 (487.71), 147 (487.71), 135 (487.83), 67 (487.95), 110 (487.95), 129 (488.07), 68 (488.19), 133 (488.19), 137 (488.43), 72 (488.55), 71 (488.67), 134 (488.67), 73 (488.79), 74 (488.91), 145 (488.91), 75 (489.03), 139 (489.03), 76 (489.15), 141 (489.15), 77 (489.27), 144 (489.27), 142 (489.39), 78 (489.51), 
Result: TEAM 1 WIN*
