Mode: RANDOM
30.24 s > TEAM: 0 	F: 0 	 (254) 	S: 2 	 (252) 	T: 3 	 (250) 	LAP 1
30.24 s > TEAM: 1 	F: 159 	 (252) 	S: 80 	 (251) 	T: 157 	 (250) 	LAP 1
45.24 s > TEAM: 0 	F: 0 	 (504) 	S: 2 	 (501) 	T: 3 	 (500) 	LAP 2
60.24 s > TEAM: 1 	F: 159 	 (504) 	S: 80 	 (501) 	T: 157 	 (500) 	LAP 2
75.24 s > TEAM: 0 	F: 0 	 (877) 	S: 2 	 (751) 	T: 3 	 (750) 	LAP 3
90.24 s > TEAM: 1 	F: 159 	 (877) 	S: 80 	 (751) 	T: 157 	 (750) 	LAP 3
105.18 s > TEAM: 0 	F: 0 	 (1249) 	S: 2 	 (1001) 	T: 3 	 (1000) 	LAP 4
120.24 s > TEAM: 1 	F: 159 	 (1127) 	S: 80 	 (1001) 	T: 157 	 (1000) 	LAP 4
135.18 s > TEAM: 0 	F: 2 	 (1499) 	S: 0 	 (1279) 	T: 3 	 (1250) 	LAP 5
150.24 s > TEAM: 1 	F: 159 	 (1377) 	S: 80 	 (1251) 	T: 157 	 (1250) 	LAP 5
180.24 s > TEAM: 1 	F: 159 	 (1748) 	S: 80 	 (1501) 	T: 157 	 (1500) 	LAP 6
180.48 s > TEAM: 0 	F: 2 	 (1876) 	S: 3 	 (1626) 	T: 1 	 (1500) 	LAP 6
210.24 s > TEAM: 1 	F: 159 	 (1998) 	S: 80 	 (1751) 	T: 157 	 (1750) 	LAP 7
210.48 s > TEAM: 0 	F: 2 	 (2251) 	S: 3 	 (1876) 	T: 1 	 (1750) 	LAP 7
240.24 s > TEAM: 1 	F: 159 	 (2373) 	S: 80 	 (2001) 	T: 157 	 (2000) 	LAP 8
240.48 s > TEAM: 0 	F: 2 	 (2503) 	S: 3 	 (2087) 	T: 1 	 (2000) 	LAP 8
255.60 s > TEAM: 0 	F: 2 	 (2755) 	S: 1 	 (2252) 	T: 5 	 (2250) 	LAP 9
270.24 s > TEAM: 1 	F: 159 	 (2746) 	S: 80 	 (2251) 	T: 157 	 (2250) 	LAP 9
285.60 s > TEAM: 0 	F: 2 	 (3127) 	S: 1 	 (2626) 	T: 5 	 (2500) 	LAP 10
300.24 s > TEAM: 1 	F: 159 	 (2996) 	S: 80 	 (2502) 	T: 157 	 (2500) 	LAP 10
315.24 s > TEAM: 1 	F: 159 	 (3121) 	S: 80 	 (2752) 	T: 157 	 (2750) 	LAP 11
315.60 s > TEAM: 0 	F: 2 	 (3377) 	S: 1 	 (2876) 	T: 5 	 (2750) 	LAP 11
337.86 s > TEAM: 1 	F: 159 	 (3309) 	S: 80 	 (3059) 	T: 82 	 (3000) 	LAP 12
345.60 s > TEAM: 0 	F: 2 	 (3748) 	S: 1 	 (3188) 	T: 5 	 (3000) 	LAP 12
360.60 s > TEAM: 0 	F: 2 	 (3998) 	S: 1 	 (3313) 	T: 5 	 (3250) 	LAP 13
367.86 s > TEAM: 1 	F: 159 	 (3745) 	S: 80 	 (3309) 	T: 82 	 (3250) 	LAP 13
383.04 s > TEAM: 0 	F: 2 	 (4000) 	S: 1 	 (3500) 	T: 5 	 (3500) 	LAP 14
397.86 s > TEAM: 1 	F: 159 	 (3997) 	S: 80 	 (3559) 	T: 82 	 (3500) 	LAP 14
427.86 s > TEAM: 1 	F: 159 	 (4000) 	S: 80 	 (3809) 	T: 82 	 (3750) 	LAP 15
443.10 s > TEAM: 0 	F: 1 	 (4000) 	S: 2 	 (4000) 	T: 6 	 (3750) 	LAP 15
458.22 s > TEAM: 0 	F: 6 	 (4000) 	S: 1 	 (4000) 	T: 2 	 (4000) 	LAP 16
465.24 s > TEAM: 1 	F: 80 	 (4000) 	S: 157 	 (4000) 	T: 159 	 (4000) 	LAP 16
Broken Team 0: 0 (5), 3 (8), 4 (5), 5 (14), 8 (8), 9 (11), 11 (0), 13 (4), 14 (5), 15 (15), 16 (6), 19 (11), 24 (1), 25 (11), 28 (14), 29 (6), 34 (14), 35 (7), 37 (8), 38 (12), 41 (12), 45 (3), 50 (3), 59 (12), 60 (0), 63 (5), 65 (8), 68 (3), 69 (0), 70 (13), 71 (11), 72 (4), 73 (10), 74 (10), 
Broken Team 1: 81 (0), 82 (15), 84 (0), 86 (4), 88 (12), 91 (12), 95 (1), 98 (5), 100 (10), 101 (15), 104 (8), 105 (0), 113 (4), 118 (14), 119 (4), 123 (2), 126 (6), 130 (13), 134 (0), 137 (7), 140 (13), 154 (6), 
Finishing order: 2 (360.75), 159 (398.25), 1 (443.07), 80 (450.75), 6 (458.25), 157 (465.27), 7 (465.87), 83 (480.63), 85 (480.87), 87 (481.11), 10 (481.23), 89 (481.35), 12 (481.47), 90 (481.47), 158 (481.71), 156 (481.83), 92 (481.95), 17 (482.07), 93 (482.07), 94 (482.19), 18 (482.31), 20 (482.43), 96 (482.43), 21 (482.55), 97 (482.55), 22 (482.67), 23 (482.79), 102 (482.91), 99 (483.03), 26 (483.15), 27 (483.27), 103 (483.27), 30 (483.51), 31 (483.63), 106 (483.63), 107 (483.75), 32 (483.87), 108 (483.87), 33 (483.99), 109 (483.99), 110 (484.11), 36 (484.23), 111 (484.23), 112 (484.35), 114 (484.59), 39 (484.71), 115 (484.71), 40 (484.83), 116 (484.83), 117 (484.95), 42 (485.07), 43 (485.19), 136 (485.19), 44 (485.31), 120 (485.43), 46 (485.55), 121 (485.55), 47 (485.67), 122 (485.67), 48 (485.79), 49 (485.91), 124 (485.91), 125 (486.03), 51 (486.15), 52 (486.27), 127 (486.27), 53 (486.39), 128 (486.39), 54 (486.51), 129 (486.51), 56 (486.63), 57 (486.75), 131 (486.75), 58 (486.87), 132 (486.87), 133 (486.99), 55 (487.11), 138 (487.23), 61 (487.35), 62 (487.47), 135 (487.47), 139 (487.59), 67 (487.71), 141 (487.71), 66 (487.83), 142 (487.95), 143 (488.07), 144 (488.19), 145 (488.31), 146 (488.43), 147 (488.55), 148 (488.67), 75 (488.79), 149 (488.79), 77 (488.91), 151 (488.91), 78 (489.03), 150 (489.03), 79 (489.15), 152 (489.15), 76 (489.27), 153 (489.27), 64 (489.51), 155 (489.51), 
Result: TEAM 0 WIN*
