Mode: RANDOM
480.24 s > TEAM: 0 	F: 0 	 (4004) 	S: 2 	 (4001) 	T: 3 	 (4000) 	LAP 1
480.24 s > TEAM: 1 	F: 159 	 (4004) 	S: 80 	 (4001) 	T: 81 	 (4000) 	LAP 1
960.24 s > TEAM: 1 	F: 159 	 (10002) 	S: 80 	 (8001) 	T: 81 	 (8000) 	LAP 2
960.36 s > TEAM: 0 	F: 0 	 (10003) 	S: 3 	 (8001) 	T: 26 	 (8000) 	LAP 2
1440.24 s > TEAM: 1 	F: 159 	 (16004) 	S: 80 	 (12001) 	T: 81 	 (12000) 	LAP 3
1440.36 s > TEAM: 0 	F: 0 	 (14003) 	S: 3 	 (12001) 	T: 26 	 (12000) 	LAP 3
1920.24 s > TEAM: 1 	F: 159 	 (22002) 	S: 80 	 (16001) 	T: 81 	 (16000) 	LAP 4
1920.36 s > TEAM: 0 	F: 0 	 (18003) 	S: 3 	 (16001) 	T: 26 	 (16000) 	LAP 4
2400.24 s > TEAM: 1 	F: 159 	 (28004) 	S: 80 	 (20001) 	T: 81 	 (20000) 	LAP 5
2400.36 s > TEAM: 0 	F: 0 	 (24006) 	S: 3 	 (20001) 	T: 26 	 (20000) 	LAP 5
2880.24 s > TEAM: 1 	F: 159 	 (36004) 	S: 80 	 (24002) 	T: 81 	 (24000) 	LAP 6
2880.36 s > TEAM: 0 	F: 0 	 (32003) 	S: 3 	 (24001) 	T: 26 	 (24000) 	LAP 6
3360.24 s > TEAM: 1 	F: 159 	 (44002) 	S: 80 	 (30001) 	T: 81 	 (28000) 	LAP 7
3360.36 s > TEAM: 0 	F: 0 	 (36006) 	S: 3 	 (28001) 	T: 26 	 (28000) 	LAP 7
3840.24 s > TEAM: 1 	F: 159 	 (48004) 	S: 80 	 (34001) 	T: 81 	 (32000) 	LAP 8
3840.36 s > TEAM: 0 	F: 0 	 (42003) 	S: 3 	 (32001) 	T: 26 	 (32000) 	LAP 8
4320.24 s > TEAM: 1 	F: 159 	 (56004) 	S: 80 	 (40001) 	T: 81 	 (36000) 	LAP 9
4320.36 s > TEAM: 0 	F: 0 	 (46003) 	S: 3 	 (36001) 	T: 26 	 (36000) 	LAP 9
4800.24 s > TEAM: 1 	F: 159 	 (64000) 	S: 80 	 (44002) 	T: 81 	 (40000) 	LAP 10
4800.36 s > TEAM: 0 	F: 0 	 (52003) 	S: 3 	 (40001) 	T: 26 	 (40000) 	LAP 10
5280.24 s > TEAM: 1 	F: 159 	 (64000) 	S: 80 	 (50001) 	T: 81 	 (44000) 	LAP 11
5280.36 s > TEAM: 0 	F: 0 	 (56003) 	S: 3 	 (44001) 	T: 26 	 (44000) 	LAP 11
5760.24 s > TEAM: 1 	F: 159 	 (64000) 	S: 80 	 (54001) 	T: 81 	 (48000) 	LAP 12
5760.36 s > TEAM: 0 	F: 0 	 (60003) 	S: 3 	 (48001) 	T: 26 	 (48000) 	LAP 12
6240.24 s > TEAM: 1 	F: 159 	 (64000) 	S: 80 	 (60002) 	T: 81 	 (52000) 	LAP 13
6240.36 s > TEAM: 0 	F: 0 	 (64000) 	S: 3 	 (52002) 	T: 26 	 (52000) 	LAP 13
6480.36 s > TEAM: 0 	F: 0 	 (64000) 	S: 3 	 (56001) 	T: 26 	 (56000) 	LAP 14
6720.24 s > TEAM: 1 	F: 80 	 (64000) 	S: 159 	 (64000) 	T: 81 	 (56000) 	LAP 14
6960.24 s > TEAM: 1 	F: 80 	 (64000) 	S: 159 	 (64000) 	T: 81 	 (60000) 	LAP 15
6960.36 s > TEAM: 0 	F: 0 	 (64000) 	S: 3 	 (60002) 	T: 26 	 (60000) 	LAP 15
7440.24 s > TEAM: 1 	F: 80 	 (64000) 	S: 81 	 (64000) 	T: 159 	 (64000) 	LAP 16
7440.36 s > TEAM: 0 	F: 0 	 (64000) 	S: 3 	 (64000) 	T: 26 	 (64000) 	LAP 16
Broken Team 0: 1 (12), 2 (1), 4 (12), 7 (4), 10 (7), 21 (14), 25 (15), 28 (8), 34 (7), 36 (5), 40 (7), 44 (3), 45 (3), 46 (6), 47 (14), 51 (0), 56 (7), 57 (7), 61 (6), 64 (5), 65 (12), 67 (1), 69 (3), 74 (8), 75 (2), 76 (13), 
Broken Team 1: 85 (9), 91 (1), 92 (15), 94 (15), 97 (14), 98 (0), 99 (8), 101 (0), 102 (5), 103 (11), 105 (2), 116 (15), 118 (12), 119 (4), 121 (7), 122 (4), 123 (1), 130 (3), 134 (3), 137 (13), 139 (3), 146 (11), 148 (0), 149 (6), 151 (11), 156 (12), 
Finishing order: 159 (4800.03), 0 (6240.03), 80 (6480.15), 3 (7200.27), 81 (7440.27), 26 (7440.39), 82 (7680.39), 83 (7680.51), 84 (7680.63), 27 (7680.87), 86 (7680.87), 158 (7680.99), 6 (7681.11), 87 (7681.11), 5 (7681.23), 88 (7681.23), 8 (7681.35), 90 (7681.35), 9 (7681.47), 157 (7681.59), 12 (7681.71), 11 (7681.83), 89 (7681.83), 13 (7681.95), 155 (7681.95), 15 (7682.07), 93 (7682.07), 16 (7682.19), 14 (7682.31), 95 (7682.31), 18 (7682.43), 96 (7682.43), 19 (7682.55), 20 (7682.67), 17 (7682.79), 24 (7682.91), 22 (7683.03), 100 (7683.03), 23 (7683.27), 29 (7683.39), 104 (7683.39), 30 (7683.63), 106 (7683.63), 31 (7683.75), 107 (7683.75), 32 (7683.87), 108 (7683.87), 33 (7683.99), 109 (7683.99), 110 (7684.11), 35 (7684.23), 111 (7684.23), 112 (7684.35), 37 (7684.47), 113 (7684.47), 38 (7684.59), 114 (7684.59), 54 (7684.71), 115 (7684.71), 39 (7684.83), 117 (7684.95), 52 (7685.07), 41 (7685.19), 42 (7685.31), 43 (7685.43), 120 (7685.43), 154 (7685.79), 49 (7686.03), 124 (7686.03), 48 (7686.15), 125 (7686.15), 50 (7686.27), 126 (7686.27), 127 (7686.39), 128 (7686.51), 55 (7686.63), 129 (7686.63), 59 (7686.87), 131 (7686.87), 58 (7687.11), 132 (7687.11), 62 (7687.23), 133 (7687.23), 60 (7687.35), 63 (7687.47), 135 (7687.47), 136 (7687.59), 66 (7687.83), 138 (7687.83), 68 (7688.07), 140 (7688.07), 70 (7688.19), 142 (7688.19), 71 (7688.31), 143 (7688.31), 144 (7688.43), 153 (7688.55), 141 (7688.67), 72 (7688.79), 145 (7688.91), 73 (7689.03), 147 (7689.03), 78 (7689.15), 77 (7689.27), 79 (7689.39), 150 (7689.39), 53 (7689.51), 152 (7689.51), 
Result: TEAM 1 WIN
