Mode: RANDOM
480.24 s > TEAM: 0 	F: 0 	 (4004) 	S: 1 	 (4001) 	T: 4 	 (4000) 	LAP 1
480.24 s > TEAM: 1 	F: 159 	 (4002) 	S: 156 	 (4001) 	T: 155 	 (4000) 	LAP 1
960.24 s > TEAM: 0 	F: 0 	 (12004) 	S: 1 	 (8002) 	T: 4 	 (8000) 	LAP 2
960.24 s > TEAM: 1 	F: 159 	 (8004) 	S: 156 	 (8002) 	T: 155 	 (8000) 	LAP 2
1440.24 s > TEAM: 0 	F: 0 	 (20002) 	S: 1 	 (16001) 	T: 4 	 (12000) 	LAP 3
1440.24 s > TEAM: 1 	F: 159 	 (16004) 	S: 156 	 (14001) 	T: 155 	 (12000) 	LAP 3
1920.24 s > TEAM: 0 	F: 0 	 (24004) 	S: 1 	 (20002) 	T: 4 	 (16000) 	LAP 4
1920.24 s > TEAM: 1 	F: 159 	 (22000) 	S: 156 	 (20001) 	T: 155 	 (16000) 	LAP 4
2160.24 s > TEAM: 0 	F: 0 	 (28004) 	S: 1 	 (24001) 	T: 4 	 (20000) 	LAP 5
2400.24 s > TEAM: 1 	F: 159 	 (26000) 	S: 156 	 (24001) 	T: 155 	 (20000) 	LAP 5
2640.36 s > TEAM: 0 	F: 0 	 (36001) 	S: 1 	 (28002) 	T: 4 	 (24000) 	LAP 6
2880.24 s > TEAM: 1 	F: 159 	 (31998) 	S: 156 	 (28001) 	T: 155 	 (24000) 	LAP 6
3120.36 s > TEAM: 0 	F: 0 	 (40001) 	S: 1 	 (32002) 	T: 4 	 (28000) 	LAP 7
3360.24 s > TEAM: 1 	F: 159 	 (35998) 	S: 156 	 (32001) 	T: 155 	 (28000) 	LAP 7
3600.36 s > TEAM: 0 	F: 0 	 (44001) 	S: 1 	 (36002) 	T: 4 	 (32000) 	LAP 8
3840.24 s > TEAM: 1 	F: 159 	 (39998) 	S: 156 	 (34563) 	T: 155 	 (32000) 	LAP 8
4080.36 s > TEAM: 0 	F: 0 	 (48002) 	S: 1 	 (40002) 	T: 4 	 (36000) 	LAP 9
4320.36 s > TEAM: 1 	F: 159 	 (43999) 	S: 155 	 (36001) 	T: 157 	 (36000) 	LAP 9
4560.36 s > TEAM: 0 	F: 0 	 (54001) 	S: 1 	 (44002) 	T: 4 	 (40000) 	LAP 10
4800.36 s > TEAM: 1 	F: 159 	 (47588) 	S: 155 	 (40002) 	T: 157 	 (40000) 	LAP 10
5040.36 s > TEAM: 0 	F: 0 	 (60001) 	S: 1 	 (48004) 	T: 4 	 (44000) 	LAP 11
5040.36 s > TEAM: 1 	F: 159 	 (47588) 	S: 155 	 (44002) 	T: 157 	 (44000) 	LAP 11
5760.36 s > TEAM: 0 	F: 0 	 (64000) 	S: 1 	 (56004) 	T: 5 	 (48000) 	LAP 12
5760.48 s > TEAM: 1 	F: 157 	 (53001) 	S: 155 	 (52002) 	T: 158 	 (48000) 	LAP 12
6000.36 s > TEAM: 0 	F: 0 	 (64000) 	S: 1 	 (60002) 	T: 5 	 (52000) 	LAP 13
6240.48 s > TEAM: 0 	F: 0 	 (64000) 	S: 1 	 (62003) 	T: 3 	 (56000) 	LAP 14
6240.48 s > TEAM: 1 	F: 157 	 (57001) 	S: 155 	 (56002) 	T: 158 	 (52000) 	LAP 13
6480.60 s > TEAM: 0 	F: 0 	 (64000) 	S: 1 	 (64000) 	T: 2 	 (60000) 	LAP 15
6720.48 s > TEAM: 1 	F: 157 	 (61001) 	S: 155 	 (60002) 	T: 158 	 (56000) 	LAP 14
6960.60 s > TEAM: 0 	F: 0 	 (64000) 	S: 1 	 (64000) 	T: 2 	 (64000) 	LAP 16
7200.48 s > TEAM: 1 	F: 155 	 (64000) 	S: 157 	 (64000) 	T: 158 	 (60000) 	LAP 15
7440.48 s > TEAM: 1 	F: 155 	 (64000) 	S: 157 	 (64000) 	T: 158 	 (64000) 	LAP 16
Broken Team 0: 4 (11), 7 (7), 9 (0), 13 (13), 14 (8), 15 (0), 20 (10), 23 (2), 24 (2), 26 (0), 28 (3), 29 (13), 35 (12), 37 (11), 39 (7), 43 (8), 44 (0), 47 (3), 50 (4), 51 (1), 52 (3), 59 (14), 60 (6), 61 (7), 62 (10), 66 (8), 77 (6), 79 (8), 
Broken Team 1: 83 (0), 87 (3), 88 (9), 90 (14), 91 (4), 92 (13), 94 (14), 95 (7), 96 (6), 101 (6), 104 (10), 107 (11), 109 (6), 112 (15), 115 (6), 117 (3), 119 (5), 120 (6), 123 (5), 129 (7), 131 (2), 134 (2), 136 (14), 138 (10), 145 (7), 147 (12), 148 (0), 152 (4), 156 (8), 159 (11), 
Finishing order: 0 (5520.27), 1 (6480.15), 2 (6960.63), 157 (7080.33), 155 (7200.27), 3 (7200.51), 6 (7200.75), 5 (7440.39), 158 (7440.51), 80 (7440.63), 81 (7680.75), 8 (7680.87), 82 (7680.87), 84 (7681.11), 10 (7681.23), 85 (7681.23), 11 (7681.35), 86 (7681.35), 12 (7681.47), 89 (7681.71), 16 (7681.95), 17 (7682.07), 18 (7682.19), 93 (7682.19), 19 (7682.31), 21 (7682.55), 22 (7682.67), 97 (7682.67), 98 (7682.79), 99 (7682.91), 25 (7683.03), 100 (7683.03), 27 (7683.27), 102 (7683.27), 154 (7683.39), 30 (7683.63), 103 (7683.63), 31 (7683.75), 32 (7683.87), 105 (7683.87), 33 (7683.99), 151 (7683.99), 34 (7684.11), 106 (7684.11), 36 (7684.35), 108 (7684.35), 38 (7684.59), 153 (7684.59), 110 (7684.71), 40 (7684.83), 111 (7684.83), 41 (7684.95), 42 (7685.07), 149 (7685.07), 150 (7685.19), 45 (7685.43), 46 (7685.55), 146 (7685.55), 113 (7685.67), 48 (7685.79), 114 (7685.79), 144 (7685.91), 49 (7686.15), 116 (7686.15), 55 (7686.39), 118 (7686.39), 53 (7686.51), 57 (7686.63), 122 (7686.63), 56 (7686.75), 58 (7686.87), 121 (7686.87), 54 (7687.11), 124 (7687.11), 125 (7687.23), 63 (7687.35), 126 (7687.35), 127 (7687.47), 143 (7687.59), 64 (7687.71), 141 (7687.83), 65 (7687.95), 142 (7687.95), 68 (7688.07), 128 (7688.07), 67 (7688.19), 71 (7688.31), 130 (7688.31), 73 (7688.43), 69 (7688.55), 133 (7688.55), 72 (7688.67), 74 (7688.79), 132 (7688.79), 70 (7688.91), 75 (7689.03), 135 (7689.03), 76 (7689.15), 137 (7689.15), 139 (7689.27), 78 (7689.39), 140 (7689.51), 
Result: TEAM 0 WIN*
