Mode: RANDOM
480.24 s > TEAM: 0 	F: 0 	 (4004) 	S: 1 	 (4002) 	T: 2 	 (4000) 	LAP 1
480.24 s > TEAM: 1 	F: 159 	 (4002) 	S: 80 	 (4001) 	T: 157 	 (4000) 	LAP 1
720.24 s > TEAM: 0 	F: 0 	 (8002) 	S: 1 	 (8001) 	T: 2 	 (8000) 	LAP 2
960.24 s > TEAM: 1 	F: 159 	 (8004) 	S: 80 	 (8002) 	T: 157 	 (8000) 	LAP 2
1200.24 s > TEAM: 0 	F: 1 	 (14003) 	S: 0 	 (12002) 	T: 2 	 (12000) 	LAP 3
1200.24 s > TEAM: 1 	F: 80 	 (12002) 	S: 159 	 (12002) 	T: 157 	 (12000) 	LAP 3
1680.00 s > TEAM: 1 	F: 80 	 (17999) 	S: 157 	 (17998) 	T: 159 	 (16000) 	LAP 4
1680.24 s > TEAM: 0 	F: 1 	 (22003) 	S: 0 	 (16002) 	T: 2 	 (16000) 	LAP 4
2160.24 s > TEAM: 0 	F: 1 	 (27001) 	S: 0 	 (20002) 	T: 2 	 (20000) 	LAP 5
2400.48 s > TEAM: 1 	F: 157 	 (24004) 	S: 159 	 (22004) 	T: 154 	 (20000) 	LAP 5
2640.24 s > TEAM: 0 	F: 1 	 (33999) 	S: 0 	 (24004) 	T: 2 	 (24000) 	LAP 6
2880.24 s > TEAM: 0 	F: 1 	 (37999) 	S: 0 	 (28002) 	T: 2 	 (28000) 	LAP 7
2880.48 s > TEAM: 1 	F: 157 	 (30002) 	S: 159 	 (28008) 	T: 154 	 (24000) 	LAP 6
3360.24 s > TEAM: 0 	F: 1 	 (45998) 	S: 0 	 (32002) 	T: 2 	 (32000) 	LAP 8
3360.48 s > TEAM: 1 	F: 157 	 (36004) 	S: 159 	 (36001) 	T: 154 	 (28000) 	LAP 7
3840.24 s > TEAM: 0 	F: 1 	 (50999) 	S: 0 	 (36002) 	T: 2 	 (36000) 	LAP 9
3840.48 s > TEAM: 1 	F: 157 	 (42002) 	S: 159 	 (40001) 	T: 154 	 (32000) 	LAP 8
4320.24 s > TEAM: 0 	F: 1 	 (55999) 	S: 0 	 (40002) 	T: 2 	 (40000) 	LAP 10
4320.48 s > TEAM: 1 	F: 157 	 (46002) 	S: 159 	 (44001) 	T: 154 	 (36000) 	LAP 9
4800.24 s > TEAM: 0 	F: 1 	 (59999) 	S: 0 	 (44002) 	T: 2 	 (44000) 	LAP 11
4800.48 s > TEAM: 1 	F: 157 	 (52002) 	S: 159 	 (48001) 	T: 154 	 (40000) 	LAP 10
5280.24 s > TEAM: 0 	F: 1 	 (64000) 	S: 0 	 (48002) 	T: 2 	 (48000) 	LAP 12
5280.48 s > TEAM: 1 	F: 157 	 (56002) 	S: 159 	 (52001) 	T: 154 	 (44000) 	LAP 11
5760.24 s > TEAM: 0 	F: 1 	 (64000) 	S: 0 	 (52002) 	T: 2 	 (52000) 	LAP 13
5760.48 s > TEAM: 1 	F: 157 	 (60004) 	S: 159 	 (56001) 	T: 154 	 (48000) 	LAP 12
6240.24 s > TEAM: 0 	F: 1 	 (64000) 	S: 0 	 (56002) 	T: 2 	 (56000) 	LAP 14
6240.48 s > TEAM: 1 	F: 157 	 (64000) 	S: 159 	 (60001) 	T: 154 	 (52000) 	LAP 13
6720.24 s > TEAM: 0 	F: 1 	 (64000) 	S: 0 	 (60004) 	T: 2 	 (60000) 	LAP 15
6720.48 s > TEAM: 1 	F: 157 	 (64000) 	S: 159 	 (64000) 	T: 154 	 (56000) 	LAP 14
7200.24 s > TEAM: 0 	F: 0 	 (64000) 	S: 1 	 (64000) 	T: 2 	 (64000) 	LAP 16
7200.48 s > TEAM: 1 	F: 157 	 (64000) 	S: 159 	 (64000) 	T: 154 	 (60000) 	LAP 15
7440.48 s > TEAM: 1 	F: 154 	 (64000) 	S: 157 	 (64000) 	T: 159 	 (64000) 	LAP 16
Broken Team 0: 3 (4), 5 (15), 7 (15), 10 (7), 11 (3), 12 (6), 21 (4), 22 (7), 23 (5), 25 (6), 27 (6), 28 (0), 29 (10), 31 (1), 32 (0), 33 (5), 40 (13), 42 (15), 48 (10), 50 (7), 51 (7), 53 (0), 56 (13), 57 (4), 60 (11), 64 (5), 68 (3), 69 (15), 
Broken Team 1: 80 (4), 81 (7), 85 (6), 93 (8), 94 (0), 95 (11), 96 (11), 97 (4), 101 (6), 102 (15), 107 (13), 110 (11), 111 (14), 119 (4), 120 (13), 121 (6), 123 (4), 128 (0), 131 (4), 135 (8), 137 (0), 139 (1), 143 (2), 145 (12), 150 (5), 155 (1), 156 (3), 
Finishing order: 1 (5040.39), 157 (6000.27), 159 (6720.33), 0 (6960.03), 2 (7200.27), 4 (7440.51), 154 (7440.51), 151 (7680.63), 6 (7680.75), 153 (7680.75), 8 (7680.99), 152 (7680.99), 9 (7681.11), 158 (7681.11), 82 (7681.35), 83 (7681.47), 13 (7681.59), 84 (7681.59), 14 (7681.71), 15 (7681.83), 16 (7681.95), 86 (7681.95), 17 (7682.07), 87 (7682.07), 19 (7682.19), 88 (7682.19), 20 (7682.31), 89 (7682.31), 18 (7682.43), 148 (7682.43), 90 (7682.55), 91 (7682.67), 92 (7682.79), 24 (7682.91), 26 (7683.27), 30 (7683.51), 98 (7683.51), 99 (7683.63), 100 (7683.75), 34 (7684.11), 103 (7684.11), 35 (7684.23), 104 (7684.23), 36 (7684.35), 105 (7684.35), 37 (7684.47), 106 (7684.47), 39 (7684.59), 108 (7684.71), 41 (7684.83), 109 (7684.83), 44 (7684.95), 45 (7685.07), 112 (7685.07), 46 (7685.31), 114 (7685.31), 38 (7685.43), 115 (7685.43), 43 (7685.55), 116 (7685.55), 47 (7685.67), 113 (7685.67), 117 (7685.79), 49 (7685.91), 118 (7685.91), 52 (7686.27), 122 (7686.39), 54 (7686.51), 55 (7686.63), 124 (7686.63), 125 (7686.75), 126 (7686.87), 58 (7686.99), 127 (7686.99), 59 (7687.11), 129 (7687.23), 61 (7687.35), 130 (7687.35), 62 (7687.47), 63 (7687.59), 132 (7687.59), 134 (7687.71), 65 (7687.83), 66 (7687.95), 133 (7687.95), 67 (7688.07), 136 (7688.19), 138 (7688.31), 70 (7688.43), 71 (7688.55), 141 (7688.55), 72 (7688.67), 140 (7688.67), 73 (7688.79), 142 (7688.79), 74 (7688.91), 75 (7689.03), 144 (7689.03), 76 (7689.15), 146 (7689.15), 77 (7689.27), 147 (7689.27), 78 (7689.39), 79 (7689.51), 149 (7689.51), 
Result: TEAM 0 WIN*
