Mode: RANDOM
480.24 s > TEAM: 0 	F: 0 	 (4002) 	S: 2 	 (4001) 	T: 3 	 (4000) 	LAP 1
480.24 s > TEAM: 1 	F: 159 	 (4002) 	S: 158 	 (4001) 	T: 80 	 (4000) 	LAP 1
960.24 s > TEAM: 0 	F: 0 	 (8002) 	S: 2 	 (8001) 	T: 3 	 (8000) 	LAP 2
960.24 s > TEAM: 1 	F: 159 	 (8002) 	S: 158 	 (8001) 	T: 80 	 (8000) 	LAP 2
1440.24 s > TEAM: 0 	F: 0 	 (12002) 	S: 2 	 (12001) 	T: 3 	 (12000) 	LAP 3
1440.24 s > TEAM: 1 	F: 159 	 (12002) 	S: 158 	 (12001) 	T: 80 	 (12000) 	LAP 3
1920.24 s > TEAM: 0 	F: 0 	 (16002) 	S: 2 	 (16001) 	T: 3 	 (16000) 	LAP 4
1920.36 s > TEAM: 1 	F: 158 	 (16002) 	S: 80 	 (16001) 	T: 155 	 (16000) 	LAP 4
2400.24 s > TEAM: 0 	F: 0 	 (20002) 	S: 2 	 (20001) 	T: 3 	 (20000) 	LAP 5
2400.36 s > TEAM: 1 	F: 158 	 (20004) 	S: 80 	 (20001) 	T: 155 	 (20000) 	LAP 5
2880.24 s > TEAM: 0 	F: 0 	 (24002) 	S: 2 	 (24001) 	T: 3 	 (24000) 	LAP 6
2880.36 s > TEAM: 1 	F: 158 	 (26002) 	S: 80 	 (24001) 	T: 155 	 (24000) 	LAP 6
3360.24 s > TEAM: 0 	F: 0 	 (28002) 	S: 2 	 (28001) 	T: 3 	 (28000) 	LAP 7
3360.36 s > TEAM: 1 	F: 158 	 (30002) 	S: 80 	 (28001) 	T: 155 	 (28000) 	LAP 7
3840.24 s > TEAM: 0 	F: 0 	 (32004) 	S: 2 	 (32001) 	T: 3 	 (32000) 	LAP 8
3840.36 s > TEAM: 1 	F: 158 	 (36002) 	S: 80 	 (32001) 	T: 155 	 (32000) 	LAP 8
4320.24 s > TEAM: 0 	F: 0 	 (38002) 	S: 2 	 (36001) 	T: 3 	 (36000) 	LAP 9
4320.36 s > TEAM: 1 	F: 158 	 (37408) 	S: 80 	 (36001) 	T: 155 	 (36000) 	LAP 9
4800.24 s > TEAM: 0 	F: 0 	 (44004) 	S: 2 	 (40002) 	T: 3 	 (40000) 	LAP 10
4800.48 s > TEAM: 1 	F: 80 	 (40002) 	S: 155 	 (40001) 	T: 156 	 (40000) 	LAP 10
5280.24 s > TEAM: 0 	F: 0 	 (52002) 	S: 2 	 (46001) 	T: 3 	 (44000) 	LAP 11
5280.48 s > TEAM: 1 	F: 80 	 (44004) 	S: 155 	 (44001) 	T: 156 	 (44000) 	LAP 11
5760.24 s > TEAM: 0 	F: 0 	 (55181) 	S: 2 	 (50001) 	T: 3 	 (48000) 	LAP 12
5760.48 s > TEAM: 1 	F: 80 	 (50002) 	S: 155 	 (48001) 	T: 156 	 (48000) 	LAP 12
6240.24 s > TEAM: 0 	F: 2 	 (55999) 	S: 0 	 (55181) 	T: 3 	 (52000) 	LAP 13
6240.48 s > TEAM: 1 	F: 80 	 (54002) 	S: 155 	 (52001) 	T: 156 	 (52000) 	LAP 13
6720.36 s > TEAM: 0 	F: 2 	 (60000) 	S: 3 	 (59999) 	T: 1 	 (56000) 	LAP 14
6720.48 s > TEAM: 1 	F: 80 	 (60002) 	S: 155 	 (56001) 	T: 156 	 (56000) 	LAP 14
7200.36 s > TEAM: 0 	F: 2 	 (64000) 	S: 3 	 (63999) 	T: 1 	 (60000) 	LAP 15
7200.48 s > TEAM: 1 	F: 80 	 (64000) 	S: 155 	 (60002) 	T: 156 	 (60000) 	LAP 15
7680.36 s > TEAM: 0 	F: 1 	 (64000) 	S: 2 	 (64000) 	T: 3 	 (64000) 	LAP 16
7680.48 s > TEAM: 1 	F: 80 	 (64000) 	S: 155 	 (64000) 	T: 156 	 (64000) 	LAP 16
Broken Team 0: 0 (13), 11 (15), 13 (10), 14 (10), 17 (5), 32 (12), 41 (8), 46 (2), 48 (5), 49 (5), 51 (2), 55 (3), 56 (14), 61 (13), 65 (7), 67 (13), 68 (3), 69 (12), 71 (0), 76 (10), 77 (14), 
Broken Team 1: 85 (15), 86 (8), 101 (5), 105 (7), 110 (11), 112 (12), 113 (10), 114 (5), 118 (0), 119 (13), 125 (6), 127 (8), 129 (0), 130 (2), 132 (3), 140 (11), 147 (3), 152 (7), 154 (7), 157 (11), 158 (9), 159 (3), 
Finishing order: 80 (7200.27), 2 (7200.33), 3 (7200.51), 155 (7440.39), 1 (7680.39), 4 (7680.51), 156 (7680.51), 5 (7680.63), 81 (7680.63), 6 (7680.75), 7 (7680.87), 82 (7680.87), 8 (7680.99), 9 (7681.11), 83 (7681.11), 10 (7681.23), 84 (7681.23), 12 (7681.47), 87 (7681.59), 88 (7681.71), 15 (7681.83), 89 (7681.83), 16 (7681.95), 90 (7682.07), 18 (7682.19), 91 (7682.19), 19 (7682.31), 151 (7682.31), 21 (7682.43), 92 (7682.43), 20 (7682.55), 93 (7682.55), 22 (7682.67), 95 (7682.67), 23 (7682.79), 94 (7682.79), 24 (7682.91), 96 (7682.91), 25 (7683.03), 97 (7683.03), 26 (7683.15), 98 (7683.15), 27 (7683.27), 99 (7683.27), 28 (7683.39), 100 (7683.39), 29 (7683.51), 153 (7683.51), 30 (7683.63), 31 (7683.75), 102 (7683.75), 103 (7683.87), 33 (7683.99), 104 (7683.99), 34 (7684.11), 35 (7684.23), 106 (7684.23), 37 (7684.35), 107 (7684.35), 39 (7684.47), 108 (7684.47), 36 (7684.59), 109 (7684.59), 40 (7684.71), 111 (7684.83), 42 (7684.95), 45 (7685.07), 44 (7685.19), 138 (7685.19), 150 (7685.31), 115 (7685.55), 50 (7685.67), 116 (7685.67), 117 (7685.79), 52 (7685.91), 47 (7686.03), 62 (7686.15), 120 (7686.15), 59 (7686.27), 121 (7686.27), 63 (7686.39), 122 (7686.39), 64 (7686.51), 123 (7686.51), 124 (7686.63), 66 (7686.75), 126 (7686.87), 54 (7686.99), 70 (7687.35), 131 (7687.35), 75 (7687.59), 133 (7687.59), 72 (7687.71), 135 (7687.71), 74 (7687.83), 139 (7687.83), 73 (7687.95), 128 (7687.95), 78 (7688.19), 141 (7688.19), 79 (7688.31), 136 (7688.31), 142 (7688.43), 38 (7688.55), 134 (7688.55), 43 (7688.67), 143 (7688.67), 144 (7688.79), 60 (7689.03), 145 (7689.03), 149 (7689.15), 57 (7689.27), 148 (7689.27), 58 (7689.39), 146 (7689.39), 53 (7689.51), 137 (7689.51), 
Result: TEAM 0 WIN
