Mode: RANDOM
480.24 s > TEAM: 1 	F: 159 	 (4004) 	S: 80 	 (4001) 	T: 157 	 (4000) 	LAP 1
480.36 s > TEAM: 0 	F: 0 	 (4003) 	S: 1 	 (4001) 	T: 3 	 (4000) 	LAP 1
960.24 s > TEAM: 1 	F: 159 	 (10002) 	S: 80 	 (8001) 	T: 157 	 (8000) 	LAP 2
960.36 s > TEAM: 0 	F: 0 	 (8006) 	S: 1 	 (8002) 	T: 3 	 (8000) 	LAP 2
1200.36 s > TEAM: 0 	F: 0 	 (12003) 	S: 1 	 (12001) 	T: 3 	 (12000) 	LAP 3
1440.24 s > TEAM: 1 	F: 159 	 (15999) 	S: 80 	 (12001) 	T: 157 	 (12000) 	LAP 3
1680.48 s > TEAM: 0 	F: 0 	 (16008) 	S: 1 	 (16002) 	T: 3 	 (16000) 	LAP 4
1920.36 s > TEAM: 1 	F: 159 	 (20000) 	S: 157 	 (16001) 	T: 81 	 (16000) 	LAP 4
2400.36 s > TEAM: 1 	F: 159 	 (25086) 	S: 157 	 (20001) 	T: 81 	 (20000) 	LAP 5
2400.48 s > TEAM: 0 	F: 0 	 (24008) 	S: 3 	 (22000) 	T: 4 	 (20000) 	LAP 5
2880.36 s > TEAM: 1 	F: 159 	 (29086) 	S: 157 	 (24001) 	T: 81 	 (24000) 	LAP 6
2880.48 s > TEAM: 0 	F: 0 	 (31999) 	S: 3 	 (28000) 	T: 4 	 (24000) 	LAP 6
3120.60 s > TEAM: 0 	F: 0 	 (34000) 	S: 3 	 (32001) 	T: 4 	 (28000) 	LAP 7
3360.36 s > TEAM: 1 	F: 159 	 (33997) 	S: 157 	 (28001) 	T: 81 	 (28000) 	LAP 7
3600.60 s > TEAM: 0 	F: 0 	 (38000) 	S: 3 	 (36001) 	T: 4 	 (32000) 	LAP 8
3840.36 s > TEAM: 1 	F: 159 	 (37997) 	S: 157 	 (32001) 	T: 81 	 (32000) 	LAP 8
4080.60 s > TEAM: 0 	F: 0 	 (42000) 	S: 3 	 (40001) 	T: 4 	 (36000) 	LAP 9
4320.36 s > TEAM: 1 	F: 159 	 (41997) 	S: 157 	 (36002) 	T: 81 	 (36000) 	LAP 9
4560.60 s > TEAM: 0 	F: 0 	 (46000) 	S: 3 	 (44001) 	T: 4 	 (40000) 	LAP 10
4800.36 s > TEAM: 1 	F: 159 	 (45996) 	S: 157 	 (41995) 	T: 81 	 (40000) 	LAP 10
5040.60 s > TEAM: 0 	F: 0 	 (50000) 	S: 3 	 (48001) 	T: 4 	 (44000) 	LAP 11
5280.36 s > TEAM: 1 	F: 159 	 (49996) 	S: 157 	 (44948) 	T: 81 	 (44000) 	LAP 11
5520.60 s > TEAM: 0 	F: 0 	 (55999) 	S: 3 	 (52002) 	T: 4 	 (48000) 	LAP 12
5760.48 s > TEAM: 1 	F: 159 	 (53997) 	S: 81 	 (48001) 	T: 82 	 (48000) 	LAP 12
6000.60 s > TEAM: 0 	F: 0 	 (59999) 	S: 3 	 (57997) 	T: 4 	 (52000) 	LAP 13
6240.48 s > TEAM: 1 	F: 159 	 (59995) 	S: 81 	 (52001) 	T: 82 	 (52000) 	LAP 13
6240.60 s > TEAM: 0 	F: 0 	 (61999) 	S: 3 	 (60998) 	T: 4 	 (56000) 	LAP 14
6480.96 s > TEAM: 0 	F: 0 	 (64000) 	S: 3 	 (63001) 	T: 4 	 (60000) 	LAP 15
6720.48 s > TEAM: 1 	F: 159 	 (63997) 	S: 81 	 (56001) 	T: 82 	 (56000) 	LAP 14
6960.96 s > TEAM: 0 	F: 0 	 (64000) 	S: 3 	 (64000) 	T: 4 	 (64000) 	LAP 16
7200.48 s > TEAM: 1 	F: 159 	 (64000) 	S: 81 	 (60002) 	T: 82 	 (60000) 	LAP 15
7680.48 s > TEAM: 1 	F: 81 	 (64000) 	S: 82 	 (64000) 	T: 159 	 (64000) 	LAP 16
Broken Team 0: 1 (4), 2 (0), 15 (15), 21 (6), 24 (5), 25 (0), 26 (0), 30 (0), 33 (7), 34 (5), 36 (0), 38 (4), 41 (3), 42 (1), 43 (11), 47 (4), 49 (4), 51 (7), 58 (2), 64 (1), 66 (1), 71 (4), 73 (11), 77 (4), 79 (10), 
Broken Team 1: 80 (3), 86 (8), 93 (2), 95 (8), 101 (13), 103 (3), 108 (11), 110 (9), 111 (9), 116 (1), 117 (8), 118 (7), 122 (0), 123 (0), 125 (14), 127 (4), 131 (10), 132 (8), 140 (7), 141 (13), 142 (4), 144 (2), 147 (2), 157 (11), 
Finishing order: 0 (6480.69), 3 (6600.87), 159 (6720.87), 4 (6960.99), 81 (7440.39), 82 (7680.51), 5 (7680.63), 83 (7680.63), 6 (7680.75), 126 (7680.75), 7 (7680.87), 84 (7680.87), 8 (7680.99), 158 (7680.99), 9 (7681.11), 85 (7681.11), 11 (7681.23), 10 (7681.35), 87 (7681.35), 12 (7681.47), 88 (7681.47), 13 (7681.59), 14 (7681.71), 90 (7681.71), 91 (7681.83), 16 (7681.95), 89 (7681.95), 17 (7682.07), 92 (7682.07), 18 (7682.19), 19 (7682.31), 94 (7682.31), 20 (7682.43), 96 (7682.55), 22 (7682.67), 100 (7682.67), 23 (7682.79), 97 (7682.79), 98 (7682.91), 99 (7683.15), 27 (7683.27), 102 (7683.27), 28 (7683.39), 138 (7683.39), 29 (7683.51), 104 (7683.63), 32 (7683.75), 106 (7683.75), 107 (7683.87), 35 (7683.99), 109 (7683.99), 37 (7684.23), 105 (7684.23), 31 (7684.35), 114 (7684.59), 112 (7684.71), 39 (7684.83), 115 (7684.95), 44 (7685.07), 121 (7685.07), 46 (7685.19), 124 (7685.19), 45 (7685.31), 119 (7685.31), 40 (7685.43), 134 (7685.43), 48 (7685.55), 129 (7685.55), 50 (7685.67), 113 (7685.67), 136 (7685.79), 133 (7685.91), 52 (7686.03), 130 (7686.03), 135 (7686.15), 54 (7686.27), 137 (7686.27), 53 (7686.39), 60 (7686.51), 56 (7686.63), 55 (7686.75), 62 (7686.87), 139 (7686.87), 145 (7686.99), 57 (7687.11), 146 (7687.11), 65 (7687.23), 143 (7687.23), 61 (7687.35), 150 (7687.35), 68 (7687.47), 151 (7687.47), 63 (7687.59), 70 (7687.71), 154 (7687.83), 67 (7687.95), 155 (7688.07), 149 (7688.19), 72 (7688.31), 75 (7688.43), 156 (7688.43), 69 (7688.55), 152 (7688.55), 74 (7688.67), 153 (7688.79), 76 (7688.91), 120 (7689.03), 78 (7689.15), 128 (7689.15), 59 (7689.51), 148 (7689.51), 
Result: TEAM 0 WIN*
