Mode: RANDOM
480.24 s > TEAM: 0 	F: 0 	 (4002) 	S: 1 	 (4001) 	T: 3 	 (4000) 	LAP 1
480.24 s > TEAM: 1 	F: 159 	 (4004) 	S: 156 	 (4001) 	T: 158 	 (4000) 	LAP 1
960.24 s > TEAM: 0 	F: 0 	 (8004) 	S: 1 	 (8002) 	T: 3 	 (8000) 	LAP 2
960.24 s > TEAM: 1 	F: 159 	 (10002) 	S: 156 	 (8001) 	T: 158 	 (8000) 	LAP 2
1200.24 s > TEAM: 0 	F: 0 	 (12004) 	S: 1 	 (12001) 	T: 3 	 (12000) 	LAP 3
1440.24 s > TEAM: 1 	F: 159 	 (15997) 	S: 156 	 (12002) 	T: 158 	 (12000) 	LAP 3
1680.36 s > TEAM: 0 	F: 1 	 (16002) 	S: 3 	 (16001) 	T: 57 	 (16000) 	LAP 4
1920.24 s > TEAM: 1 	F: 159 	 (19998) 	S: 156 	 (18001) 	T: 158 	 (16000) 	LAP 4
2160.36 s > TEAM: 0 	F: 1 	 (20002) 	S: 3 	 (20001) 	T: 57 	 (20000) 	LAP 5
2400.24 s > TEAM: 1 	F: 156 	 (23999) 	S: 159 	 (23998) 	T: 158 	 (20000) 	LAP 5
2640.24 s > TEAM: 0 	F: 57 	 (25997) 	S: 1 	 (24002) 	T: 3 	 (24000) 	LAP 6
2640.24 s > TEAM: 1 	F: 156 	 (27999) 	S: 159 	 (27998) 	T: 158 	 (24000) 	LAP 6
2880.54 s > TEAM: 0 	F: 1 	 (28001) 	S: 3 	 (28000) 	T: 57 	 (28000) 	LAP 7
3120.24 s > TEAM: 1 	F: 156 	 (31999) 	S: 159 	 (31996) 	T: 158 	 (28000) 	LAP 7
3360.54 s > TEAM: 0 	F: 1 	 (32003) 	S: 3 	 (32001) 	T: 57 	 (32000) 	LAP 8
3600.24 s > TEAM: 1 	F: 156 	 (37999) 	S: 159 	 (35996) 	T: 158 	 (32000) 	LAP 8
3600.60 s > TEAM: 0 	F: 1 	 (36001) 	S: 3 	 (36001) 	T: 57 	 (36000) 	LAP 9
4080.24 s > TEAM: 1 	F: 156 	 (43995) 	S: 159 	 (39996) 	T: 158 	 (36000) 	LAP 9
4080.60 s > TEAM: 0 	F: 1 	 (40001) 	S: 57 	 (40001) 	T: 3 	 (40000) 	LAP 10
4560.24 s > TEAM: 1 	F: 156 	 (47995) 	S: 159 	 (45996) 	T: 158 	 (40000) 	LAP 10
4560.60 s > TEAM: 0 	F: 1 	 (44001) 	S: 57 	 (44001) 	T: 3 	 (44000) 	LAP 11
5040.24 s > TEAM: 1 	F: 156 	 (51995) 	S: 159 	 (49996) 	T: 158 	 (44000) 	LAP 11
5040.60 s > TEAM: 0 	F: 1 	 (48003) 	S: 57 	 (48001) 	T: 3 	 (48000) 	LAP 12
5520.24 s > TEAM: 1 	F: 156 	 (59991) 	S: 159 	 (55992) 	T: 158 	 (48000) 	LAP 12
5760.24 s > TEAM: 1 	F: 156 	 (63991) 	S: 159 	 (59596) 	T: 158 	 (52000) 	LAP 13
6000.24 s > TEAM: 1 	F: 156 	 (64000) 	S: 159 	 (59596) 	T: 158 	 (56000) 	LAP 14
6240.60 s > TEAM: 0 	F: 1 	 (60003) 	S: 57 	 (58001) 	T: 5 	 (52000) 	LAP 13
6720.60 s > TEAM: 0 	F: 1 	 (64000) 	S: 57 	 (63999) 	T: 5 	 (56000) 	LAP 14
6960.60 s > TEAM: 0 	F: 1 	 (64000) 	S: 57 	 (64000) 	T: 5 	 (60000) 	LAP 15
6960.60 s > TEAM: 1 	F: 156 	 (64000) 	S: 158 	 (64000) 	T: 112 	 (60000) 	LAP 15
7200.60 s > TEAM: 0 	F: 1 	 (64000) 	S: 5 	 (64000) 	T: 57 	 (64000) 	LAP 16
7440.60 s > TEAM: 1 	F: 112 	 (64000) 	S: 156 	 (64000) 	T: 158 	 (64000) 	LAP 16
Broken Team 0: 0 (3), 3 (12), 4 (5), 6 (3), 8 (6), 13 (2), 17 (7), 21 (3), 29 (10), 30 (8), 40 (7), 44 (10), 47 (2), 48 (4), 49 (0), 50 (0), 52 (12), 59 (7), 60 (1), 61 (3), 64 (0), 68 (3), 71 (2), 73 (0), 77 (3), 78 (7), 
Broken Team 1: 80 (3), 81 (10), 83 (8), 84 (0), 85 (15), 88 (6), 90 (5), 93 (7), 97 (5), 98 (0), 104 (9), 118 (1), 119 (8), 120 (12), 122 (4), 123 (6), 125 (0), 129 (0), 137 (0), 143 (0), 144 (2), 150 (5), 151 (2), 154 (10), 155 (0), 157 (11), 159 (14), 
Finishing order: 156 (5760.81), 1 (6480.45), 158 (6720.27), 57 (6720.69), 5 (7200.63), 112 (7440.63), 2 (7440.75), 31 (7440.87), 82 (7680.87), 7 (7681.11), 10 (7681.35), 86 (7681.35), 9 (7681.47), 87 (7681.47), 19 (7681.59), 11 (7681.71), 89 (7681.71), 12 (7681.83), 91 (7681.83), 15 (7681.95), 92 (7681.95), 14 (7682.07), 94 (7682.31), 16 (7682.43), 95 (7682.43), 18 (7682.55), 96 (7682.55), 23 (7682.67), 24 (7682.79), 100 (7682.91), 25 (7683.03), 101 (7683.03), 27 (7683.15), 102 (7683.15), 28 (7683.27), 99 (7683.27), 26 (7683.39), 103 (7683.39), 36 (7683.63), 105 (7683.63), 33 (7683.75), 106 (7683.75), 37 (7683.87), 107 (7683.87), 38 (7683.99), 109 (7683.99), 39 (7684.11), 108 (7684.11), 110 (7684.23), 41 (7684.35), 111 (7684.35), 42 (7684.47), 113 (7684.47), 43 (7684.59), 114 (7684.59), 45 (7684.71), 115 (7684.71), 46 (7684.83), 117 (7684.83), 116 (7685.07), 51 (7685.43), 54 (7685.55), 121 (7685.55), 56 (7685.79), 124 (7685.79), 127 (7686.03), 62 (7686.15), 126 (7686.15), 63 (7686.27), 130 (7686.39), 65 (7686.51), 131 (7686.51), 66 (7686.63), 134 (7686.63), 67 (7686.75), 133 (7686.75), 132 (7686.87), 135 (7686.99), 74 (7687.11), 136 (7687.11), 72 (7687.23), 139 (7687.23), 76 (7687.47), 140 (7687.47), 75 (7687.59), 141 (7687.59), 138 (7687.71), 79 (7687.83), 142 (7687.83), 55 (7688.07), 69 (7688.19), 145 (7688.19), 128 (7688.31), 58 (7688.43), 146 (7688.43), 70 (7688.55), 147 (7688.55), 32 (7688.67), 148 (7688.67), 34 (7688.79), 149 (7688.79), 35 (7688.91), 20 (7689.03), 152 (7689.03), 22 (7689.15), 153 (7689.15), 53 (7689.51), 
Result: TEAM 0 WIN*
