Mode: RANDOM
480.24 s > TEAM: 0 	F: 4 	 (4002) 	S: 0 	 (4001) 	T: 2 	 (4000) 	LAP 1
480.24 s > TEAM: 1 	F: 159 	 (4004) 	S: 157 	 (4002) 	T: 156 	 (4000) 	LAP 1
720.36 s > TEAM: 1 	F: 159 	 (8003) 	S: 157 	 (8002) 	T: 153 	 (8000) 	LAP 2
960.24 s > TEAM: 0 	F: 4 	 (8004) 	S: 0 	 (8001) 	T: 2 	 (8000) 	LAP 2
1200.36 s > TEAM: 1 	F: 159 	 (12003) 	S: 157 	 (12002) 	T: 153 	 (12000) 	LAP 3
1440.24 s > TEAM: 0 	F: 4 	 (14002) 	S: 0 	 (12001) 	T: 2 	 (12000) 	LAP 3
1680.36 s > TEAM: 1 	F: 159 	 (16006) 	S: 157 	 (16002) 	T: 153 	 (16000) 	LAP 4
1920.24 s > TEAM: 0 	F: 4 	 (18002) 	S: 0 	 (16001) 	T: 2 	 (16000) 	LAP 4
2160.36 s > TEAM: 1 	F: 159 	 (22003) 	S: 157 	 (20002) 	T: 153 	 (20000) 	LAP 5
2400.24 s > TEAM: 0 	F: 4 	 (23997) 	S: 0 	 (20001) 	T: 2 	 (20000) 	LAP 5
2640.36 s > TEAM: 1 	F: 159 	 (26003) 	S: 157 	 (24002) 	T: 153 	 (24000) 	LAP 6
2880.24 s > TEAM: 0 	F: 4 	 (27997) 	S: 0 	 (24001) 	T: 2 	 (24000) 	LAP 6
3120.36 s > TEAM: 1 	F: 159 	 (30003) 	S: 157 	 (28002) 	T: 153 	 (28000) 	LAP 7
3360.24 s > TEAM: 0 	F: 4 	 (31997) 	S: 0 	 (28002) 	T: 2 	 (28000) 	LAP 7
3600.24 s > TEAM: 0 	F: 4 	 (33996) 	S: 0 	 (32002) 	T: 2 	 (32000) 	LAP 8
3600.36 s > TEAM: 1 	F: 159 	 (35998) 	S: 157 	 (32002) 	T: 153 	 (32000) 	LAP 8
3840.84 s > TEAM: 0 	F: 4 	 (36002) 	S: 0 	 (36001) 	T: 2 	 (36000) 	LAP 9
4080.36 s > TEAM: 1 	F: 159 	 (39996) 	S: 157 	 (36002) 	T: 153 	 (36000) 	LAP 9
4320.96 s > TEAM: 0 	F: 2 	 (40002) 	S: 1 	 (40000) 	T: 4 	 (40000) 	LAP 10
4560.36 s > TEAM: 1 	F: 159 	 (43996) 	S: 157 	 (40002) 	T: 153 	 (40000) 	LAP 10
4800.84 s > TEAM: 0 	F: 4 	 (44002) 	S: 2 	 (44001) 	T: 0 	 (44000) 	LAP 11
5040.36 s > TEAM: 1 	F: 159 	 (47997) 	S: 157 	 (44004) 	T: 153 	 (44000) 	LAP 11
5280.36 s > TEAM: 1 	F: 159 	 (49997) 	S: 157 	 (48002) 	T: 153 	 (48000) 	LAP 12
5280.96 s > TEAM: 0 	F: 4 	 (48003) 	S: 0 	 (48001) 	T: 1 	 (48000) 	LAP 12
5760.12 s > TEAM: 1 	F: 159 	 (53995) 	S: 153 	 (53992) 	T: 157 	 (52000) 	LAP 13
5760.96 s > TEAM: 0 	F: 4 	 (52003) 	S: 0 	 (52001) 	T: 1 	 (52000) 	LAP 13
6240.12 s > TEAM: 1 	F: 159 	 (57996) 	S: 153 	 (57992) 	T: 157 	 (56000) 	LAP 14
6240.96 s > TEAM: 0 	F: 4 	 (56003) 	S: 0 	 (56002) 	T: 1 	 (56000) 	LAP 14
6720.12 s > TEAM: 1 	F: 159 	 (61995) 	S: 153 	 (61992) 	T: 157 	 (60000) 	LAP 15
6720.96 s > TEAM: 0 	F: 0 	 (60003) 	S: 4 	 (60003) 	T: 1 	 (60000) 	LAP 15
7200.12 s > TEAM: 1 	F: 153 	 (64000) 	S: 157 	 (64000) 	T: 159 	 (64000) 	LAP 16
7200.96 s > TEAM: 0 	F: 0 	 (64000) 	S: 1 	 (64000) 	T: 4 	 (64000) 	LAP 16
Broken Team 0: 2 (11), 3 (12), 7 (11), 11 (7), 12 (15), 21 (13), 24 (5), 27 (3), 30 (15), 33 (0), 39 (1), 42 (1), 46 (4), 47 (4), 48 (3), 52 (9), 60 (5), 66 (13), 70 (10), 71 (1), 74 (11), 75 (8), 
Broken Team 1: 80 (12), 81 (9), 83 (9), 88 (7), 89 (7), 93 (8), 94 (14), 95 (13), 97 (13), 98 (2), 103 (6), 106 (6), 110 (9), 116 (9), 117 (12), 123 (10), 124 (1), 125 (13), 126 (10), 127 (3), 129 (5), 131 (1), 132 (6), 134 (14), 135 (1), 138 (4), 140 (4), 146 (13), 147 (15), 148 (0), 150 (1), 156 (1), 
Finishing order: 159 (6960.75), 153 (6961.11), 157 (7200.15), 0 (7200.63), 4 (7200.63), 1 (7200.99), 155 (7440.51), 5 (7680.51), 158 (7680.63), 6 (7680.75), 151 (7680.87), 8 (7680.99), 9 (7681.11), 102 (7681.11), 10 (7681.23), 82 (7681.35), 13 (7681.59), 84 (7681.59), 14 (7681.71), 154 (7681.71), 15 (7681.83), 85 (7681.83), 16 (7681.95), 86 (7681.95), 17 (7682.07), 87 (7682.07), 18 (7682.19), 19 (7682.31), 20 (7682.43), 91 (7682.43), 90 (7682.55), 22 (7682.67), 92 (7682.67), 23 (7682.79), 25 (7683.03), 26 (7683.15), 96 (7683.15), 130 (7683.27), 29 (7683.39), 100 (7683.51), 31 (7683.63), 99 (7683.63), 32 (7683.75), 101 (7683.75), 104 (7683.87), 34 (7683.99), 108 (7683.99), 35 (7684.11), 105 (7684.11), 36 (7684.23), 37 (7684.35), 28 (7684.47), 38 (7684.59), 109 (7684.59), 107 (7684.71), 40 (7684.83), 128 (7684.83), 41 (7684.95), 112 (7684.95), 43 (7685.19), 111 (7685.19), 44 (7685.31), 113 (7685.31), 114 (7685.43), 45 (7685.67), 49 (7685.91), 115 (7685.91), 50 (7686.03), 120 (7686.03), 51 (7686.15), 119 (7686.15), 121 (7686.27), 53 (7686.39), 54 (7686.51), 118 (7686.51), 55 (7686.63), 122 (7686.63), 56 (7686.75), 57 (7686.87), 58 (7686.99), 59 (7687.11), 61 (7687.23), 136 (7687.35), 62 (7687.47), 63 (7687.59), 137 (7687.59), 64 (7687.71), 65 (7687.83), 139 (7687.83), 141 (7687.95), 68 (7688.07), 142 (7688.07), 67 (7688.19), 133 (7688.19), 143 (7688.31), 69 (7688.43), 144 (7688.43), 72 (7688.55), 145 (7688.55), 76 (7688.91), 73 (7689.03), 78 (7689.15), 79 (7689.27), 77 (7689.39), 149 (7689.39), 152 (7689.51), 
Result: TEAM 1 WIN
