Mode: RANDOM
480.24 s > TEAM: 0 	F: 1 	 (4004) 	S: 2 	 (4001) 	T: 0 	 (4000) 	LAP 1
480.24 s > TEAM: 1 	F: 39 	 (4002) 	S: 38 	 (4001) 	T: 37 	 (4000) 	LAP 1
960.24 s > TEAM: 0 	F: 1 	 (12002) 	S: 2 	 (8001) 	T: 0 	 (8000) 	LAP 2
960.24 s > TEAM: 1 	F: 39 	 (8002) 	S: 38 	 (8001) 	T: 37 	 (8000) 	LAP 2
1440.24 s > TEAM: 0 	F: 1 	 (16002) 	S: 2 	 (12001) 	T: 0 	 (12000) 	LAP 3
1440.24 s > TEAM: 1 	F: 39 	 (12004) 	S: 38 	 (12002) 	T: 37 	 (12000) 	LAP 3
1680.24 s > TEAM: 1 	F: 39 	 (16002) 	S: 38 	 (16001) 	T: 37 	 (16000) 	LAP 4
1920.24 s > TEAM: 0 	F: 1 	 (20004) 	S: 2 	 (16002) 	T: 0 	 (16000) 	LAP 4
2160.12 s > TEAM: 1 	F: 37 	 (21999) 	S: 39 	 (20001) 	T: 38 	 (20000) 	LAP 5
2400.24 s > TEAM: 0 	F: 1 	 (27996) 	S: 2 	 (22323) 	T: 0 	 (20000) 	LAP 5
2640.12 s > TEAM: 1 	F: 37 	 (26999) 	S: 39 	 (24001) 	T: 38 	 (24000) 	LAP 6
2640.36 s > TEAM: 0 	F: 1 	 (29997) 	S: 0 	 (24001) 	T: 3 	 (24000) 	LAP 6
3120.12 s > TEAM: 1 	F: 37 	 (31994) 	S: 39 	 (28002) 	T: 38 	 (28000) 	LAP 7
3120.36 s > TEAM: 0 	F: 1 	 (33996) 	S: 0 	 (28001) 	T: 3 	 (28000) 	LAP 7
3360.12 s > TEAM: 1 	F: 37 	 (33994) 	S: 39 	 (32002) 	T: 38 	 (32000) 	LAP 8
3600.36 s > TEAM: 0 	F: 1 	 (37996) 	S: 0 	 (32001) 	T: 3 	 (32000) 	LAP 8
3601.08 s > TEAM: 1 	F: 37 	 (36002) 	S: 39 	 (36001) 	T: 38 	 (36000) 	LAP 9
4080.48 s > TEAM: 0 	F: 1 	 (41997) 	S: 0 	 (36002) 	T: 16 	 (36000) 	LAP 9
4080.90 s > TEAM: 1 	F: 37 	 (40001) 	S: 38 	 (40000) 	T: 39 	 (40000) 	LAP 10
4560.48 s > TEAM: 0 	F: 1 	 (45997) 	S: 0 	 (40002) 	T: 16 	 (40000) 	LAP 10
4561.08 s > TEAM: 1 	F: 37 	 (45274) 	S: 38 	 (44001) 	T: 39 	 (44000) 	LAP 11
5040.48 s > TEAM: 0 	F: 1 	 (49997) 	S: 0 	 (44002) 	T: 16 	 (44000) 	LAP 11
5041.02 s > TEAM: 1 	F: 37 	 (50548) 	S: 38 	 (48001) 	T: 39 	 (48000) 	LAP 12
5520.48 s > TEAM: 0 	F: 1 	 (55994) 	S: 0 	 (48002) 	T: 16 	 (48000) 	LAP 12
5521.20 s > TEAM: 1 	F: 37 	 (55275) 	S: 39 	 (52001) 	T: 38 	 (52000) 	LAP 13
6000.48 s > TEAM: 0 	F: 1 	 (61993) 	S: 0 	 (52002) 	T: 16 	 (52000) 	LAP 13
6001.20 s > TEAM: 1 	F: 37 	 (59275) 	S: 39 	 (56001) 	T: 38 	 (56000) 	LAP 14
6480.48 s > TEAM: 0 	F: 1 	 (64000) 	S: 0 	 (56004) 	T: 16 	 (56000) 	LAP 14
6481.20 s > TEAM: 1 	F: 37 	 (63999) 	S: 39 	 (60001) 	T: 38 	 (60000) 	LAP 15
6960.48 s > TEAM: 0 	F: 1 	 (64000) 	S: 0 	 (61994) 	T: 16 	 (60000) 	LAP 15
6961.20 s > TEAM: 1 	F: 37 	 (64000) 	S: 38 	 (64000) 	T: 39 	 (64000) 	LAP 16
7200.48 s > TEAM: 0 	F: 0 	 (64000) 	S: 1 	 (64000) 	T: 16 	 (64000) 	LAP 16
Broken Team 0: 2 (5), 3 (8), 4 (0), 6 (13), 8 (11), 9 (5), 13 (2), 14 (14), 18 (6), 19 (4), 
Broken Team 1: 26 (9), 31 (11), 32 (3), 35 (3), 36 (4), 
Finishing order: 1 (6241.35), 37 (6481.35), 39 (6961.05), 38 (6961.23), 0 (7081.11), 16 (7200.51), 30 (7440.51), 15 (7440.63), 24 (7440.75), 21 (7680.87), 17 (7680.99), 20 (7680.99), 12 (7681.11), 22 (7681.11), 25 (7681.23), 5 (7681.35), 23 (7681.35), 7 (7681.47), 27 (7681.47), 28 (7681.59), 10 (7681.71), 11 (7681.95), 34 (7682.07), 29 (7682.19), 33 (7682.31), 
Result: TEAM 1 WIN*
: 2 (6721.47), 81 (6960.99), 159 (6961.11), 80 (6961.47), 1 (7200.87), 40 (7201.23), 58 (7201.35), 82 (7440.39), 83 (7440.51), 5 (7680.75), 84 (7680.75), 6 (7680.87), 7 (7680.99), 8 (7681.11), 86 (7681.11), 9 (7681.23), 10 (7681.35), 12 (7681.59), 93 (7681.59), 92 (7681.71), 15 (7681.83), 94 (7681.83), 95 (7681.95), 16 (7682.07), 97 (7682.07), 17 (7682.19), 98 (7682.31), 20 (7682.43), 19 (7682.55), 101 (7682.55), 21 (7682.67), 22 (7682.79), 103 (7682.79), 23 (7682.91), 102 (7682.91), 24 (7683.03), 104 (7683.03), 105 (7683.15), 26 (7683.27), 106 (7683.27), 107 (7683.39), 109 (7683.51), 28 (7683.63), 31 (7683.87), 111 (7683.87), 32 (7683.99), 113 (7683.99), 33 (7684.11), 112 (7684.11), 114 (7684.23), 36 (7684.47), 115 (7684.47), 38 (7684.59), 63 (7684.71), 118 (7684.71), 119 (7684.83), 121 (7684.95), 43 (7685.07), 120 (7685.07), 37 (7685.19), 122 (7685.19), 44 (7685.31), 123 (7685.31), 47 (7685.55), 125 (7685.55), 51 (7685.67), 126 (7685.67), 128 (7685.91), 59 (7686.03), 129 (7686.15), 55 (7686.39), 61 (7686.51), 62 (7686.63), 135 (7686.63), 65 (7686.75), 64 (7686.87), 136 (7686.87), 67 (7686.99), 66 (7687.11), 138 (7687.11), 69 (7687.23), 70 (7687.35), 139 (7687.35), 68 (7687.47), 71 (7687.59), 142 (7687.59), 74 (7687.71), 143 (7687.71), 73 (7687.83), 144 (7687.83), 75 (7687.95), 145 (7687.95), 77 (7688.19), 72 (7688.31), 78 (7688.43), 148 (7688.43), 79 (7688.55), 150 (7688.55), 41 (7688.67), 54 (7688.79), 152 (7688.79), 53 (7688.91), 57 (7689.03), 155 (7689.15), 46 (7689.39), 0 (7689.51), 158 (7689.51), 
Result: TEAM 1 WIN*
