Mode: RANDOM
480.24 s > TEAM: 0 	F: 1 	 (4004) 	S: 0 	 (4002) 	T: 3 	 (4000) 	LAP 1
480.24 s > TEAM: 1 	F: 159 	 (4002) 	S: 156 	 (4001) 	T: 155 	 (4000) 	LAP 1
960.36 s > TEAM: 0 	F: 0 	 (12002) 	S: 3 	 (8001) 	T: 2 	 (8000) 	LAP 2
960.36 s > TEAM: 1 	F: 159 	 (8003) 	S: 156 	 (8002) 	T: 154 	 (8000) 	LAP 2
1440.36 s > TEAM: 0 	F: 0 	 (13048) 	S: 3 	 (12001) 	T: 2 	 (12000) 	LAP 3
1440.36 s > TEAM: 1 	F: 159 	 (12003) 	S: 156 	 (12002) 	T: 154 	 (12000) 	LAP 3
1920.36 s > TEAM: 1 	F: 159 	 (16003) 	S: 156 	 (16002) 	T: 154 	 (16000) 	LAP 4
1920.48 s > TEAM: 0 	F: 3 	 (16004) 	S: 2 	 (16001) 	T: 4 	 (16000) 	LAP 4
2400.36 s > TEAM: 1 	F: 159 	 (20006) 	S: 156 	 (20002) 	T: 154 	 (20000) 	LAP 5
2400.48 s > TEAM: 0 	F: 3 	 (22002) 	S: 2 	 (20001) 	T: 4 	 (20000) 	LAP 5
2880.36 s > TEAM: 1 	F: 159 	 (28003) 	S: 156 	 (24002) 	T: 154 	 (24000) 	LAP 6
2880.48 s > TEAM: 0 	F: 3 	 (28004) 	S: 2 	 (24002) 	T: 4 	 (24000) 	LAP 6
3120.48 s > TEAM: 0 	F: 3 	 (32004) 	S: 2 	 (28002) 	T: 4 	 (28000) 	LAP 7
3360.36 s > TEAM: 1 	F: 159 	 (32006) 	S: 156 	 (28004) 	T: 154 	 (28000) 	LAP 7
3360.48 s > TEAM: 0 	F: 3 	 (36002) 	S: 2 	 (32001) 	T: 4 	 (32000) 	LAP 8
3600.36 s > TEAM: 1 	F: 159 	 (36006) 	S: 156 	 (32002) 	T: 154 	 (32000) 	LAP 8
3600.60 s > TEAM: 0 	F: 3 	 (38003) 	S: 4 	 (36002) 	T: 5 	 (36000) 	LAP 9
3840.60 s > TEAM: 0 	F: 3 	 (40006) 	S: 4 	 (40001) 	T: 5 	 (40000) 	LAP 10
4080.12 s > TEAM: 1 	F: 159 	 (44002) 	S: 154 	 (37998) 	T: 156 	 (36000) 	LAP 9
4320.60 s > TEAM: 0 	F: 3 	 (48003) 	S: 4 	 (44001) 	T: 5 	 (44000) 	LAP 11
4560.12 s > TEAM: 1 	F: 159 	 (50001) 	S: 154 	 (41998) 	T: 156 	 (40000) 	LAP 10
4800.60 s > TEAM: 0 	F: 3 	 (52003) 	S: 4 	 (48001) 	T: 5 	 (48000) 	LAP 12
5040.12 s > TEAM: 1 	F: 159 	 (56001) 	S: 154 	 (45998) 	T: 156 	 (44000) 	LAP 11
5280.60 s > TEAM: 0 	F: 3 	 (56003) 	S: 4 	 (52001) 	T: 5 	 (52000) 	LAP 13
5520.12 s > TEAM: 1 	F: 159 	 (60001) 	S: 154 	 (49998) 	T: 156 	 (48000) 	LAP 12
5760.60 s > TEAM: 0 	F: 3 	 (60003) 	S: 4 	 (56001) 	T: 5 	 (56000) 	LAP 14
6000.12 s > TEAM: 1 	F: 159 	 (64000) 	S: 154 	 (53998) 	T: 156 	 (52000) 	LAP 13
6240.60 s > TEAM: 0 	F: 3 	 (64000) 	S: 4 	 (60002) 	T: 5 	 (60000) 	LAP 15
6480.12 s > TEAM: 1 	F: 159 	 (64000) 	S: 154 	 (57998) 	T: 156 	 (56000) 	LAP 14
6480.60 s > TEAM: 0 	F: 3 	 (64000) 	S: 4 	 (64000) 	T: 5 	 (64000) 	LAP 16
6960.12 s > TEAM: 1 	F: 159 	 (64000) 	S: 154 	 (61998) 	T: 156 	 (60000) 	LAP 15
7440.12 s > TEAM: 1 	F: 154 	 (64000) 	S: 156 	 (64000) 	T: 159 	 (64000) 	LAP 16
Broken Team 0: 0 (3), 1 (1), 8 (15), 9 (5), 10 (6), 11 (3), 15 (6), 16 (14), 18 (11), 25 (5), 28 (9), 29 (13), 36 (6), 43 (12), 48 (14), 50 (10), 51 (6), 53 (15), 56 (2), 57 (12), 58 (14), 60 (5), 63 (0), 65 (1), 69 (15), 71 (0), 72 (13), 74 (14), 
Broken Team 1: 80 (12), 83 (11), 85 (1), 86 (10), 93 (10), 94 (6), 96 (1), 97 (13), 98 (11), 101 (7), 102 (3), 103 (5), 109 (7), 114 (0), 115 (6), 117 (10), 118 (10), 124 (0), 128 (9), 129 (1), 131 (11), 134 (5), 139 (3), 141 (0), 143 (12), 144 (2), 146 (12), 151 (10), 153 (8), 155 (1), 157 (11), 
Finishing order: 159 (6000.03), 3 (6240.27), 4 (6480.51), 5 (6480.63), 2 (7200.39), 154 (7200.39), 156 (7440.15), 152 (7680.51), 6 (7680.75), 7 (7680.87), 149 (7680.87), 158 (7680.99), 148 (7681.23), 12 (7681.35), 81 (7681.47), 13 (7681.59), 82 (7681.59), 14 (7681.71), 84 (7681.83), 150 (7681.95), 17 (7682.07), 19 (7682.31), 87 (7682.31), 20 (7682.43), 147 (7682.43), 21 (7682.55), 88 (7682.55), 22 (7682.67), 89 (7682.67), 23 (7682.79), 90 (7682.79), 24 (7682.91), 91 (7682.91), 92 (7683.03), 26 (7683.15), 145 (7683.15), 27 (7683.27), 30 (7683.63), 95 (7683.63), 31 (7683.75), 32 (7683.87), 33 (7683.99), 34 (7684.11), 138 (7684.11), 35 (7684.23), 140 (7684.23), 37 (7684.47), 99 (7684.47), 38 (7684.59), 39 (7684.71), 100 (7684.71), 40 (7684.83), 41 (7684.95), 42 (7685.07), 112 (7685.19), 44 (7685.31), 113 (7685.31), 45 (7685.43), 46 (7685.55), 104 (7685.55), 47 (7685.67), 106 (7685.67), 108 (7685.79), 107 (7685.91), 110 (7686.03), 105 (7686.15), 79 (7686.27), 54 (7686.39), 55 (7686.51), 120 (7686.75), 116 (7686.87), 52 (7686.99), 121 (7686.99), 119 (7687.11), 62 (7687.23), 64 (7687.35), 125 (7687.35), 122 (7687.47), 59 (7687.59), 127 (7687.59), 126 (7687.71), 66 (7687.83), 68 (7687.95), 123 (7687.95), 67 (7688.19), 130 (7688.19), 111 (7688.31), 70 (7688.43), 132 (7688.43), 61 (7688.55), 133 (7688.79), 75 (7688.91), 136 (7688.91), 77 (7689.03), 135 (7689.03), 73 (7689.15), 137 (7689.15), 49 (7689.27), 78 (7689.39), 76 (7689.51), 142 (7689.51), 
Result: TEAM 0 WIN*
