Mode: RANDOM
480.24 s > TEAM: 0 	F: 0 	 (4002) 	S: 2 	 (4001) 	T: 3 	 (4000) 	LAP 1
480.24 s > TEAM: 1 	F: 159 	 (4004) 	S: 80 	 (4002) 	T: 81 	 (4000) 	LAP 1
720.36 s > TEAM: 1 	F: 80 	 (8002) 	S: 81 	 (8001) 	T: 82 	 (8000) 	LAP 2
960.24 s > TEAM: 0 	F: 0 	 (8004) 	S: 2 	 (8002) 	T: 3 	 (8000) 	LAP 2
1200.12 s > TEAM: 1 	F: 82 	 (12999) 	S: 81 	 (12998) 	T: 80 	 (12000) 	LAP 3
1200.24 s > TEAM: 0 	F: 0 	 (12004) 	S: 2 	 (12001) 	T: 3 	 (12000) 	LAP 3
1440.36 s > TEAM: 0 	F: 0 	 (16006) 	S: 3 	 (16002) 	T: 1 	 (16000) 	LAP 4
1680.12 s > TEAM: 1 	F: 82 	 (17995) 	S: 81 	 (16998) 	T: 80 	 (16000) 	LAP 4
1680.72 s > TEAM: 0 	F: 1 	 (20001) 	S: 0 	 (20000) 	T: 3 	 (20000) 	LAP 5
2160.12 s > TEAM: 1 	F: 82 	 (21995) 	S: 81 	 (20998) 	T: 80 	 (20000) 	LAP 5
2160.72 s > TEAM: 0 	F: 1 	 (24003) 	S: 3 	 (24001) 	T: 0 	 (24000) 	LAP 6
2640.12 s > TEAM: 1 	F: 81 	 (25995) 	S: 82 	 (25994) 	T: 80 	 (24000) 	LAP 6
2640.72 s > TEAM: 0 	F: 1 	 (28249) 	S: 3 	 (28001) 	T: 0 	 (28000) 	LAP 7
3120.12 s > TEAM: 1 	F: 81 	 (29995) 	S: 82 	 (29994) 	T: 80 	 (28000) 	LAP 7
3360.12 s > TEAM: 0 	F: 3 	 (35992) 	S: 0 	 (33995) 	T: 2 	 (32000) 	LAP 8
3600.12 s > TEAM: 1 	F: 81 	 (34995) 	S: 82 	 (33994) 	T: 80 	 (32000) 	LAP 8
3840.12 s > TEAM: 0 	F: 3 	 (39996) 	S: 0 	 (37995) 	T: 2 	 (36000) 	LAP 9
4080.12 s > TEAM: 1 	F: 81 	 (39999) 	S: 82 	 (37994) 	T: 80 	 (36000) 	LAP 9
4320.12 s > TEAM: 0 	F: 3 	 (43998) 	S: 0 	 (41995) 	T: 2 	 (40000) 	LAP 10
4800.12 s > TEAM: 0 	F: 3 	 (47998) 	S: 0 	 (45995) 	T: 2 	 (44000) 	LAP 11
4800.48 s > TEAM: 1 	F: 81 	 (46002) 	S: 82 	 (43997) 	T: 83 	 (40000) 	LAP 10
5280.12 s > TEAM: 0 	F: 3 	 (51998) 	S: 0 	 (49995) 	T: 2 	 (48000) 	LAP 12
5280.48 s > TEAM: 1 	F: 81 	 (51996) 	S: 82 	 (47997) 	T: 83 	 (44000) 	LAP 11
5760.12 s > TEAM: 0 	F: 3 	 (57993) 	S: 0 	 (53995) 	T: 2 	 (52000) 	LAP 13
5760.48 s > TEAM: 1 	F: 81 	 (55996) 	S: 82 	 (55994) 	T: 83 	 (48000) 	LAP 12
6240.12 s > TEAM: 0 	F: 3 	 (63986) 	S: 0 	 (57995) 	T: 2 	 (56000) 	LAP 14
6240.48 s > TEAM: 1 	F: 81 	 (63993) 	S: 82 	 (59996) 	T: 83 	 (52000) 	LAP 13
6720.12 s > TEAM: 0 	F: 3 	 (64000) 	S: 0 	 (63990) 	T: 2 	 (60000) 	LAP 15
6720.48 s > TEAM: 1 	F: 81 	 (64000) 	S: 82 	 (63996) 	T: 83 	 (56000) 	LAP 14
6960.12 s > TEAM: 0 	F: 0 	 (64000) 	S: 2 	 (64000) 	T: 3 	 (64000) 	LAP 16
7200.48 s > TEAM: 1 	F: 81 	 (64000) 	S: 82 	 (64000) 	T: 83 	 (60000) 	LAP 15
7440.48 s > TEAM: 1 	F: 81 	 (64000) 	S: 82 	 (64000) 	T: 83 	 (64000) 	LAP 16
Broken Team 0: 1 (7), 5 (13), 6 (6), 9 (6), 10 (11), 16 (5), 18 (0), 23 (6), 25 (6), 28 (0), 29 (13), 39 (11), 45 (15), 46 (11), 54 (7), 55 (5), 56 (5), 57 (2), 59 (13), 60 (6), 68 (5), 70 (8), 71 (2), 74 (3), 75 (8), 76 (7), 
Broken Team 1: 80 (9), 84 (0), 85 (1), 87 (9), 94 (0), 98 (3), 100 (1), 102 (0), 104 (0), 107 (6), 110 (8), 115 (14), 117 (1), 119 (0), 127 (8), 133 (4), 137 (12), 138 (8), 140 (1), 141 (2), 142 (15), 146 (13), 148 (13), 150 (2), 152 (15), 154 (1), 156 (9), 157 (0), 158 (13), 159 (1), 
Finishing order: 81 (6240.93), 3 (6240.99), 0 (6720.75), 82 (6720.99), 2 (6960.15), 4 (6960.27), 83 (7440.51), 7 (7440.87), 86 (7680.87), 8 (7680.99), 88 (7681.11), 89 (7681.23), 11 (7681.35), 12 (7681.47), 90 (7681.47), 13 (7681.59), 91 (7681.59), 14 (7681.71), 93 (7681.71), 15 (7681.83), 92 (7681.95), 17 (7682.07), 95 (7682.07), 19 (7682.31), 96 (7682.31), 20 (7682.43), 97 (7682.43), 22 (7682.55), 99 (7682.55), 21 (7682.67), 101 (7682.79), 24 (7682.91), 26 (7683.15), 103 (7683.15), 27 (7683.27), 105 (7683.51), 31 (7683.63), 108 (7683.63), 30 (7683.75), 109 (7683.75), 32 (7683.87), 33 (7683.99), 112 (7683.99), 34 (7684.11), 111 (7684.11), 35 (7684.23), 113 (7684.23), 36 (7684.35), 114 (7684.35), 37 (7684.47), 106 (7684.47), 38 (7684.59), 40 (7684.83), 116 (7684.83), 41 (7684.95), 118 (7684.95), 42 (7685.07), 43 (7685.19), 120 (7685.19), 44 (7685.31), 121 (7685.31), 155 (7685.43), 122 (7685.55), 47 (7685.67), 123 (7685.67), 48 (7685.79), 151 (7685.79), 49 (7685.91), 50 (7686.03), 124 (7686.15), 52 (7686.27), 51 (7686.39), 125 (7686.51), 61 (7686.63), 53 (7686.75), 126 (7686.75), 129 (7686.87), 130 (7686.99), 128 (7687.11), 64 (7687.23), 58 (7687.35), 132 (7687.35), 65 (7687.47), 131 (7687.47), 135 (7687.59), 63 (7687.71), 153 (7687.71), 62 (7687.83), 134 (7687.83), 66 (7688.07), 136 (7688.07), 67 (7688.31), 139 (7688.43), 69 (7688.55), 73 (7688.67), 145 (7688.67), 72 (7688.79), 77 (7689.03), 143 (7689.03), 78 (7689.15), 144 (7689.15), 79 (7689.27), 147 (7689.39), 149 (7689.51), 
Result: TEAM 0 WIN*
