Mode: RANDOM
480.24 s > TEAM: 1 	F: 159 	 (4002) 	S: 158 	 (4001) 	T: 156 	 (4000) 	LAP 1
480.36 s > TEAM: 0 	F: 1 	 (4004) 	S: 4 	 (4002) 	T: 3 	 (4000) 	LAP 1
960.24 s > TEAM: 1 	F: 159 	 (8002) 	S: 158 	 (8001) 	T: 156 	 (8000) 	LAP 2
960.36 s > TEAM: 0 	F: 1 	 (10002) 	S: 4 	 (10001) 	T: 3 	 (8000) 	LAP 2
1440.24 s > TEAM: 1 	F: 159 	 (12002) 	S: 158 	 (12001) 	T: 156 	 (12000) 	LAP 3
1440.36 s > TEAM: 0 	F: 1 	 (14002) 	S: 4 	 (14001) 	T: 3 	 (12000) 	LAP 3
1920.24 s > TEAM: 1 	F: 159 	 (16002) 	S: 158 	 (16001) 	T: 156 	 (16000) 	LAP 4
1920.36 s > TEAM: 0 	F: 1 	 (20002) 	S: 4 	 (18001) 	T: 3 	 (16000) 	LAP 4
2400.24 s > TEAM: 1 	F: 159 	 (20002) 	S: 158 	 (20001) 	T: 156 	 (20000) 	LAP 5
2400.36 s > TEAM: 0 	F: 1 	 (24004) 	S: 4 	 (22001) 	T: 3 	 (20000) 	LAP 5
2880.24 s > TEAM: 1 	F: 159 	 (24004) 	S: 158 	 (24001) 	T: 156 	 (24000) 	LAP 6
2880.36 s > TEAM: 0 	F: 1 	 (32002) 	S: 4 	 (28003) 	T: 3 	 (24000) 	LAP 6
3360.24 s > TEAM: 1 	F: 159 	 (30002) 	S: 158 	 (28001) 	T: 156 	 (28000) 	LAP 7
3360.36 s > TEAM: 0 	F: 1 	 (38001) 	S: 4 	 (36001) 	T: 3 	 (28000) 	LAP 7
3840.24 s > TEAM: 1 	F: 159 	 (35999) 	S: 158 	 (32001) 	T: 156 	 (32000) 	LAP 8
3840.36 s > TEAM: 0 	F: 1 	 (42001) 	S: 4 	 (40001) 	T: 3 	 (32000) 	LAP 8
4320.24 s > TEAM: 1 	F: 159 	 (39999) 	S: 158 	 (36001) 	T: 156 	 (36000) 	LAP 9
4320.36 s > TEAM: 0 	F: 1 	 (48001) 	S: 4 	 (44001) 	T: 3 	 (36000) 	LAP 9
4800.36 s > TEAM: 0 	F: 1 	 (52001) 	S: 4 	 (48001) 	T: 3 	 (40000) 	LAP 10
4800.36 s > TEAM: 1 	F: 159 	 (46000) 	S: 158 	 (40004) 	T: 80 	 (40000) 	LAP 10
5280.36 s > TEAM: 0 	F: 1 	 (56001) 	S: 4 	 (52001) 	T: 3 	 (44000) 	LAP 11
5280.36 s > TEAM: 1 	F: 159 	 (50000) 	S: 158 	 (45999) 	T: 80 	 (44000) 	LAP 11
5760.36 s > TEAM: 0 	F: 1 	 (60001) 	S: 4 	 (56001) 	T: 3 	 (48000) 	LAP 12
5760.36 s > TEAM: 1 	F: 159 	 (54000) 	S: 158 	 (49999) 	T: 80 	 (48000) 	LAP 12
6240.36 s > TEAM: 0 	F: 1 	 (64000) 	S: 4 	 (60001) 	T: 3 	 (52000) 	LAP 13
6240.36 s > TEAM: 1 	F: 159 	 (58001) 	S: 158 	 (53999) 	T: 80 	 (52000) 	LAP 13
6720.36 s > TEAM: 0 	F: 1 	 (64000) 	S: 4 	 (64000) 	T: 3 	 (56000) 	LAP 14
6720.36 s > TEAM: 1 	F: 159 	 (64000) 	S: 158 	 (57999) 	T: 80 	 (56000) 	LAP 14
6960.36 s > TEAM: 0 	F: 1 	 (64000) 	S: 4 	 (64000) 	T: 3 	 (60000) 	LAP 15
7200.36 s > TEAM: 0 	F: 1 	 (64000) 	S: 3 	 (64000) 	T: 4 	 (64000) 	LAP 16
7200.36 s > TEAM: 1 	F: 159 	 (64000) 	S: 158 	 (63998) 	T: 80 	 (60000) 	LAP 15
7440.36 s > TEAM: 1 	F: 80 	 (64000) 	S: 158 	 (64000) 	T: 159 	 (64000) 	LAP 16
Broken Team 0: 0 (0), 5 (4), 12 (2), 22 (6), 23 (4), 25 (7), 26 (7), 34 (10), 39 (5), 45 (12), 46 (8), 48 (4), 50 (8), 52 (5), 54 (12), 56 (4), 58 (5), 59 (5), 60 (4), 63 (11), 65 (14), 73 (7), 79 (15), 
Broken Team 1: 84 (10), 87 (13), 91 (6), 93 (9), 94 (13), 96 (8), 103 (5), 106 (5), 112 (13), 114 (5), 116 (2), 117 (14), 119 (6), 123 (10), 125 (3), 130 (5), 133 (10), 134 (1), 136 (3), 140 (1), 142 (2), 147 (14), 151 (10), 152 (0), 154 (2), 155 (7), 156 (9), 157 (7), 
Finishing order: 1 (6240.27), 159 (6600.33), 4 (6720.21), 3 (7200.39), 158 (7200.51), 80 (7440.39), 2 (7680.51), 81 (7680.51), 82 (7680.63), 6 (7680.75), 83 (7680.75), 105 (7680.87), 7 (7680.99), 8 (7681.11), 9 (7681.23), 85 (7681.23), 10 (7681.35), 86 (7681.35), 11 (7681.59), 88 (7681.59), 14 (7681.71), 89 (7681.71), 13 (7681.83), 90 (7681.83), 15 (7681.95), 16 (7682.07), 92 (7682.07), 17 (7682.19), 18 (7682.31), 19 (7682.43), 95 (7682.43), 20 (7682.55), 21 (7682.67), 97 (7682.67), 98 (7682.79), 99 (7682.91), 24 (7683.03), 100 (7683.03), 101 (7683.15), 102 (7683.27), 27 (7683.39), 32 (7683.51), 28 (7683.63), 107 (7683.63), 30 (7683.75), 108 (7683.75), 29 (7683.87), 109 (7683.87), 31 (7683.99), 110 (7683.99), 35 (7684.11), 111 (7684.11), 33 (7684.23), 36 (7684.35), 37 (7684.47), 113 (7684.47), 38 (7684.59), 115 (7684.71), 40 (7684.83), 41 (7684.95), 42 (7685.07), 118 (7685.07), 43 (7685.19), 44 (7685.31), 120 (7685.31), 121 (7685.43), 122 (7685.55), 47 (7685.67), 104 (7685.67), 49 (7685.91), 124 (7685.91), 51 (7686.15), 126 (7686.15), 128 (7686.27), 53 (7686.39), 129 (7686.39), 127 (7686.51), 55 (7686.63), 57 (7686.87), 131 (7686.87), 61 (7687.23), 153 (7687.23), 62 (7687.35), 132 (7687.35), 64 (7687.59), 135 (7687.59), 66 (7687.95), 137 (7687.95), 67 (7688.07), 138 (7688.07), 68 (7688.19), 139 (7688.19), 69 (7688.31), 70 (7688.43), 141 (7688.43), 71 (7688.55), 72 (7688.67), 143 (7688.67), 74 (7688.79), 144 (7688.79), 145 (7688.91), 75 (7689.03), 146 (7689.03), 76 (7689.15), 77 (7689.27), 148 (7689.27), 78 (7689.39), 149 (7689.39), 150 (7689.51), 
Result: TEAM 0 WIN*
