Mode: RANDOM
480.24 s > TEAM: 0 	F: 0 	 (4002) 	S: 1 	 (4001) 	T: 2 	 (4000) 	LAP 1
480.24 s > TEAM: 1 	F: 159 	 (4004) 	S: 80 	 (4001) 	T: 81 	 (4000) 	LAP 1
960.24 s > TEAM: 0 	F: 0 	 (8004) 	S: 1 	 (8001) 	T: 2 	 (8000) 	LAP 2
960.24 s > TEAM: 1 	F: 159 	 (12004) 	S: 80 	 (8001) 	T: 81 	 (8000) 	LAP 2
1440.24 s > TEAM: 0 	F: 0 	 (14002) 	S: 1 	 (12001) 	T: 2 	 (12000) 	LAP 3
1440.24 s > TEAM: 1 	F: 159 	 (20002) 	S: 80 	 (12001) 	T: 81 	 (12000) 	LAP 3
1920.24 s > TEAM: 0 	F: 0 	 (18002) 	S: 1 	 (16001) 	T: 2 	 (16000) 	LAP 4
1920.24 s > TEAM: 1 	F: 159 	 (24004) 	S: 80 	 (16002) 	T: 81 	 (16000) 	LAP 4
2400.24 s > TEAM: 0 	F: 0 	 (24002) 	S: 1 	 (20001) 	T: 2 	 (20000) 	LAP 5
2400.24 s > TEAM: 1 	F: 159 	 (30002) 	S: 80 	 (24001) 	T: 81 	 (20000) 	LAP 5
2880.24 s > TEAM: 0 	F: 0 	 (28002) 	S: 1 	 (24001) 	T: 2 	 (24000) 	LAP 6
2880.24 s > TEAM: 1 	F: 159 	 (34002) 	S: 80 	 (28001) 	T: 81 	 (24000) 	LAP 6
3360.24 s > TEAM: 0 	F: 0 	 (32004) 	S: 1 	 (28001) 	T: 2 	 (28000) 	LAP 7
3360.24 s > TEAM: 1 	F: 159 	 (38002) 	S: 80 	 (32001) 	T: 81 	 (28000) 	LAP 7
3840.24 s > TEAM: 0 	F: 0 	 (38002) 	S: 1 	 (32001) 	T: 2 	 (32000) 	LAP 8
3840.24 s > TEAM: 1 	F: 159 	 (44002) 	S: 80 	 (36001) 	T: 81 	 (32000) 	LAP 8
4320.24 s > TEAM: 0 	F: 0 	 (42002) 	S: 1 	 (36001) 	T: 2 	 (36000) 	LAP 9
4320.24 s > TEAM: 1 	F: 159 	 (48002) 	S: 80 	 (40001) 	T: 81 	 (36000) 	LAP 9
4800.24 s > TEAM: 0 	F: 0 	 (46002) 	S: 1 	 (40001) 	T: 2 	 (40000) 	LAP 10
4800.24 s > TEAM: 1 	F: 159 	 (52002) 	S: 80 	 (44001) 	T: 81 	 (40000) 	LAP 10
5280.24 s > TEAM: 0 	F: 0 	 (50002) 	S: 1 	 (44001) 	T: 2 	 (44000) 	LAP 11
5280.24 s > TEAM: 1 	F: 159 	 (56004) 	S: 80 	 (48002) 	T: 81 	 (44000) 	LAP 11
5520.24 s > TEAM: 1 	F: 159 	 (60004) 	S: 80 	 (52002) 	T: 81 	 (48000) 	LAP 12
5760.24 s > TEAM: 0 	F: 0 	 (54002) 	S: 1 	 (48001) 	T: 2 	 (48000) 	LAP 12
5760.24 s > TEAM: 1 	F: 159 	 (64000) 	S: 80 	 (56001) 	T: 81 	 (52000) 	LAP 13
6240.24 s > TEAM: 0 	F: 0 	 (58002) 	S: 1 	 (52001) 	T: 2 	 (52000) 	LAP 13
6240.24 s > TEAM: 1 	F: 159 	 (64000) 	S: 80 	 (60002) 	T: 81 	 (56000) 	LAP 14
6720.24 s > TEAM: 0 	F: 0 	 (62002) 	S: 1 	 (56001) 	T: 2 	 (56000) 	LAP 14
7200.24 s > TEAM: 0 	F: 0 	 (64000) 	S: 1 	 (60002) 	T: 2 	 (60000) 	LAP 15
7200.36 s > TEAM: 1 	F: 80 	 (64000) 	S: 159 	 (64000) 	T: 82 	 (60000) 	LAP 15
7440.24 s > TEAM: 0 	F: 0 	 (64000) 	S: 1 	 (64000) 	T: 2 	 (64000) 	LAP 16
7680.36 s > TEAM: 1 	F: 80 	 (64000) 	S: 82 	 (64000) 	T: 159 	 (64000) 	LAP 16
Broken Team 0: 4 (4), 8 (11), 9 (1), 10 (12), 11 (5), 20 (10), 26 (14), 28 (3), 31 (9), 37 (13), 40 (8), 41 (0), 42 (4), 45 (8), 48 (12), 50 (4), 51 (3), 54 (3), 59 (4), 60 (13), 61 (0), 64 (10), 66 (3), 68 (5), 69 (14), 74 (9), 75 (8), 
Broken Team 1: 81 (14), 87 (7), 88 (10), 90 (8), 91 (4), 92 (2), 96 (9), 104 (1), 105 (11), 111 (8), 116 (4), 117 (12), 118 (15), 120 (8), 123 (13), 125 (2), 126 (10), 127 (6), 128 (3), 129 (1), 134 (3), 137 (4), 138 (6), 140 (5), 145 (13), 153 (8), 156 (5), 157 (5), 
Finishing order: 159 (5760.03), 80 (6480.15), 0 (6960.03), 1 (7440.15), 2 (7440.27), 3 (7680.39), 82 (7680.39), 83 (7680.51), 5 (7680.63), 84 (7680.63), 6 (7680.75), 85 (7680.75), 7 (7680.87), 86 (7680.87), 89 (7681.23), 12 (7681.47), 13 (7681.59), 14 (7681.71), 94 (7681.71), 15 (7681.83), 93 (7681.83), 16 (7681.95), 95 (7681.95), 17 (7682.07), 18 (7682.19), 97 (7682.19), 19 (7682.31), 98 (7682.31), 99 (7682.43), 21 (7682.55), 100 (7682.55), 22 (7682.67), 101 (7682.67), 23 (7682.79), 102 (7682.79), 24 (7682.91), 103 (7682.91), 25 (7683.03), 27 (7683.27), 107 (7683.27), 106 (7683.39), 29 (7683.51), 108 (7683.51), 30 (7683.63), 109 (7683.63), 110 (7683.75), 32 (7683.87), 33 (7683.99), 112 (7683.99), 34 (7684.11), 113 (7684.11), 35 (7684.23), 114 (7684.23), 36 (7684.35), 115 (7684.35), 150 (7684.47), 38 (7684.59), 39 (7684.71), 119 (7684.95), 43 (7685.19), 121 (7685.19), 44 (7685.31), 122 (7685.31), 46 (7685.55), 124 (7685.55), 47 (7685.67), 49 (7686.03), 52 (7686.27), 130 (7686.27), 53 (7686.39), 132 (7686.39), 131 (7686.51), 55 (7686.63), 56 (7686.75), 133 (7686.75), 57 (7686.87), 135 (7686.87), 58 (7686.99), 136 (7686.99), 62 (7687.35), 139 (7687.35), 141 (7687.47), 142 (7687.59), 63 (7687.71), 143 (7687.71), 144 (7687.83), 65 (7687.95), 67 (7688.07), 147 (7688.07), 146 (7688.19), 151 (7688.31), 71 (7688.43), 148 (7688.43), 70 (7688.55), 152 (7688.55), 72 (7688.67), 73 (7688.79), 155 (7688.79), 154 (7688.91), 76 (7689.15), 77 (7689.27), 158 (7689.27), 78 (7689.39), 79 (7689.51), 149 (7689.51), 
Result: TEAM 1 WIN*
