Mode: RANDOM
480.24 s > TEAM: 0 	F: 1 	 (4004) 	S: 2 	 (4001) 	T: 3 	 (4000) 	LAP 1
480.24 s > TEAM: 1 	F: 159 	 (4002) 	S: 158 	 (4001) 	T: 156 	 (4000) 	LAP 1
960.24 s > TEAM: 0 	F: 1 	 (10002) 	S: 2 	 (8001) 	T: 3 	 (8000) 	LAP 2
960.24 s > TEAM: 1 	F: 159 	 (8002) 	S: 158 	 (8001) 	T: 156 	 (8000) 	LAP 2
1440.24 s > TEAM: 0 	F: 1 	 (16002) 	S: 2 	 (12001) 	T: 3 	 (12000) 	LAP 3
1440.24 s > TEAM: 1 	F: 159 	 (12004) 	S: 158 	 (12001) 	T: 156 	 (12000) 	LAP 3
1920.24 s > TEAM: 0 	F: 1 	 (20004) 	S: 2 	 (16002) 	T: 3 	 (16000) 	LAP 4
1920.24 s > TEAM: 1 	F: 159 	 (18002) 	S: 158 	 (16001) 	T: 156 	 (16000) 	LAP 4
2160.24 s > TEAM: 0 	F: 1 	 (24002) 	S: 2 	 (20001) 	T: 3 	 (20000) 	LAP 5
2400.24 s > TEAM: 1 	F: 159 	 (22002) 	S: 158 	 (20001) 	T: 156 	 (20000) 	LAP 5
2640.24 s > TEAM: 0 	F: 1 	 (28002) 	S: 2 	 (24001) 	T: 3 	 (24000) 	LAP 6
2880.24 s > TEAM: 1 	F: 159 	 (26002) 	S: 158 	 (24001) 	T: 156 	 (24000) 	LAP 6
3120.24 s > TEAM: 0 	F: 1 	 (32004) 	S: 2 	 (28001) 	T: 3 	 (28000) 	LAP 7
3360.24 s > TEAM: 1 	F: 159 	 (31999) 	S: 158 	 (28002) 	T: 156 	 (28000) 	LAP 7
3600.24 s > TEAM: 0 	F: 1 	 (37012) 	S: 2 	 (32002) 	T: 3 	 (32000) 	LAP 8
3600.24 s > TEAM: 1 	F: 159 	 (33999) 	S: 158 	 (32001) 	T: 156 	 (32000) 	LAP 8
4080.12 s > TEAM: 1 	F: 159 	 (39997) 	S: 156 	 (39996) 	T: 158 	 (36000) 	LAP 9
4080.24 s > TEAM: 0 	F: 2 	 (40002) 	S: 1 	 (37012) 	T: 3 	 (36000) 	LAP 9
4320.12 s > TEAM: 1 	F: 159 	 (41998) 	S: 156 	 (41997) 	T: 158 	 (40000) 	LAP 10
4560.36 s > TEAM: 0 	F: 2 	 (47997) 	S: 3 	 (43996) 	T: 4 	 (40000) 	LAP 10
4560.48 s > TEAM: 1 	F: 158 	 (44006) 	S: 159 	 (44001) 	T: 156 	 (44000) 	LAP 11
4800.36 s > TEAM: 0 	F: 2 	 (49997) 	S: 3 	 (45996) 	T: 4 	 (44000) 	LAP 11
5040.48 s > TEAM: 1 	F: 158 	 (49998) 	S: 159 	 (48003) 	T: 156 	 (48000) 	LAP 12
5280.36 s > TEAM: 0 	F: 2 	 (53996) 	S: 3 	 (49998) 	T: 4 	 (48000) 	LAP 12
5520.48 s > TEAM: 1 	F: 158 	 (53998) 	S: 159 	 (53996) 	T: 156 	 (52000) 	LAP 13
5760.36 s > TEAM: 0 	F: 2 	 (56092) 	S: 3 	 (53998) 	T: 4 	 (52000) 	LAP 13
6240.36 s > TEAM: 0 	F: 3 	 (57998) 	S: 2 	 (56092) 	T: 4 	 (56000) 	LAP 14
6720.36 s > TEAM: 1 	F: 158 	 (63997) 	S: 159 	 (63996) 	T: 157 	 (56000) 	LAP 14
6960.48 s > TEAM: 0 	F: 3 	 (63999) 	S: 4 	 (62001) 	T: 6 	 (60000) 	LAP 15
7200.36 s > TEAM: 1 	F: 158 	 (64000) 	S: 159 	 (64000) 	T: 157 	 (60000) 	LAP 15
7440.36 s > TEAM: 1 	F: 157 	 (64000) 	S: 158 	 (64000) 	T: 159 	 (64000) 	LAP 16
7440.48 s > TEAM: 0 	F: 3 	 (64000) 	S: 4 	 (64000) 	T: 6 	 (64000) 	LAP 16
Broken Team 0: 0 (7), 1 (9), 2 (14), 5 (11), 9 (11), 13 (5), 14 (14), 19 (9), 23 (10), 31 (12), 35 (1), 36 (12), 37 (3), 39 (13), 42 (14), 47 (10), 48 (1), 49 (7), 50 (9), 52 (4), 56 (15), 61 (6), 64 (15), 66 (4), 79 (1), 
Broken Team 1: 88 (0), 90 (4), 93 (15), 97 (15), 99 (8), 110 (10), 117 (10), 126 (2), 128 (15), 131 (9), 138 (2), 143 (1), 144 (11), 145 (0), 146 (4), 151 (3), 156 (13), 
Finishing order: 158 (6720.75), 159 (6720.87), 3 (6960.63), 4 (7200.39), 157 (7440.39), 6 (7440.51), 153 (7440.51), 81 (7680.63), 8 (7680.75), 80 (7680.75), 7 (7680.87), 82 (7680.87), 83 (7680.99), 11 (7681.11), 85 (7681.11), 10 (7681.23), 84 (7681.23), 12 (7681.35), 86 (7681.35), 87 (7681.47), 15 (7681.59), 89 (7681.59), 16 (7681.83), 17 (7681.95), 91 (7681.95), 18 (7682.07), 20 (7682.19), 92 (7682.19), 21 (7682.31), 94 (7682.31), 95 (7682.43), 96 (7682.55), 22 (7682.67), 98 (7682.67), 24 (7682.91), 100 (7682.91), 26 (7683.03), 25 (7683.15), 101 (7683.15), 27 (7683.27), 102 (7683.27), 28 (7683.39), 103 (7683.39), 30 (7683.51), 105 (7683.51), 104 (7683.63), 29 (7683.75), 106 (7683.75), 32 (7683.87), 107 (7683.87), 33 (7683.99), 108 (7683.99), 34 (7684.11), 109 (7684.23), 111 (7684.35), 112 (7684.47), 154 (7684.59), 40 (7684.71), 113 (7684.71), 38 (7684.83), 114 (7684.83), 41 (7684.95), 115 (7684.95), 116 (7685.07), 43 (7685.19), 44 (7685.31), 118 (7685.31), 45 (7685.43), 119 (7685.43), 46 (7685.55), 120 (7685.55), 121 (7685.67), 122 (7685.79), 124 (7685.91), 125 (7686.03), 51 (7686.15), 127 (7686.27), 53 (7686.39), 123 (7686.39), 54 (7686.51), 55 (7686.63), 130 (7686.63), 129 (7686.75), 57 (7686.87), 132 (7686.87), 59 (7686.99), 133 (7686.99), 60 (7687.11), 134 (7687.11), 58 (7687.23), 135 (7687.23), 62 (7687.47), 136 (7687.47), 63 (7687.59), 137 (7687.59), 65 (7687.83), 139 (7687.83), 140 (7687.95), 68 (7688.07), 141 (7688.07), 67 (7688.19), 142 (7688.19), 69 (7688.31), 70 (7688.43), 71 (7688.55), 72 (7688.67), 73 (7688.79), 147 (7688.79), 74 (7688.91), 148 (7688.91), 76 (7689.03), 149 (7689.03), 78 (7689.15), 150 (7689.15), 77 (7689.27), 75 (7689.39), 152 (7689.39), 155 (7689.51), 
Result: TEAM 1 WIN*
