Mode: RANDOM
480.24 s > TEAM: 0 	F: 0 	 (4004) 	S: 2 	 (4002) 	T: 4 	 (4000) 	LAP 1
480.36 s > TEAM: 1 	F: 159 	 (4003) 	S: 81 	 (4001) 	T: 82 	 (4000) 	LAP 1
720.24 s > TEAM: 0 	F: 0 	 (8004) 	S: 2 	 (8002) 	T: 4 	 (8000) 	LAP 2
960.36 s > TEAM: 1 	F: 159 	 (8003) 	S: 81 	 (8001) 	T: 82 	 (8000) 	LAP 2
1200.24 s > TEAM: 0 	F: 0 	 (14002) 	S: 2 	 (14001) 	T: 4 	 (12000) 	LAP 3
1440.36 s > TEAM: 1 	F: 159 	 (12006) 	S: 81 	 (12001) 	T: 82 	 (12000) 	LAP 3
1680.24 s > TEAM: 0 	F: 0 	 (18002) 	S: 2 	 (18001) 	T: 4 	 (16000) 	LAP 4
1920.36 s > TEAM: 1 	F: 159 	 (18003) 	S: 81 	 (16001) 	T: 82 	 (16000) 	LAP 4
2160.24 s > TEAM: 0 	F: 0 	 (22002) 	S: 2 	 (22001) 	T: 4 	 (20000) 	LAP 5
2400.36 s > TEAM: 1 	F: 159 	 (20855) 	S: 81 	 (20002) 	T: 82 	 (20000) 	LAP 5
2640.24 s > TEAM: 0 	F: 0 	 (26002) 	S: 2 	 (26001) 	T: 4 	 (24000) 	LAP 6
2880.60 s > TEAM: 1 	F: 81 	 (28003) 	S: 82 	 (26002) 	T: 84 	 (24000) 	LAP 6
3120.24 s > TEAM: 0 	F: 0 	 (30002) 	S: 2 	 (30001) 	T: 4 	 (28000) 	LAP 7
3360.60 s > TEAM: 1 	F: 81 	 (32006) 	S: 82 	 (30002) 	T: 84 	 (28000) 	LAP 7
3600.24 s > TEAM: 0 	F: 0 	 (36002) 	S: 2 	 (36001) 	T: 4 	 (32000) 	LAP 8
3840.60 s > TEAM: 1 	F: 81 	 (40003) 	S: 82 	 (36002) 	T: 84 	 (32000) 	LAP 8
4080.24 s > TEAM: 0 	F: 0 	 (40002) 	S: 2 	 (40001) 	T: 4 	 (36000) 	LAP 9
4320.60 s > TEAM: 1 	F: 81 	 (42767) 	S: 82 	 (40002) 	T: 84 	 (36000) 	LAP 9
4560.24 s > TEAM: 0 	F: 0 	 (44002) 	S: 2 	 (44001) 	T: 4 	 (40000) 	LAP 10
4800.60 s > TEAM: 1 	F: 82 	 (44002) 	S: 81 	 (42767) 	T: 84 	 (40000) 	LAP 10
5280.36 s > TEAM: 0 	F: 0 	 (52003) 	S: 2 	 (50002) 	T: 5 	 (44000) 	LAP 11
5280.84 s > TEAM: 1 	F: 82 	 (48004) 	S: 84 	 (44002) 	T: 86 	 (44000) 	LAP 11
5760.36 s > TEAM: 0 	F: 0 	 (56003) 	S: 2 	 (54002) 	T: 5 	 (48000) 	LAP 12
5760.84 s > TEAM: 1 	F: 82 	 (52004) 	S: 84 	 (48002) 	T: 86 	 (48000) 	LAP 12
6240.36 s > TEAM: 0 	F: 0 	 (60003) 	S: 2 	 (58002) 	T: 5 	 (52000) 	LAP 13
6240.84 s > TEAM: 1 	F: 82 	 (55142) 	S: 84 	 (52004) 	T: 86 	 (52000) 	LAP 13
6720.36 s > TEAM: 0 	F: 0 	 (64000) 	S: 2 	 (62002) 	T: 5 	 (56000) 	LAP 14
6720.96 s > TEAM: 1 	F: 84 	 (58003) 	S: 86 	 (58001) 	T: 87 	 (56000) 	LAP 14
7200.36 s > TEAM: 0 	F: 0 	 (64000) 	S: 2 	 (64000) 	T: 5 	 (60000) 	LAP 15
7200.96 s > TEAM: 1 	F: 84 	 (62003) 	S: 86 	 (62001) 	T: 87 	 (60000) 	LAP 15
7680.36 s > TEAM: 0 	F: 0 	 (64000) 	S: 2 	 (64000) 	T: 5 	 (64000) 	LAP 16
7680.96 s > TEAM: 1 	F: 84 	 (64000) 	S: 86 	 (64000) 	T: 87 	 (64000) 	LAP 16
Broken Team 0: 3 (5), 4 (10), 6 (4), 9 (11), 10 (6), 21 (8), 22 (9), 23 (7), 25 (4), 26 (6), 33 (12), 35 (1), 38 (4), 47 (9), 51 (1), 55 (12), 56 (0), 58 (11), 64 (0), 69 (9), 70 (11), 73 (5), 75 (3), 76 (12), 
Broken Team 1: 80 (0), 81 (10), 82 (13), 83 (5), 85 (4), 90 (10), 99 (3), 102 (3), 104 (15), 106 (0), 110 (12), 117 (7), 118 (7), 121 (1), 123 (2), 124 (15), 127 (6), 128 (12), 131 (15), 132 (3), 133 (12), 136 (15), 139 (12), 142 (3), 143 (9), 147 (2), 148 (5), 151 (4), 159 (5), 
Finishing order: 0 (6720.03), 2 (6960.15), 84 (7440.63), 86 (7440.87), 5 (7680.39), 7 (7680.75), 8 (7680.87), 87 (7680.99), 88 (7681.11), 11 (7681.23), 93 (7681.23), 12 (7681.35), 89 (7681.35), 13 (7681.47), 14 (7681.59), 91 (7681.59), 16 (7681.71), 92 (7681.71), 15 (7681.83), 94 (7681.83), 17 (7681.95), 95 (7681.95), 18 (7682.07), 96 (7682.07), 19 (7682.19), 97 (7682.19), 20 (7682.31), 98 (7682.31), 100 (7682.55), 101 (7682.67), 24 (7682.79), 103 (7682.91), 27 (7683.15), 105 (7683.15), 28 (7683.27), 1 (7683.39), 114 (7683.39), 29 (7683.51), 107 (7683.51), 31 (7683.63), 108 (7683.63), 32 (7683.75), 109 (7683.75), 30 (7683.99), 111 (7683.99), 112 (7684.11), 34 (7684.23), 113 (7684.23), 36 (7684.35), 37 (7684.59), 119 (7684.59), 39 (7684.71), 120 (7684.71), 41 (7684.83), 42 (7684.95), 122 (7684.95), 40 (7685.07), 46 (7685.19), 44 (7685.31), 125 (7685.31), 45 (7685.43), 126 (7685.43), 48 (7685.55), 43 (7685.79), 129 (7685.79), 49 (7685.91), 130 (7685.91), 50 (7686.03), 52 (7686.27), 53 (7686.39), 137 (7686.39), 138 (7686.51), 134 (7686.63), 57 (7686.75), 135 (7686.75), 54 (7686.87), 140 (7686.99), 59 (7687.11), 60 (7687.23), 61 (7687.35), 144 (7687.35), 62 (7687.47), 141 (7687.47), 63 (7687.59), 145 (7687.59), 66 (7687.83), 65 (7687.95), 67 (7688.07), 149 (7688.07), 68 (7688.19), 150 (7688.19), 146 (7688.31), 71 (7688.43), 152 (7688.43), 154 (7688.55), 72 (7688.67), 157 (7688.67), 155 (7688.91), 158 (7689.03), 78 (7689.15), 153 (7689.15), 77 (7689.27), 156 (7689.27), 74 (7689.39), 116 (7689.39), 79 (7689.51), 115 (7689.51), 
Result: TEAM 0 WIN*
