Mode: RANDOM
480.24 s > TEAM: 0 	F: 0 	 (4002) 	S: 1 	 (4001) 	T: 2 	 (4000) 	LAP 1
480.24 s > TEAM: 1 	F: 159 	 (4004) 	S: 80 	 (4002) 	T: 156 	 (4000) 	LAP 1
960.24 s > TEAM: 0 	F: 0 	 (8002) 	S: 1 	 (8001) 	T: 2 	 (8000) 	LAP 2
960.24 s > TEAM: 1 	F: 159 	 (12002) 	S: 80 	 (10001) 	T: 156 	 (8000) 	LAP 2
1440.24 s > TEAM: 0 	F: 0 	 (12002) 	S: 1 	 (12001) 	T: 2 	 (12000) 	LAP 3
1440.24 s > TEAM: 1 	F: 159 	 (16002) 	S: 80 	 (14001) 	T: 156 	 (12000) 	LAP 3
1920.24 s > TEAM: 0 	F: 0 	 (16004) 	S: 1 	 (16002) 	T: 2 	 (16000) 	LAP 4
1920.24 s > TEAM: 1 	F: 159 	 (20002) 	S: 80 	 (18001) 	T: 156 	 (16000) 	LAP 4
2400.24 s > TEAM: 0 	F: 0 	 (24002) 	S: 1 	 (22001) 	T: 2 	 (20000) 	LAP 5
2400.24 s > TEAM: 1 	F: 159 	 (24004) 	S: 80 	 (22001) 	T: 156 	 (20000) 	LAP 5
2880.24 s > TEAM: 0 	F: 0 	 (28002) 	S: 1 	 (26001) 	T: 2 	 (24000) 	LAP 6
2880.24 s > TEAM: 1 	F: 159 	 (30002) 	S: 80 	 (26001) 	T: 156 	 (24000) 	LAP 6
3360.24 s > TEAM: 0 	F: 0 	 (32004) 	S: 1 	 (30001) 	T: 2 	 (28000) 	LAP 7
3360.24 s > TEAM: 1 	F: 159 	 (36004) 	S: 80 	 (32002) 	T: 156 	 (28000) 	LAP 7
3840.24 s > TEAM: 0 	F: 0 	 (40002) 	S: 1 	 (34001) 	T: 2 	 (32000) 	LAP 8
3840.24 s > TEAM: 1 	F: 159 	 (42002) 	S: 80 	 (40001) 	T: 156 	 (32000) 	LAP 8
4320.24 s > TEAM: 0 	F: 0 	 (44004) 	S: 1 	 (38001) 	T: 2 	 (36000) 	LAP 9
4320.24 s > TEAM: 1 	F: 159 	 (48000) 	S: 80 	 (44001) 	T: 156 	 (36000) 	LAP 9
4800.24 s > TEAM: 0 	F: 0 	 (50000) 	S: 1 	 (42001) 	T: 2 	 (40000) 	LAP 10
4800.48 s > TEAM: 1 	F: 159 	 (52002) 	S: 80 	 (48003) 	T: 155 	 (40000) 	LAP 10
5280.24 s > TEAM: 0 	F: 0 	 (54000) 	S: 1 	 (48001) 	T: 2 	 (44000) 	LAP 11
5280.48 s > TEAM: 1 	F: 159 	 (56002) 	S: 80 	 (52003) 	T: 155 	 (44000) 	LAP 11
5760.24 s > TEAM: 0 	F: 0 	 (59999) 	S: 1 	 (52002) 	T: 2 	 (48000) 	LAP 12
5760.48 s > TEAM: 1 	F: 159 	 (61002) 	S: 80 	 (56003) 	T: 155 	 (48000) 	LAP 12
6000.24 s > TEAM: 0 	F: 0 	 (63999) 	S: 1 	 (56002) 	T: 2 	 (52000) 	LAP 13
6240.24 s > TEAM: 0 	F: 0 	 (64000) 	S: 1 	 (60001) 	T: 2 	 (56000) 	LAP 14
6240.48 s > TEAM: 1 	F: 159 	 (64000) 	S: 80 	 (60006) 	T: 155 	 (52000) 	LAP 13
6720.24 s > TEAM: 0 	F: 0 	 (64000) 	S: 1 	 (64000) 	T: 2 	 (60000) 	LAP 15
6720.48 s > TEAM: 1 	F: 80 	 (64000) 	S: 159 	 (64000) 	T: 155 	 (56000) 	LAP 14
6960.24 s > TEAM: 0 	F: 0 	 (64000) 	S: 1 	 (64000) 	T: 2 	 (64000) 	LAP 16
7200.48 s > TEAM: 1 	F: 80 	 (64000) 	S: 159 	 (64000) 	T: 155 	 (60000) 	LAP 15
7440.48 s > TEAM: 1 	F: 80 	 (64000) 	S: 155 	 (64000) 	T: 159 	 (64000) 	LAP 16
Broken Team 0: 5 (5), 6 (2), 11 (15), 16 (15), 19 (15), 20 (8), 26 (14), 27 (9), 28 (3), 33 (6), 34 (11), 38 (15), 41 (14), 47 (1), 49 (4), 51 (1), 53 (12), 55 (8), 57 (14), 59 (1), 61 (5), 62 (3), 63 (11), 65 (1), 69 (8), 73 (5), 74 (0), 78 (5), 79 (5), 
Broken Team 1: 84 (1), 88 (0), 90 (7), 92 (7), 94 (8), 97 (5), 100 (1), 102 (1), 104 (6), 105 (1), 107 (5), 109 (6), 115 (9), 122 (9), 123 (14), 124 (9), 126 (4), 130 (1), 131 (1), 136 (8), 137 (6), 140 (3), 142 (8), 144 (14), 146 (3), 149 (13), 154 (6), 156 (9), 158 (9), 
Finishing order: 0 (6000.33), 159 (6120.21), 80 (6480.15), 1 (6720.15), 2 (6960.27), 4 (7200.39), 155 (7440.51), 157 (7440.63), 3 (7440.75), 81 (7440.75), 153 (7440.87), 82 (7440.99), 83 (7441.11), 85 (7441.35), 86 (7441.59), 87 (7441.71), 7 (7680.87), 8 (7680.99), 9 (7681.11), 10 (7681.23), 12 (7681.47), 13 (7681.59), 14 (7681.71), 15 (7681.83), 152 (7681.95), 17 (7682.07), 89 (7682.07), 18 (7682.19), 91 (7682.31), 21 (7682.55), 93 (7682.55), 32 (7682.67), 22 (7682.79), 95 (7682.79), 23 (7682.91), 96 (7682.91), 25 (7683.03), 98 (7683.15), 99 (7683.27), 24 (7683.39), 101 (7683.51), 151 (7683.63), 125 (7683.75), 35 (7683.87), 36 (7683.99), 37 (7684.11), 103 (7684.11), 39 (7684.35), 40 (7684.47), 108 (7684.59), 43 (7684.71), 106 (7684.71), 42 (7684.83), 44 (7684.95), 46 (7685.07), 110 (7685.07), 45 (7685.19), 111 (7685.19), 112 (7685.31), 48 (7685.43), 113 (7685.43), 114 (7685.55), 50 (7685.67), 116 (7685.79), 52 (7685.91), 117 (7685.91), 54 (7686.03), 118 (7686.03), 119 (7686.15), 120 (7686.27), 58 (7686.39), 121 (7686.39), 60 (7686.75), 128 (7686.75), 129 (7686.87), 133 (7687.23), 64 (7687.35), 127 (7687.35), 66 (7687.47), 132 (7687.47), 67 (7687.59), 134 (7687.59), 68 (7687.71), 135 (7687.71), 70 (7687.95), 71 (7688.07), 138 (7688.07), 72 (7688.19), 139 (7688.19), 75 (7688.43), 141 (7688.43), 76 (7688.55), 143 (7688.67), 77 (7688.79), 145 (7688.91), 31 (7689.03), 30 (7689.15), 147 (7689.15), 29 (7689.27), 150 (7689.27), 148 (7689.39), 56 (7689.51), 
Result: TEAM 0 WIN*
