Mode: RANDOM
480.24 s > TEAM: 0 	F: 0 	 (4002) 	S: 1 	 (4001) 	T: 2 	 (4000) 	LAP 1
480.24 s > TEAM: 1 	F: 159 	 (4002) 	S: 80 	 (4001) 	T: 81 	 (4000) 	LAP 1
960.24 s > TEAM: 0 	F: 0 	 (8002) 	S: 1 	 (8001) 	T: 2 	 (8000) 	LAP 2
960.24 s > TEAM: 1 	F: 159 	 (8004) 	S: 80 	 (8002) 	T: 81 	 (8000) 	LAP 2
1440.24 s > TEAM: 0 	F: 0 	 (12004) 	S: 1 	 (12001) 	T: 2 	 (12000) 	LAP 3
1440.24 s > TEAM: 1 	F: 159 	 (14808) 	S: 80 	 (14001) 	T: 81 	 (12000) 	LAP 3
1920.24 s > TEAM: 0 	F: 0 	 (18002) 	S: 1 	 (16001) 	T: 2 	 (16000) 	LAP 4
1920.36 s > TEAM: 1 	F: 80 	 (18002) 	S: 81 	 (16001) 	T: 158 	 (16000) 	LAP 4
2400.24 s > TEAM: 0 	F: 0 	 (22002) 	S: 1 	 (20001) 	T: 2 	 (20000) 	LAP 5
2400.36 s > TEAM: 1 	F: 80 	 (22002) 	S: 81 	 (20001) 	T: 158 	 (20000) 	LAP 5
2880.24 s > TEAM: 0 	F: 0 	 (28004) 	S: 1 	 (24001) 	T: 2 	 (24000) 	LAP 6
2880.36 s > TEAM: 1 	F: 80 	 (28002) 	S: 81 	 (24001) 	T: 158 	 (24000) 	LAP 6
3360.24 s > TEAM: 0 	F: 0 	 (34002) 	S: 1 	 (28001) 	T: 2 	 (28000) 	LAP 7
3360.36 s > TEAM: 1 	F: 80 	 (32004) 	S: 81 	 (28002) 	T: 158 	 (28000) 	LAP 7
3840.24 s > TEAM: 0 	F: 0 	 (39999) 	S: 1 	 (32002) 	T: 2 	 (32000) 	LAP 8
3840.36 s > TEAM: 1 	F: 80 	 (40002) 	S: 81 	 (34001) 	T: 158 	 (32000) 	LAP 8
4320.24 s > TEAM: 0 	F: 0 	 (43999) 	S: 1 	 (39998) 	T: 2 	 (36000) 	LAP 9
4320.36 s > TEAM: 1 	F: 80 	 (44004) 	S: 81 	 (38001) 	T: 158 	 (36000) 	LAP 9
4800.24 s > TEAM: 0 	F: 0 	 (48999) 	S: 1 	 (45998) 	T: 2 	 (40000) 	LAP 10
4800.36 s > TEAM: 1 	F: 80 	 (51999) 	S: 81 	 (44002) 	T: 158 	 (40000) 	LAP 10
5280.24 s > TEAM: 0 	F: 1 	 (53998) 	S: 0 	 (52999) 	T: 2 	 (44000) 	LAP 11
5280.36 s > TEAM: 1 	F: 80 	 (55999) 	S: 81 	 (51998) 	T: 158 	 (44000) 	LAP 11
5760.24 s > TEAM: 0 	F: 0 	 (57998) 	S: 1 	 (57997) 	T: 2 	 (48000) 	LAP 12
5760.36 s > TEAM: 1 	F: 80 	 (59999) 	S: 81 	 (55997) 	T: 158 	 (48000) 	LAP 12
6000.66 s > TEAM: 0 	F: 0 	 (61002) 	S: 1 	 (61001) 	T: 2 	 (52000) 	LAP 13
6240.36 s > TEAM: 1 	F: 80 	 (64000) 	S: 81 	 (59998) 	T: 158 	 (52000) 	LAP 13
6360.60 s > TEAM: 0 	F: 0 	 (64000) 	S: 1 	 (64000) 	T: 6 	 (56000) 	LAP 14
6600.66 s > TEAM: 0 	F: 0 	 (64000) 	S: 1 	 (64000) 	T: 2 	 (60000) 	LAP 15
6720.36 s > TEAM: 1 	F: 80 	 (64000) 	S: 81 	 (64000) 	T: 158 	 (56000) 	LAP 14
6840.66 s > TEAM: 0 	F: 0 	 (64000) 	S: 1 	 (64000) 	T: 2 	 (64000) 	LAP 16
6960.36 s > TEAM: 1 	F: 80 	 (64000) 	S: 81 	 (64000) 	T: 158 	 (60000) 	LAP 15
7440.36 s > TEAM: 1 	F: 80 	 (64000) 	S: 81 	 (64000) 	T: 158 	 (64000) 	LAP 16
Broken Team 0: 4 (8), 14 (1), 17 (7), 19 (10), 20 (15), 22 (7), 25 (9), 27 (12), 30 (15), 33 (12), 35 (7), 38 (14), 43 (7), 48 (2), 52 (8), 54 (0), 57 (4), 60 (9), 68 (6), 71 (10), 72 (9), 76 (1), 
Broken Team 1: 82 (1), 84 (1), 88 (14), 89 (12), 92 (5), 94 (14), 103 (0), 105 (8), 108 (0), 110 (13), 114 (12), 116 (5), 117 (8), 118 (11), 119 (7), 121 (3), 122 (6), 123 (10), 124 (12), 128 (1), 129 (13), 135 (11), 139 (5), 140 (5), 141 (10), 142 (0), 144 (7), 145 (6), 147 (5), 148 (15), 150 (2), 152 (13), 153 (1), 154 (3), 159 (3), 
Finishing order: 80 (6120.57), 0 (6360.45), 1 (6360.51), 81 (6480.57), 2 (6840.69), 3 (7080.75), 6 (7320.63), 5 (7320.81), 158 (7440.39), 83 (7680.63), 7 (7680.87), 156 (7680.87), 8 (7680.99), 85 (7680.99), 9 (7681.11), 86 (7681.11), 10 (7681.23), 157 (7681.23), 11 (7681.35), 87 (7681.35), 12 (7681.47), 13 (7681.59), 15 (7681.83), 90 (7681.83), 16 (7681.95), 91 (7681.95), 18 (7682.19), 93 (7682.19), 95 (7682.43), 21 (7682.55), 96 (7682.55), 97 (7682.67), 23 (7682.79), 98 (7682.79), 24 (7682.91), 99 (7682.91), 26 (7683.03), 100 (7683.03), 101 (7683.15), 102 (7683.27), 28 (7683.39), 29 (7683.51), 104 (7683.51), 31 (7683.75), 107 (7683.75), 32 (7683.87), 109 (7683.99), 106 (7684.11), 34 (7684.23), 151 (7684.23), 36 (7684.35), 37 (7684.47), 111 (7684.59), 39 (7684.71), 112 (7684.71), 40 (7684.83), 113 (7684.83), 41 (7684.95), 42 (7685.07), 115 (7685.07), 45 (7685.31), 66 (7685.43), 44 (7685.55), 46 (7685.67), 120 (7685.67), 47 (7685.79), 49 (7685.91), 50 (7686.03), 51 (7686.27), 125 (7686.27), 155 (7686.39), 53 (7686.51), 126 (7686.51), 127 (7686.63), 55 (7686.75), 56 (7686.87), 130 (7686.99), 58 (7687.11), 132 (7687.11), 59 (7687.23), 131 (7687.23), 134 (7687.35), 61 (7687.47), 133 (7687.47), 64 (7687.59), 136 (7687.59), 63 (7687.71), 137 (7687.71), 69 (7687.83), 138 (7687.83), 62 (7687.95), 70 (7688.07), 67 (7688.31), 75 (7688.55), 73 (7688.67), 143 (7688.67), 65 (7688.79), 146 (7688.79), 77 (7689.03), 78 (7689.27), 149 (7689.27), 74 (7689.39), 79 (7689.51), 
Result: TEAM 0 WIN*
