Mode: RANDOM
480.24 s > TEAM: 0 	F: 0 	 (4002) 	S: 2 	 (4001) 	T: 1 	 (4000) 	LAP 1
480.24 s > TEAM: 1 	F: 159 	 (4004) 	S: 158 	 (4002) 	T: 155 	 (4000) 	LAP 1
960.24 s > TEAM: 0 	F: 0 	 (8002) 	S: 2 	 (8001) 	T: 1 	 (8000) 	LAP 2
960.24 s > TEAM: 1 	F: 159 	 (12004) 	S: 158 	 (12001) 	T: 155 	 (8000) 	LAP 2
1440.24 s > TEAM: 0 	F: 0 	 (12002) 	S: 2 	 (12001) 	T: 1 	 (12000) 	LAP 3
1440.24 s > TEAM: 1 	F: 159 	 (18002) 	S: 158 	 (16001) 	T: 155 	 (12000) 	LAP 3
1920.24 s > TEAM: 1 	F: 159 	 (22002) 	S: 158 	 (20001) 	T: 155 	 (16000) 	LAP 4
1920.48 s > TEAM: 0 	F: 2 	 (16006) 	S: 1 	 (16002) 	T: 4 	 (16000) 	LAP 4
2400.24 s > TEAM: 1 	F: 159 	 (26002) 	S: 158 	 (24001) 	T: 155 	 (20000) 	LAP 5
2400.48 s > TEAM: 0 	F: 2 	 (22003) 	S: 1 	 (20002) 	T: 4 	 (20000) 	LAP 5
2880.24 s > TEAM: 1 	F: 159 	 (32002) 	S: 158 	 (28001) 	T: 155 	 (24000) 	LAP 6
2880.48 s > TEAM: 0 	F: 2 	 (28006) 	S: 1 	 (24004) 	T: 4 	 (24000) 	LAP 6
3120.48 s > TEAM: 0 	F: 2 	 (32006) 	S: 1 	 (28002) 	T: 4 	 (28000) 	LAP 7
3360.24 s > TEAM: 1 	F: 159 	 (32182) 	S: 158 	 (32002) 	T: 155 	 (28000) 	LAP 7
3600.36 s > TEAM: 0 	F: 2 	 (38002) 	S: 1 	 (32001) 	T: 4 	 (32000) 	LAP 8
3840.24 s > TEAM: 1 	F: 158 	 (38001) 	S: 159 	 (32182) 	T: 155 	 (32000) 	LAP 8
4080.36 s > TEAM: 0 	F: 2 	 (42002) 	S: 1 	 (36001) 	T: 4 	 (36000) 	LAP 9
4320.36 s > TEAM: 1 	F: 158 	 (43999) 	S: 155 	 (36001) 	T: 156 	 (36000) 	LAP 9
4560.36 s > TEAM: 0 	F: 2 	 (47998) 	S: 1 	 (40001) 	T: 4 	 (40000) 	LAP 10
4800.36 s > TEAM: 1 	F: 158 	 (47999) 	S: 155 	 (40001) 	T: 156 	 (40000) 	LAP 10
5280.36 s > TEAM: 1 	F: 158 	 (51999) 	S: 155 	 (44002) 	T: 156 	 (44000) 	LAP 11
5280.60 s > TEAM: 0 	F: 2 	 (54000) 	S: 4 	 (46002) 	T: 5 	 (44000) 	LAP 11
5760.36 s > TEAM: 1 	F: 158 	 (55999) 	S: 155 	 (51998) 	T: 156 	 (48000) 	LAP 12
5760.60 s > TEAM: 0 	F: 2 	 (54861) 	S: 4 	 (48157) 	T: 5 	 (48000) 	LAP 12
6240.36 s > TEAM: 1 	F: 158 	 (59999) 	S: 155 	 (55998) 	T: 156 	 (52000) 	LAP 13
6240.72 s > TEAM: 0 	F: 2 	 (54861) 	S: 5 	 (52002) 	T: 6 	 (52000) 	LAP 13
6720.36 s > TEAM: 1 	F: 158 	 (64000) 	S: 155 	 (61998) 	T: 156 	 (56000) 	LAP 14
6720.84 s > TEAM: 0 	F: 5 	 (58002) 	S: 6 	 (58001) 	T: 7 	 (56000) 	LAP 14
7200.36 s > TEAM: 1 	F: 155 	 (64000) 	S: 158 	 (64000) 	T: 156 	 (60000) 	LAP 15
7200.84 s > TEAM: 0 	F: 5 	 (64000) 	S: 6 	 (64000) 	T: 7 	 (60000) 	LAP 15
7680.36 s > TEAM: 1 	F: 155 	 (64000) 	S: 156 	 (64000) 	T: 158 	 (64000) 	LAP 16
7680.84 s > TEAM: 0 	F: 5 	 (64000) 	S: 6 	 (64000) 	T: 7 	 (64000) 	LAP 16
Broken Team 0: 0 (3), 1 (10), 2 (13), 3 (1), 4 (12), 9 (10), 10 (1), 11 (7), 12 (5), 13 (4), 15 (9), 20 (8), 21 (7), 26 (14), 27 (8), 29 (12), 31 (1), 35 (1), 36 (0), 37 (10), 39 (9), 43 (0), 44 (7), 51 (12), 52 (7), 58 (12), 59 (0), 63 (14), 64 (6), 65 (14), 73 (4), 76 (4), 77 (12), 
Broken Team 1: 83 (7), 87 (2), 99 (0), 100 (11), 104 (6), 105 (3), 108 (13), 115 (2), 119 (2), 122 (1), 129 (2), 131 (7), 134 (8), 138 (14), 140 (7), 142 (13), 149 (9), 153 (0), 159 (8), 
Finishing order: 158 (6480.51), 155 (6960.57), 5 (7200.63), 6 (7200.75), 156 (7680.39), 157 (7680.51), 80 (7680.63), 81 (7680.75), 7 (7680.87), 154 (7680.87), 8 (7680.99), 82 (7680.99), 84 (7681.23), 85 (7681.35), 86 (7681.47), 14 (7681.71), 91 (7681.71), 89 (7681.83), 16 (7681.95), 90 (7681.95), 17 (7682.07), 92 (7682.07), 18 (7682.19), 93 (7682.19), 19 (7682.31), 94 (7682.31), 95 (7682.43), 23 (7682.55), 152 (7682.55), 96 (7682.67), 24 (7682.79), 22 (7682.91), 97 (7682.91), 98 (7683.03), 25 (7683.15), 28 (7683.39), 88 (7683.39), 101 (7683.51), 30 (7683.63), 102 (7683.63), 103 (7683.75), 32 (7683.87), 33 (7683.99), 146 (7683.99), 34 (7684.11), 106 (7684.11), 107 (7684.35), 109 (7684.47), 38 (7684.59), 110 (7684.59), 111 (7684.71), 40 (7684.83), 112 (7684.83), 113 (7684.95), 114 (7685.07), 41 (7685.19), 42 (7685.31), 45 (7685.43), 117 (7685.43), 46 (7685.55), 116 (7685.55), 47 (7685.67), 49 (7685.79), 118 (7685.79), 50 (7685.91), 120 (7685.91), 48 (7686.03), 121 (7686.03), 123 (7686.27), 53 (7686.39), 124 (7686.39), 54 (7686.51), 125 (7686.51), 56 (7686.63), 126 (7686.63), 57 (7686.75), 127 (7686.75), 128 (7686.87), 60 (7687.11), 130 (7687.11), 61 (7687.23), 62 (7687.35), 132 (7687.35), 133 (7687.47), 66 (7687.71), 135 (7687.71), 55 (7687.83), 136 (7687.83), 137 (7687.95), 68 (7688.07), 67 (7688.19), 139 (7688.19), 71 (7688.31), 69 (7688.43), 141 (7688.43), 75 (7688.67), 143 (7688.67), 72 (7688.79), 144 (7688.79), 74 (7688.91), 147 (7688.91), 148 (7689.03), 78 (7689.15), 150 (7689.27), 79 (7689.39), 151 (7689.39), 70 (7689.51), 145 (7689.51), 
Result: TEAM 1 WIN
