Mode: RANDOM
480.24 s > TEAM: 0 	F: 0 	 (4004) 	S: 3 	 (4002) 	T: 4 	 (4000) 	LAP 1
480.24 s > TEAM: 1 	F: 159 	 (4002) 	S: 157 	 (4001) 	T: 158 	 (4000) 	LAP 1
960.24 s > TEAM: 0 	F: 0 	 (12002) 	S: 3 	 (10001) 	T: 4 	 (8000) 	LAP 2
960.24 s > TEAM: 1 	F: 159 	 (8002) 	S: 157 	 (8001) 	T: 158 	 (8000) 	LAP 2
1440.24 s > TEAM: 0 	F: 0 	 (16002) 	S: 3 	 (14001) 	T: 4 	 (12000) 	LAP 3
1440.24 s > TEAM: 1 	F: 159 	 (12004) 	S: 157 	 (12001) 	T: 158 	 (12000) 	LAP 3
1920.24 s > TEAM: 0 	F: 0 	 (20002) 	S: 3 	 (18001) 	T: 4 	 (16000) 	LAP 4
1920.24 s > TEAM: 1 	F: 159 	 (18002) 	S: 157 	 (16001) 	T: 158 	 (16000) 	LAP 4
2400.24 s > TEAM: 0 	F: 0 	 (24004) 	S: 3 	 (22001) 	T: 4 	 (20000) 	LAP 5
2400.24 s > TEAM: 1 	F: 159 	 (24000) 	S: 157 	 (20001) 	T: 158 	 (20000) 	LAP 5
2880.24 s > TEAM: 0 	F: 0 	 (29999) 	S: 3 	 (28001) 	T: 4 	 (24000) 	LAP 6
2880.24 s > TEAM: 1 	F: 159 	 (28000) 	S: 157 	 (24001) 	T: 158 	 (24000) 	LAP 6
3360.24 s > TEAM: 1 	F: 159 	 (34000) 	S: 157 	 (28001) 	T: 158 	 (28000) 	LAP 7
3360.36 s > TEAM: 0 	F: 0 	 (36911) 	S: 3 	 (32002) 	T: 2 	 (28000) 	LAP 7
3840.24 s > TEAM: 1 	F: 159 	 (40000) 	S: 157 	 (32002) 	T: 158 	 (32000) 	LAP 8
3840.36 s > TEAM: 0 	F: 0 	 (44456) 	S: 3 	 (36002) 	T: 2 	 (32000) 	LAP 8
4320.24 s > TEAM: 1 	F: 159 	 (44000) 	S: 157 	 (39999) 	T: 158 	 (36000) 	LAP 9
4320.36 s > TEAM: 0 	F: 0 	 (48456) 	S: 3 	 (40002) 	T: 2 	 (36000) 	LAP 9
4800.24 s > TEAM: 1 	F: 159 	 (48000) 	S: 157 	 (43999) 	T: 158 	 (40000) 	LAP 10
4800.36 s > TEAM: 0 	F: 0 	 (52912) 	S: 3 	 (44004) 	T: 2 	 (40000) 	LAP 10
5280.24 s > TEAM: 1 	F: 159 	 (52000) 	S: 157 	 (47999) 	T: 158 	 (44000) 	LAP 11
5280.36 s > TEAM: 0 	F: 0 	 (57999) 	S: 3 	 (50000) 	T: 2 	 (44000) 	LAP 11
5760.24 s > TEAM: 1 	F: 159 	 (59997) 	S: 157 	 (51999) 	T: 158 	 (48000) 	LAP 12
5760.36 s > TEAM: 0 	F: 0 	 (61999) 	S: 3 	 (54000) 	T: 2 	 (48000) 	LAP 12
6240.24 s > TEAM: 1 	F: 159 	 (64000) 	S: 157 	 (59999) 	T: 158 	 (52000) 	LAP 13
6240.36 s > TEAM: 0 	F: 0 	 (64000) 	S: 3 	 (58000) 	T: 2 	 (52000) 	LAP 13
6480.24 s > TEAM: 1 	F: 159 	 (64000) 	S: 157 	 (63999) 	T: 158 	 (56000) 	LAP 14
6720.24 s > TEAM: 1 	F: 157 	 (64000) 	S: 159 	 (64000) 	T: 158 	 (60000) 	LAP 15
6720.36 s > TEAM: 0 	F: 0 	 (64000) 	S: 3 	 (62000) 	T: 2 	 (56000) 	LAP 14
6960.24 s > TEAM: 1 	F: 157 	 (64000) 	S: 158 	 (64000) 	T: 159 	 (64000) 	LAP 16
7200.36 s > TEAM: 0 	F: 0 	 (64000) 	S: 3 	 (64000) 	T: 2 	 (60000) 	LAP 15
7680.36 s > TEAM: 0 	F: 0 	 (64000) 	S: 2 	 (64000) 	T: 3 	 (64000) 	LAP 16
Broken Team 0: 4 (6), 5 (9), 17 (13), 18 (5), 21 (0), 23 (6), 24 (0), 27 (7), 29 (2), 35 (2), 37 (7), 40 (10), 45 (15), 48 (15), 50 (13), 53 (4), 54 (15), 56 (1), 58 (9), 60 (5), 65 (4), 66 (9), 71 (12), 73 (15), 74 (15), 78 (7), 
Broken Team 1: 80 (1), 83 (5), 84 (0), 85 (0), 91 (2), 93 (4), 96 (11), 99 (7), 101 (7), 104 (2), 106 (8), 109 (1), 113 (2), 114 (10), 117 (5), 119 (2), 122 (11), 124 (2), 128 (13), 129 (8), 130 (6), 132 (6), 133 (11), 137 (6), 143 (10), 145 (7), 146 (10), 152 (13), 155 (12), 156 (8), 
Finishing order: 0 (6000.51), 159 (6120.57), 157 (6480.33), 158 (6960.27), 3 (6960.39), 81 (7200.51), 2 (7680.39), 6 (7680.63), 82 (7680.63), 7 (7680.75), 1 (7680.87), 8 (7681.11), 9 (7681.23), 11 (7681.35), 103 (7681.35), 10 (7681.47), 12 (7681.59), 86 (7681.59), 88 (7681.71), 26 (7681.83), 87 (7681.83), 28 (7681.95), 151 (7681.95), 15 (7682.07), 90 (7682.07), 14 (7682.19), 89 (7682.19), 13 (7682.31), 92 (7682.43), 16 (7682.67), 94 (7682.67), 19 (7682.79), 95 (7682.79), 20 (7682.91), 97 (7683.03), 22 (7683.15), 98 (7683.15), 100 (7683.27), 108 (7683.51), 30 (7683.63), 107 (7683.63), 33 (7683.75), 110 (7683.75), 31 (7683.87), 111 (7683.87), 112 (7683.99), 25 (7684.11), 36 (7684.23), 118 (7684.23), 34 (7684.47), 38 (7684.59), 125 (7684.59), 39 (7684.71), 120 (7684.71), 127 (7684.83), 41 (7684.95), 42 (7685.07), 43 (7685.19), 126 (7685.19), 47 (7685.43), 131 (7685.43), 52 (7685.79), 51 (7685.91), 134 (7686.03), 55 (7686.15), 135 (7686.15), 49 (7686.27), 121 (7686.27), 46 (7686.39), 136 (7686.39), 61 (7686.51), 62 (7686.63), 140 (7686.63), 64 (7686.75), 141 (7686.87), 57 (7686.99), 142 (7686.99), 144 (7687.11), 139 (7687.23), 67 (7687.35), 68 (7687.47), 147 (7687.47), 69 (7687.59), 153 (7687.59), 70 (7687.71), 150 (7687.71), 77 (7687.83), 154 (7687.95), 79 (7688.07), 76 (7688.19), 102 (7688.19), 75 (7688.43), 105 (7688.43), 116 (7688.67), 59 (7688.79), 115 (7688.79), 32 (7688.91), 123 (7688.91), 44 (7689.03), 149 (7689.15), 148 (7689.27), 72 (7689.39), 63 (7689.51), 138 (7689.51), 
Result: TEAM 1 WIN*
