Mode: RANDOM
480.24 s > TEAM: 0 	F: 1 	 (4002) 	S: 0 	 (4001) 	T: 4 	 (4000) 	LAP 1
480.36 s > TEAM: 1 	F: 158 	 (4004) 	S: 80 	 (4002) 	T: 81 	 (4000) 	LAP 1
960.36 s > TEAM: 0 	F: 1 	 (8006) 	S: 0 	 (8002) 	T: 3 	 (8000) 	LAP 2
960.36 s > TEAM: 1 	F: 158 	 (12004) 	S: 80 	 (12002) 	T: 81 	 (8000) 	LAP 2
1200.36 s > TEAM: 1 	F: 158 	 (16002) 	S: 80 	 (16001) 	T: 81 	 (12000) 	LAP 3
1440.36 s > TEAM: 0 	F: 1 	 (15998) 	S: 0 	 (12004) 	T: 3 	 (12000) 	LAP 3
1560.24 s > TEAM: 1 	F: 80 	 (20000) 	S: 158 	 (19001) 	T: 81 	 (16000) 	LAP 4
1920.36 s > TEAM: 0 	F: 0 	 (19998) 	S: 1 	 (19997) 	T: 3 	 (16000) 	LAP 4
2160.48 s > TEAM: 1 	F: 80 	 (25002) 	S: 158 	 (24003) 	T: 82 	 (20000) 	LAP 5
2400.36 s > TEAM: 0 	F: 0 	 (23998) 	S: 1 	 (23997) 	T: 3 	 (20000) 	LAP 5
2640.48 s > TEAM: 1 	F: 80 	 (30005) 	S: 158 	 (28006) 	T: 82 	 (24000) 	LAP 6
2880.36 s > TEAM: 0 	F: 0 	 (28998) 	S: 1 	 (27997) 	T: 3 	 (24000) 	LAP 6
2880.48 s > TEAM: 1 	F: 80 	 (34005) 	S: 158 	 (32003) 	T: 82 	 (28000) 	LAP 7
3120.48 s > TEAM: 1 	F: 80 	 (36074) 	S: 158 	 (34003) 	T: 82 	 (32000) 	LAP 8
3360.36 s > TEAM: 0 	F: 0 	 (33997) 	S: 1 	 (31997) 	T: 3 	 (28000) 	LAP 7
3360.48 s > TEAM: 1 	F: 80 	 (36074) 	S: 158 	 (36003) 	T: 82 	 (36000) 	LAP 9
3840.36 s > TEAM: 0 	F: 0 	 (38998) 	S: 1 	 (37997) 	T: 3 	 (32000) 	LAP 8
4320.36 s > TEAM: 0 	F: 1 	 (41997) 	S: 0 	 (40677) 	T: 3 	 (36000) 	LAP 9
4800.36 s > TEAM: 0 	F: 1 	 (47994) 	S: 0 	 (40677) 	T: 3 	 (40000) 	LAP 10
4800.60 s > TEAM: 1 	F: 158 	 (48004) 	S: 82 	 (48001) 	T: 85 	 (40000) 	LAP 10
5280.48 s > TEAM: 0 	F: 1 	 (55996) 	S: 3 	 (44002) 	T: 5 	 (44000) 	LAP 11
5280.60 s > TEAM: 1 	F: 158 	 (52008) 	S: 82 	 (52002) 	T: 85 	 (44000) 	LAP 11
5520.48 s > TEAM: 0 	F: 1 	 (57998) 	S: 3 	 (48001) 	T: 5 	 (48000) 	LAP 12
5760.60 s > TEAM: 1 	F: 82 	 (60001) 	S: 158 	 (58004) 	T: 85 	 (48000) 	LAP 12
6000.36 s > TEAM: 0 	F: 1 	 (61997) 	S: 5 	 (53999) 	T: 3 	 (52000) 	LAP 13
6240.60 s > TEAM: 1 	F: 82 	 (64000) 	S: 158 	 (62004) 	T: 85 	 (52000) 	LAP 13
6480.36 s > TEAM: 0 	F: 1 	 (64000) 	S: 5 	 (57999) 	T: 3 	 (56000) 	LAP 14
6720.60 s > TEAM: 1 	F: 82 	 (64000) 	S: 158 	 (64000) 	T: 85 	 (56000) 	LAP 14
6960.36 s > TEAM: 0 	F: 1 	 (64000) 	S: 5 	 (61999) 	T: 3 	 (60000) 	LAP 15
6960.60 s > TEAM: 1 	F: 82 	 (64000) 	S: 158 	 (64000) 	T: 85 	 (60000) 	LAP 15
7200.60 s > TEAM: 1 	F: 82 	 (64000) 	S: 85 	 (64000) 	T: 158 	 (64000) 	LAP 16
7440.36 s > TEAM: 0 	F: 1 	 (64000) 	S: 3 	 (64000) 	T: 5 	 (64000) 	LAP 16
Broken Team 0: 0 (10), 4 (1), 6 (4), 10 (4), 16 (5), 22 (15), 27 (5), 29 (7), 35 (13), 37 (15), 38 (14), 40 (12), 43 (4), 46 (1), 47 (7), 51 (8), 56 (4), 59 (15), 60 (8), 63 (6), 64 (9), 65 (14), 68 (3), 70 (15), 76 (0), 77 (9), 78 (7), 
Broken Team 1: 80 (9), 81 (4), 83 (8), 88 (1), 92 (0), 95 (10), 97 (5), 98 (11), 99 (14), 100 (12), 104 (4), 106 (9), 107 (6), 111 (1), 122 (8), 123 (5), 124 (5), 125 (3), 131 (4), 142 (3), 143 (11), 145 (1), 146 (2), 147 (1), 151 (0), 153 (8), 154 (12), 155 (8), 159 (0), 
Finishing order: 82 (6240.51), 1 (6240.75), 158 (6480.15), 5 (7200.51), 85 (7200.63), 84 (7200.75), 3 (7440.39), 86 (7440.87), 87 (7440.99), 28 (7680.63), 7 (7680.87), 2 (7680.99), 8 (7681.11), 9 (7681.23), 89 (7681.23), 90 (7681.35), 12 (7681.47), 94 (7681.47), 11 (7681.59), 91 (7681.59), 14 (7681.71), 15 (7681.83), 13 (7682.07), 101 (7682.07), 17 (7682.19), 18 (7682.31), 96 (7682.31), 19 (7682.43), 103 (7682.43), 20 (7682.55), 21 (7682.67), 102 (7682.67), 105 (7682.79), 23 (7682.91), 24 (7683.03), 25 (7683.15), 26 (7683.27), 110 (7683.27), 108 (7683.39), 30 (7683.51), 109 (7683.51), 31 (7683.63), 32 (7683.75), 112 (7683.75), 113 (7683.87), 33 (7683.99), 114 (7683.99), 36 (7684.11), 115 (7684.11), 34 (7684.23), 117 (7684.23), 116 (7684.35), 118 (7684.47), 119 (7684.59), 120 (7684.71), 44 (7684.83), 42 (7684.95), 121 (7685.19), 45 (7685.31), 48 (7685.43), 126 (7685.43), 52 (7685.55), 127 (7685.55), 53 (7685.67), 128 (7685.67), 49 (7685.79), 129 (7685.79), 54 (7685.91), 130 (7685.91), 39 (7686.03), 132 (7686.03), 50 (7686.15), 133 (7686.27), 135 (7686.39), 55 (7686.51), 134 (7686.51), 57 (7686.63), 137 (7686.63), 41 (7686.75), 138 (7686.75), 58 (7686.87), 136 (7686.87), 139 (7686.99), 140 (7687.11), 61 (7687.23), 141 (7687.23), 62 (7687.35), 69 (7687.59), 67 (7687.83), 144 (7687.83), 148 (7687.95), 72 (7688.07), 73 (7688.19), 74 (7688.31), 150 (7688.31), 149 (7688.43), 71 (7688.55), 152 (7688.55), 75 (7688.79), 156 (7688.79), 66 (7688.91), 157 (7688.91), 79 (7689.39), 93 (7689.39), 
Result: TEAM 1 WIN*
