Mode: RANDOM
480.24 s > TEAM: 0 	F: 1 	 (4002) 	S: 3 	 (4001) 	T: 2 	 (4000) 	LAP 1
480.24 s > TEAM: 1 	F: 159 	 (4004) 	S: 80 	 (4001) 	T: 81 	 (4000) 	LAP 1
960.24 s > TEAM: 0 	F: 1 	 (8002) 	S: 3 	 (8001) 	T: 2 	 (8000) 	LAP 2
960.24 s > TEAM: 1 	F: 159 	 (12002) 	S: 80 	 (8001) 	T: 81 	 (8000) 	LAP 2
1440.24 s > TEAM: 0 	F: 1 	 (12004) 	S: 3 	 (12001) 	T: 2 	 (12000) 	LAP 3
1440.24 s > TEAM: 1 	F: 159 	 (16002) 	S: 80 	 (12001) 	T: 81 	 (12000) 	LAP 3
1920.24 s > TEAM: 0 	F: 1 	 (18002) 	S: 3 	 (16001) 	T: 2 	 (16000) 	LAP 4
1920.24 s > TEAM: 1 	F: 159 	 (20002) 	S: 80 	 (16001) 	T: 81 	 (16000) 	LAP 4
2400.24 s > TEAM: 0 	F: 1 	 (22002) 	S: 3 	 (20001) 	T: 2 	 (20000) 	LAP 5
2400.24 s > TEAM: 1 	F: 159 	 (24004) 	S: 80 	 (20001) 	T: 81 	 (20000) 	LAP 5
2880.24 s > TEAM: 1 	F: 159 	 (32002) 	S: 80 	 (24001) 	T: 81 	 (24000) 	LAP 6
2880.48 s > TEAM: 0 	F: 1 	 (26004) 	S: 2 	 (24002) 	T: 5 	 (24000) 	LAP 6
3360.24 s > TEAM: 1 	F: 159 	 (36004) 	S: 80 	 (28001) 	T: 81 	 (28000) 	LAP 7
3360.48 s > TEAM: 0 	F: 1 	 (32004) 	S: 2 	 (28002) 	T: 5 	 (28000) 	LAP 7
3840.24 s > TEAM: 1 	F: 159 	 (44002) 	S: 80 	 (32001) 	T: 81 	 (32000) 	LAP 8
3840.48 s > TEAM: 0 	F: 1 	 (36004) 	S: 2 	 (32002) 	T: 5 	 (32000) 	LAP 8
4320.24 s > TEAM: 1 	F: 159 	 (48002) 	S: 80 	 (36001) 	T: 81 	 (36000) 	LAP 9
4320.48 s > TEAM: 0 	F: 1 	 (40004) 	S: 2 	 (36002) 	T: 5 	 (36000) 	LAP 9
4800.24 s > TEAM: 1 	F: 159 	 (52002) 	S: 80 	 (40001) 	T: 81 	 (40000) 	LAP 10
4800.48 s > TEAM: 0 	F: 1 	 (44008) 	S: 2 	 (40002) 	T: 5 	 (40000) 	LAP 10
5280.24 s > TEAM: 1 	F: 159 	 (56002) 	S: 80 	 (44001) 	T: 81 	 (44000) 	LAP 11
5280.48 s > TEAM: 0 	F: 1 	 (50004) 	S: 2 	 (44002) 	T: 5 	 (44000) 	LAP 11
5760.24 s > TEAM: 1 	F: 159 	 (60004) 	S: 80 	 (48001) 	T: 81 	 (48000) 	LAP 12
5760.48 s > TEAM: 0 	F: 1 	 (56008) 	S: 2 	 (48004) 	T: 5 	 (48000) 	LAP 12
6240.24 s > TEAM: 1 	F: 159 	 (64000) 	S: 80 	 (52001) 	T: 81 	 (52000) 	LAP 13
6240.48 s > TEAM: 0 	F: 1 	 (62004) 	S: 2 	 (56004) 	T: 5 	 (52000) 	LAP 13
6720.24 s > TEAM: 1 	F: 159 	 (64000) 	S: 80 	 (56001) 	T: 81 	 (56000) 	LAP 14
6720.48 s > TEAM: 0 	F: 1 	 (64000) 	S: 2 	 (62002) 	T: 5 	 (56000) 	LAP 14
7200.24 s > TEAM: 1 	F: 159 	 (64000) 	S: 80 	 (60001) 	T: 81 	 (60000) 	LAP 15
7200.48 s > TEAM: 0 	F: 1 	 (64000) 	S: 2 	 (64000) 	T: 5 	 (60000) 	LAP 15
7440.48 s > TEAM: 0 	F: 1 	 (64000) 	S: 2 	 (64000) 	T: 5 	 (64000) 	LAP 16
7680.24 s > TEAM: 1 	F: 80 	 (64000) 	S: 81 	 (64000) 	T: 159 	 (64000) 	LAP 16
Broken Team 0: 3 (5), 4 (3), 7 (4), 9 (3), 11 (7), 14 (2), 15 (14), 19 (0), 22 (1), 23 (11), 24 (5), 28 (5), 29 (9), 36 (4), 37 (6), 40 (7), 41 (2), 45 (8), 49 (12), 53 (4), 54 (11), 56 (7), 57 (4), 58 (7), 60 (9), 63 (0), 65 (4), 66 (9), 74 (3), 
Broken Team 1: 84 (6), 88 (5), 91 (2), 98 (5), 100 (10), 103 (0), 104 (3), 106 (14), 111 (6), 115 (8), 116 (1), 117 (2), 118 (2), 119 (9), 121 (1), 124 (5), 126 (4), 130 (11), 131 (7), 134 (9), 135 (9), 136 (6), 140 (0), 142 (3), 150 (9), 151 (6), 153 (3), 
Finishing order: 159 (6000.03), 1 (6480.03), 2 (6960.27), 5 (7440.51), 6 (7440.63), 8 (7440.87), 0 (7440.99), 80 (7680.15), 81 (7680.27), 82 (7680.39), 83 (7680.51), 85 (7680.75), 86 (7680.87), 87 (7680.99), 10 (7681.35), 89 (7681.35), 12 (7681.47), 13 (7681.59), 90 (7681.59), 17 (7681.83), 18 (7681.95), 92 (7682.07), 93 (7682.19), 16 (7682.31), 94 (7682.31), 20 (7682.43), 95 (7682.43), 21 (7682.55), 97 (7682.55), 25 (7682.79), 107 (7682.79), 102 (7682.91), 26 (7683.03), 27 (7683.15), 110 (7683.15), 109 (7683.39), 30 (7683.51), 112 (7683.51), 31 (7683.63), 113 (7683.63), 32 (7683.75), 114 (7683.75), 33 (7683.87), 34 (7683.99), 35 (7684.11), 108 (7684.11), 120 (7684.23), 38 (7684.35), 123 (7684.47), 122 (7684.59), 39 (7684.83), 125 (7684.83), 42 (7685.07), 127 (7685.07), 43 (7685.19), 128 (7685.19), 44 (7685.31), 129 (7685.31), 46 (7685.55), 132 (7685.55), 47 (7685.67), 133 (7685.67), 48 (7685.79), 50 (7686.03), 51 (7686.15), 137 (7686.15), 52 (7686.27), 138 (7686.27), 139 (7686.51), 55 (7686.63), 101 (7686.75), 141 (7686.87), 59 (7686.99), 143 (7686.99), 144 (7687.23), 62 (7687.35), 146 (7687.35), 148 (7687.47), 145 (7687.59), 64 (7687.71), 149 (7687.71), 158 (7687.83), 67 (7687.95), 61 (7688.07), 70 (7688.19), 147 (7688.19), 73 (7688.31), 154 (7688.31), 69 (7688.43), 77 (7688.55), 155 (7688.55), 71 (7688.67), 157 (7688.67), 76 (7688.79), 156 (7688.79), 68 (7688.91), 105 (7688.91), 72 (7689.03), 78 (7689.15), 99 (7689.15), 79 (7689.27), 96 (7689.39), 75 (7689.51), 152 (7689.51), 
Result: TEAM 0 WIN
