Mode: RANDOM
480.24 s > TEAM: 0 	F: 0 	 (4004) 	S: 2 	 (4002) 	T: 63 	 (4000) 	LAP 1
480.24 s > TEAM: 1 	F: 159 	 (4002) 	S: 80 	 (4001) 	T: 81 	 (4000) 	LAP 1
960.24 s > TEAM: 0 	F: 0 	 (12004) 	S: 2 	 (12001) 	T: 63 	 (8000) 	LAP 2
960.24 s > TEAM: 1 	F: 159 	 (8002) 	S: 80 	 (8001) 	T: 81 	 (8000) 	LAP 2
1440.24 s > TEAM: 1 	F: 159 	 (12004) 	S: 80 	 (12001) 	T: 81 	 (12000) 	LAP 3
1440.36 s > TEAM: 0 	F: 0 	 (20003) 	S: 2 	 (16002) 	T: 1 	 (12000) 	LAP 3
1920.24 s > TEAM: 1 	F: 159 	 (18002) 	S: 80 	 (16001) 	T: 81 	 (16000) 	LAP 4
1920.36 s > TEAM: 0 	F: 0 	 (24003) 	S: 2 	 (20002) 	T: 1 	 (16000) 	LAP 4
2400.36 s > TEAM: 0 	F: 0 	 (28006) 	S: 2 	 (24002) 	T: 1 	 (20000) 	LAP 5
2400.36 s > TEAM: 1 	F: 80 	 (20002) 	S: 81 	 (20001) 	T: 82 	 (20000) 	LAP 5
2880.36 s > TEAM: 0 	F: 0 	 (36006) 	S: 2 	 (28004) 	T: 1 	 (24000) 	LAP 6
2880.48 s > TEAM: 1 	F: 80 	 (24003) 	S: 82 	 (24001) 	T: 83 	 (24000) 	LAP 6
3120.36 s > TEAM: 0 	F: 0 	 (40006) 	S: 2 	 (32002) 	T: 1 	 (28000) 	LAP 7
3360.48 s > TEAM: 1 	F: 80 	 (28003) 	S: 82 	 (28001) 	T: 83 	 (28000) 	LAP 7
3600.36 s > TEAM: 0 	F: 0 	 (47998) 	S: 2 	 (36004) 	T: 1 	 (32000) 	LAP 8
3840.36 s > TEAM: 0 	F: 0 	 (49998) 	S: 2 	 (40002) 	T: 1 	 (36000) 	LAP 9
3840.48 s > TEAM: 1 	F: 80 	 (32006) 	S: 82 	 (32001) 	T: 83 	 (32000) 	LAP 8
4320.36 s > TEAM: 0 	F: 0 	 (53998) 	S: 2 	 (44002) 	T: 1 	 (40000) 	LAP 10
4320.48 s > TEAM: 1 	F: 80 	 (39998) 	S: 82 	 (36001) 	T: 83 	 (36000) 	LAP 9
4800.36 s > TEAM: 0 	F: 0 	 (57998) 	S: 2 	 (48002) 	T: 1 	 (44000) 	LAP 11
4800.48 s > TEAM: 1 	F: 80 	 (43998) 	S: 82 	 (40001) 	T: 83 	 (40000) 	LAP 10
5280.36 s > TEAM: 0 	F: 0 	 (61998) 	S: 2 	 (52004) 	T: 1 	 (48000) 	LAP 12
5280.48 s > TEAM: 1 	F: 80 	 (45475) 	S: 82 	 (44001) 	T: 83 	 (44000) 	LAP 11
5760.36 s > TEAM: 0 	F: 0 	 (64000) 	S: 2 	 (57997) 	T: 1 	 (52000) 	LAP 13
5760.60 s > TEAM: 1 	F: 82 	 (48002) 	S: 83 	 (48001) 	T: 84 	 (48000) 	LAP 12
6240.36 s > TEAM: 0 	F: 0 	 (64000) 	S: 2 	 (61998) 	T: 1 	 (56000) 	LAP 14
6240.60 s > TEAM: 1 	F: 82 	 (52002) 	S: 83 	 (52001) 	T: 84 	 (52000) 	LAP 13
6480.60 s > TEAM: 0 	F: 0 	 (64000) 	S: 2 	 (64000) 	T: 1 	 (60000) 	LAP 15
6720.60 s > TEAM: 0 	F: 0 	 (64000) 	S: 1 	 (64000) 	T: 2 	 (64000) 	LAP 16
6720.60 s > TEAM: 1 	F: 82 	 (56004) 	S: 83 	 (56002) 	T: 84 	 (56000) 	LAP 14
7200.60 s > TEAM: 1 	F: 82 	 (62002) 	S: 83 	 (62001) 	T: 84 	 (60000) 	LAP 15
7680.60 s > TEAM: 1 	F: 82 	 (64000) 	S: 83 	 (64000) 	T: 84 	 (64000) 	LAP 16
Broken Team 0: 5 (5), 10 (4), 12 (6), 17 (8), 18 (7), 22 (0), 25 (4), 26 (13), 32 (14), 33 (2), 36 (8), 37 (1), 40 (9), 42 (2), 43 (8), 45 (15), 47 (1), 49 (4), 62 (10), 63 (2), 65 (0), 67 (11), 70 (6), 74 (3), 77 (12), 78 (1), 79 (13), 
Broken Team 1: 80 (11), 81 (5), 88 (0), 90 (2), 95 (10), 102 (3), 103 (9), 105 (6), 110 (11), 111 (10), 115 (15), 119 (2), 121 (4), 133 (4), 139 (1), 140 (0), 141 (3), 142 (9), 144 (2), 149 (8), 150 (4), 151 (6), 152 (7), 156 (1), 157 (5), 159 (4), 
Finishing order: 0 (5520.63), 2 (6480.57), 1 (6720.63), 3 (6960.51), 4 (7200.75), 82 (7440.39), 83 (7440.51), 7 (7440.87), 84 (7680.63), 85 (7680.75), 8 (7680.99), 86 (7680.99), 9 (7681.11), 87 (7681.11), 6 (7681.23), 158 (7681.23), 11 (7681.47), 89 (7681.47), 14 (7681.71), 114 (7681.71), 15 (7681.83), 16 (7681.95), 91 (7681.95), 92 (7682.07), 20 (7682.19), 93 (7682.19), 96 (7682.31), 21 (7682.43), 97 (7682.43), 13 (7682.55), 98 (7682.55), 23 (7682.79), 94 (7682.79), 24 (7682.91), 101 (7683.03), 27 (7683.27), 100 (7683.27), 64 (7683.39), 99 (7683.39), 28 (7683.51), 104 (7683.51), 29 (7683.63), 30 (7683.75), 106 (7683.75), 31 (7683.99), 109 (7683.99), 34 (7684.11), 35 (7684.23), 107 (7684.23), 113 (7684.35), 108 (7684.59), 38 (7684.71), 112 (7684.71), 41 (7684.83), 117 (7684.83), 123 (7684.95), 124 (7685.07), 120 (7685.19), 126 (7685.31), 56 (7685.43), 153 (7685.43), 44 (7685.55), 128 (7685.55), 46 (7685.67), 127 (7685.67), 125 (7685.91), 50 (7686.03), 130 (7686.03), 39 (7686.15), 122 (7686.15), 48 (7686.27), 52 (7686.39), 134 (7686.39), 51 (7686.51), 129 (7686.51), 54 (7686.63), 138 (7686.63), 55 (7686.75), 136 (7686.75), 61 (7686.87), 137 (7686.87), 53 (7686.99), 132 (7686.99), 59 (7687.11), 68 (7687.23), 66 (7687.35), 131 (7687.35), 60 (7687.47), 145 (7687.59), 58 (7687.71), 147 (7687.71), 135 (7687.95), 69 (7688.07), 72 (7688.19), 146 (7688.19), 73 (7688.31), 143 (7688.31), 148 (7688.43), 75 (7688.55), 71 (7688.67), 76 (7688.91), 154 (7688.91), 155 (7689.15), 57 (7689.27), 116 (7689.27), 19 (7689.39), 118 (7689.51), 
Result: TEAM 0 WIN*
