Mode: RANDOM
480.24 s > TEAM: 0 	F: 0 	 (4002) 	S: 1 	 (4001) 	T: 2 	 (4000) 	LAP 1
480.24 s > TEAM: 1 	F: 159 	 (4004) 	S: 80 	 (4002) 	T: 81 	 (4000) 	LAP 1
720.24 s > TEAM: 1 	F: 159 	 (8004) 	S: 80 	 (8001) 	T: 81 	 (8000) 	LAP 2
960.24 s > TEAM: 0 	F: 0 	 (8002) 	S: 1 	 (8001) 	T: 2 	 (8000) 	LAP 2
1440.24 s > TEAM: 0 	F: 0 	 (12004) 	S: 1 	 (12001) 	T: 2 	 (12000) 	LAP 3
1440.48 s > TEAM: 1 	F: 81 	 (16005) 	S: 80 	 (16003) 	T: 156 	 (12000) 	LAP 3
1920.24 s > TEAM: 0 	F: 0 	 (19999) 	S: 1 	 (16002) 	T: 2 	 (16000) 	LAP 4
1920.48 s > TEAM: 1 	F: 81 	 (22002) 	S: 80 	 (20003) 	T: 156 	 (16000) 	LAP 4
2400.24 s > TEAM: 0 	F: 0 	 (23999) 	S: 1 	 (21785) 	T: 2 	 (20000) 	LAP 5
2400.48 s > TEAM: 1 	F: 81 	 (28002) 	S: 80 	 (24006) 	T: 156 	 (20000) 	LAP 5
2880.36 s > TEAM: 0 	F: 0 	 (30000) 	S: 2 	 (24001) 	T: 3 	 (24000) 	LAP 6
2880.48 s > TEAM: 1 	F: 81 	 (32002) 	S: 80 	 (30003) 	T: 156 	 (24000) 	LAP 6
3360.36 s > TEAM: 0 	F: 0 	 (34000) 	S: 2 	 (28001) 	T: 3 	 (28000) 	LAP 7
3360.48 s > TEAM: 1 	F: 81 	 (36002) 	S: 80 	 (34003) 	T: 156 	 (28000) 	LAP 7
3840.36 s > TEAM: 0 	F: 0 	 (40000) 	S: 2 	 (32002) 	T: 3 	 (32000) 	LAP 8
3840.48 s > TEAM: 1 	F: 81 	 (40005) 	S: 80 	 (38003) 	T: 156 	 (32000) 	LAP 8
4080.36 s > TEAM: 0 	F: 0 	 (42000) 	S: 2 	 (36001) 	T: 3 	 (36000) 	LAP 9
4320.48 s > TEAM: 1 	F: 81 	 (46002) 	S: 80 	 (42003) 	T: 156 	 (36000) 	LAP 9
4560.24 s > TEAM: 0 	F: 0 	 (46000) 	S: 3 	 (41999) 	T: 2 	 (40000) 	LAP 10
4800.48 s > TEAM: 1 	F: 81 	 (50002) 	S: 80 	 (46003) 	T: 156 	 (40000) 	LAP 10
5040.24 s > TEAM: 0 	F: 0 	 (50000) 	S: 3 	 (45999) 	T: 2 	 (44000) 	LAP 11
5280.48 s > TEAM: 1 	F: 81 	 (54002) 	S: 80 	 (50003) 	T: 156 	 (44000) 	LAP 11
5520.24 s > TEAM: 0 	F: 0 	 (54129) 	S: 3 	 (50128) 	T: 2 	 (48000) 	LAP 12
5760.24 s > TEAM: 0 	F: 0 	 (57064) 	S: 3 	 (54128) 	T: 2 	 (52000) 	LAP 13
5760.48 s > TEAM: 1 	F: 81 	 (58002) 	S: 80 	 (51872) 	T: 156 	 (48000) 	LAP 12
6240.24 s > TEAM: 0 	F: 0 	 (62129) 	S: 3 	 (59999) 	T: 2 	 (56000) 	LAP 14
6240.60 s > TEAM: 1 	F: 81 	 (62003) 	S: 156 	 (52001) 	T: 83 	 (52000) 	LAP 13
6480.36 s > TEAM: 0 	F: 3 	 (64000) 	S: 0 	 (64000) 	T: 2 	 (60000) 	LAP 15
6720.36 s > TEAM: 0 	F: 2 	 (64000) 	S: 3 	 (64000) 	T: 0 	 (64000) 	LAP 16
6720.60 s > TEAM: 1 	F: 81 	 (64000) 	S: 156 	 (56002) 	T: 83 	 (56000) 	LAP 14
6960.60 s > TEAM: 1 	F: 81 	 (64000) 	S: 156 	 (60001) 	T: 83 	 (60000) 	LAP 15
7440.60 s > TEAM: 1 	F: 81 	 (64000) 	S: 83 	 (64000) 	T: 156 	 (64000) 	LAP 16
Broken Team 0: 1 (5), 4 (5), 10 (14), 13 (13), 21 (8), 24 (6), 26 (3), 27 (2), 29 (1), 30 (4), 34 (5), 36 (1), 37 (15), 42 (7), 43 (7), 44 (6), 48 (3), 50 (10), 51 (10), 55 (12), 56 (11), 57 (2), 59 (4), 66 (2), 67 (3), 69 (9), 70 (4), 72 (8), 76 (14), 79 (9), 
Broken Team 1: 80 (12), 82 (2), 87 (0), 88 (9), 90 (5), 94 (0), 95 (11), 97 (12), 101 (0), 102 (8), 105 (6), 106 (5), 109 (12), 112 (1), 113 (3), 114 (9), 121 (0), 125 (6), 130 (4), 133 (4), 134 (0), 137 (0), 138 (12), 142 (3), 143 (1), 145 (8), 147 (15), 149 (0), 157 (13), 159 (2), 
Finishing order: 0 (6352.53), 81 (6480.21), 3 (6480.33), 2 (6720.39), 156 (7440.51), 5 (7440.63), 83 (7440.63), 84 (7440.75), 85 (7440.81), 6 (7680.75), 7 (7680.87), 8 (7680.99), 86 (7680.99), 9 (7681.11), 158 (7681.23), 11 (7681.35), 89 (7681.35), 12 (7681.59), 124 (7681.59), 15 (7681.71), 91 (7681.71), 16 (7681.83), 17 (7681.95), 18 (7682.07), 93 (7682.07), 14 (7682.19), 92 (7682.19), 19 (7682.31), 20 (7682.43), 22 (7682.55), 96 (7682.55), 23 (7682.79), 99 (7682.79), 25 (7682.91), 98 (7682.91), 132 (7683.03), 49 (7683.39), 103 (7683.39), 28 (7683.51), 100 (7683.51), 104 (7683.63), 31 (7683.75), 111 (7683.75), 33 (7683.99), 107 (7683.99), 32 (7684.11), 115 (7684.11), 116 (7684.23), 35 (7684.35), 118 (7684.59), 38 (7684.71), 117 (7684.71), 39 (7684.83), 119 (7684.83), 40 (7684.95), 41 (7685.07), 126 (7685.07), 64 (7685.19), 123 (7685.19), 47 (7685.43), 129 (7685.43), 135 (7685.55), 45 (7685.79), 136 (7685.79), 46 (7685.91), 139 (7686.03), 141 (7686.27), 52 (7686.51), 53 (7686.63), 146 (7686.63), 148 (7686.99), 58 (7687.11), 150 (7687.11), 62 (7687.23), 151 (7687.23), 153 (7687.35), 63 (7687.47), 154 (7687.47), 144 (7687.59), 152 (7687.71), 68 (7687.83), 155 (7687.83), 71 (7687.95), 73 (7688.19), 74 (7688.31), 110 (7688.31), 75 (7688.43), 131 (7688.43), 108 (7688.55), 77 (7688.67), 120 (7688.67), 78 (7688.79), 122 (7688.79), 127 (7688.91), 60 (7689.03), 61 (7689.15), 128 (7689.15), 54 (7689.27), 65 (7689.39), 140 (7689.51), 
Result: TEAM 0 WIN*
