Mode: RANDOM
480.24 s > TEAM: 0 	F: 0 	 (4004) 	S: 1 	 (4002) 	T: 3 	 (4000) 	LAP 1
480.24 s > TEAM: 1 	F: 159 	 (4002) 	S: 80 	 (4001) 	T: 81 	 (4000) 	LAP 1
720.24 s > TEAM: 0 	F: 0 	 (8002) 	S: 1 	 (8001) 	T: 3 	 (8000) 	LAP 2
960.24 s > TEAM: 1 	F: 159 	 (8004) 	S: 80 	 (8002) 	T: 81 	 (8000) 	LAP 2
1200.24 s > TEAM: 0 	F: 1 	 (13001) 	S: 0 	 (12002) 	T: 3 	 (12000) 	LAP 3
1440.24 s > TEAM: 1 	F: 159 	 (15999) 	S: 80 	 (15998) 	T: 81 	 (12000) 	LAP 3
1680.24 s > TEAM: 0 	F: 1 	 (17001) 	S: 0 	 (16002) 	T: 3 	 (16000) 	LAP 4
1680.24 s > TEAM: 1 	F: 159 	 (17999) 	S: 80 	 (17995) 	T: 81 	 (16000) 	LAP 4
2160.24 s > TEAM: 0 	F: 1 	 (21001) 	S: 0 	 (20002) 	T: 3 	 (20000) 	LAP 5
2400.48 s > TEAM: 1 	F: 159 	 (24001) 	S: 80 	 (23997) 	T: 83 	 (20000) 	LAP 5
2640.24 s > TEAM: 0 	F: 1 	 (26003) 	S: 0 	 (24004) 	T: 3 	 (24000) 	LAP 6
2880.48 s > TEAM: 1 	F: 159 	 (28001) 	S: 80 	 (27997) 	T: 83 	 (24000) 	LAP 6
3120.24 s > TEAM: 0 	F: 0 	 (31993) 	S: 1 	 (31992) 	T: 3 	 (28000) 	LAP 7
3360.24 s > TEAM: 0 	F: 1 	 (33993) 	S: 0 	 (33992) 	T: 3 	 (32000) 	LAP 8
3360.48 s > TEAM: 1 	F: 159 	 (32003) 	S: 80 	 (31997) 	T: 83 	 (28000) 	LAP 7
3601.32 s > TEAM: 0 	F: 0 	 (36002) 	S: 1 	 (36001) 	T: 3 	 (36000) 	LAP 9
3840.48 s > TEAM: 1 	F: 159 	 (38001) 	S: 80 	 (35997) 	T: 83 	 (32000) 	LAP 8
4081.20 s > TEAM: 0 	F: 0 	 (40001) 	S: 1 	 (40000) 	T: 3 	 (40000) 	LAP 10
4320.48 s > TEAM: 1 	F: 159 	 (43994) 	S: 80 	 (39997) 	T: 83 	 (36000) 	LAP 9
4560.48 s > TEAM: 1 	F: 159 	 (45994) 	S: 80 	 (41997) 	T: 83 	 (40000) 	LAP 10
4561.32 s > TEAM: 0 	F: 0 	 (44002) 	S: 1 	 (44001) 	T: 3 	 (44000) 	LAP 11
4801.20 s > TEAM: 1 	F: 159 	 (48000) 	S: 80 	 (44003) 	T: 83 	 (44000) 	LAP 11
5041.32 s > TEAM: 0 	F: 0 	 (48002) 	S: 1 	 (48000) 	T: 3 	 (48000) 	LAP 12
5281.20 s > TEAM: 1 	F: 159 	 (52000) 	S: 80 	 (48003) 	T: 83 	 (48000) 	LAP 12
5521.32 s > TEAM: 0 	F: 0 	 (52002) 	S: 1 	 (52000) 	T: 3 	 (52000) 	LAP 13
5761.20 s > TEAM: 1 	F: 159 	 (56000) 	S: 80 	 (54787) 	T: 83 	 (52000) 	LAP 13
6001.32 s > TEAM: 0 	F: 0 	 (56002) 	S: 3 	 (56001) 	T: 1 	 (56000) 	LAP 14
6241.20 s > TEAM: 1 	F: 80 	 (60001) 	S: 159 	 (59999) 	T: 83 	 (56000) 	LAP 14
6481.32 s > TEAM: 0 	F: 3 	 (60002) 	S: 0 	 (60001) 	T: 1 	 (60000) 	LAP 15
6721.20 s > TEAM: 1 	F: 80 	 (64000) 	S: 159 	 (63999) 	T: 83 	 (60000) 	LAP 15
6961.32 s > TEAM: 0 	F: 0 	 (64000) 	S: 1 	 (64000) 	T: 3 	 (64000) 	LAP 16
7201.20 s > TEAM: 1 	F: 80 	 (64000) 	S: 83 	 (64000) 	T: 159 	 (64000) 	LAP 16
Broken Team 0: 5 (4), 8 (14), 11 (1), 14 (15), 18 (6), 24 (1), 29 (12), 30 (5), 39 (3), 40 (1), 41 (8), 44 (9), 49 (4), 52 (2), 59 (1), 63 (15), 67 (1), 71 (0), 72 (2), 76 (9), 77 (12), 
Broken Team 1: 81 (4), 82 (11), 88 (10), 89 (8), 90 (3), 92 (11), 93 (10), 96 (10), 97 (6), 100 (13), 101 (12), 117 (6), 119 (1), 120 (5), 122 (15), 126 (15), 127 (13), 131 (10), 135 (15), 136 (10), 141 (7), 144 (14), 145 (8), 149 (13), 155 (5), 157 (13), 
Finishing order: 80 (6721.23), 159 (6721.35), 0 (6961.11), 3 (6961.11), 1 (6961.35), 83 (7201.23), 84 (7440.63), 4 (7441.11), 2 (7680.51), 7 (7680.75), 85 (7680.75), 6 (7680.99), 86 (7680.99), 87 (7680.99), 9 (7681.11), 10 (7681.23), 12 (7681.47), 91 (7681.47), 15 (7681.71), 16 (7681.83), 148 (7681.83), 42 (7681.95), 94 (7681.95), 13 (7682.07), 95 (7682.07), 19 (7682.31), 20 (7682.43), 98 (7682.43), 22 (7682.55), 99 (7682.55), 17 (7682.67), 23 (7682.91), 103 (7682.91), 21 (7683.03), 104 (7683.03), 25 (7683.15), 105 (7683.15), 26 (7683.27), 106 (7683.27), 27 (7683.39), 107 (7683.39), 102 (7683.51), 114 (7683.63), 28 (7683.75), 113 (7683.75), 32 (7683.87), 111 (7683.87), 31 (7683.99), 33 (7684.11), 115 (7684.11), 35 (7684.23), 116 (7684.23), 36 (7684.35), 34 (7684.47), 118 (7684.47), 137 (7684.59), 43 (7684.71), 121 (7684.83), 134 (7684.95), 46 (7685.07), 47 (7685.19), 123 (7685.19), 38 (7685.31), 124 (7685.31), 48 (7685.55), 129 (7685.67), 51 (7685.79), 125 (7685.79), 50 (7685.91), 130 (7685.91), 37 (7686.03), 132 (7686.03), 139 (7686.15), 53 (7686.27), 140 (7686.27), 54 (7686.39), 55 (7686.51), 133 (7686.51), 56 (7686.63), 57 (7686.75), 128 (7686.75), 58 (7686.99), 60 (7687.11), 142 (7687.11), 61 (7687.23), 66 (7687.35), 151 (7687.35), 65 (7687.47), 143 (7687.47), 150 (7687.59), 69 (7687.71), 138 (7687.71), 154 (7687.83), 153 (7687.95), 70 (7688.07), 152 (7688.07), 75 (7688.31), 64 (7688.43), 108 (7688.43), 158 (7688.55), 73 (7688.67), 109 (7688.67), 62 (7688.79), 156 (7688.79), 146 (7688.91), 68 (7689.03), 110 (7689.03), 79 (7689.15), 147 (7689.15), 74 (7689.27), 112 (7689.27), 78 (7689.39), 45 (7689.51), 
Result: TEAM 0 WIN*
