Mode: RANDOM
480.24 s > TEAM: 0 	F: 0 	 (4002) 	S: 1 	 (4001) 	T: 2 	 (4000) 	LAP 1
480.24 s > TEAM: 1 	F: 159 	 (4002) 	S: 156 	 (4001) 	T: 155 	 (4000) 	LAP 1
960.24 s > TEAM: 0 	F: 0 	 (8002) 	S: 1 	 (8001) 	T: 2 	 (8000) 	LAP 2
960.24 s > TEAM: 1 	F: 159 	 (8004) 	S: 156 	 (8001) 	T: 155 	 (8000) 	LAP 2
1440.24 s > TEAM: 0 	F: 0 	 (12002) 	S: 1 	 (12001) 	T: 2 	 (12000) 	LAP 3
1440.24 s > TEAM: 1 	F: 159 	 (14002) 	S: 156 	 (12001) 	T: 155 	 (12000) 	LAP 3
1920.24 s > TEAM: 0 	F: 0 	 (16002) 	S: 1 	 (16001) 	T: 2 	 (16000) 	LAP 4
1920.24 s > TEAM: 1 	F: 159 	 (20002) 	S: 156 	 (16001) 	T: 155 	 (16000) 	LAP 4
2400.24 s > TEAM: 0 	F: 0 	 (20004) 	S: 1 	 (20001) 	T: 2 	 (20000) 	LAP 5
2400.24 s > TEAM: 1 	F: 159 	 (24004) 	S: 156 	 (20001) 	T: 155 	 (20000) 	LAP 5
2880.24 s > TEAM: 0 	F: 0 	 (26002) 	S: 1 	 (24001) 	T: 2 	 (24000) 	LAP 6
2880.24 s > TEAM: 1 	F: 159 	 (32004) 	S: 156 	 (24001) 	T: 155 	 (24000) 	LAP 6
3360.24 s > TEAM: 0 	F: 0 	 (30002) 	S: 1 	 (28001) 	T: 2 	 (28000) 	LAP 7
3360.24 s > TEAM: 1 	F: 159 	 (38002) 	S: 156 	 (28001) 	T: 155 	 (28000) 	LAP 7
3840.24 s > TEAM: 0 	F: 0 	 (36004) 	S: 1 	 (32001) 	T: 2 	 (32000) 	LAP 8
3840.24 s > TEAM: 1 	F: 159 	 (44004) 	S: 156 	 (32002) 	T: 155 	 (32000) 	LAP 8
4080.24 s > TEAM: 1 	F: 159 	 (48004) 	S: 156 	 (36002) 	T: 155 	 (36000) 	LAP 9
4320.24 s > TEAM: 1 	F: 159 	 (52004) 	S: 156 	 (40002) 	T: 155 	 (40000) 	LAP 10
4320.48 s > TEAM: 0 	F: 0 	 (42004) 	S: 3 	 (36001) 	T: 4 	 (36000) 	LAP 9
4560.24 s > TEAM: 1 	F: 159 	 (56002) 	S: 156 	 (44002) 	T: 155 	 (44000) 	LAP 11
4800.48 s > TEAM: 0 	F: 0 	 (46004) 	S: 3 	 (40001) 	T: 4 	 (40000) 	LAP 10
5040.24 s > TEAM: 1 	F: 159 	 (60002) 	S: 156 	 (51998) 	T: 155 	 (48000) 	LAP 12
5280.48 s > TEAM: 0 	F: 0 	 (50004) 	S: 3 	 (44001) 	T: 4 	 (44000) 	LAP 11
5520.24 s > TEAM: 1 	F: 159 	 (64000) 	S: 156 	 (55998) 	T: 155 	 (52000) 	LAP 13
5760.48 s > TEAM: 0 	F: 0 	 (55999) 	S: 3 	 (48001) 	T: 4 	 (48000) 	LAP 12
6000.24 s > TEAM: 1 	F: 159 	 (64000) 	S: 156 	 (59998) 	T: 155 	 (56000) 	LAP 14
6240.48 s > TEAM: 0 	F: 0 	 (59999) 	S: 3 	 (52002) 	T: 4 	 (52000) 	LAP 13
6480.24 s > TEAM: 1 	F: 159 	 (64000) 	S: 156 	 (63998) 	T: 155 	 (60000) 	LAP 15
6720.48 s > TEAM: 0 	F: 0 	 (63999) 	S: 3 	 (58001) 	T: 4 	 (56000) 	LAP 14
6960.24 s > TEAM: 1 	F: 155 	 (64000) 	S: 156 	 (64000) 	T: 159 	 (64000) 	LAP 16
7200.48 s > TEAM: 0 	F: 0 	 (64000) 	S: 3 	 (64000) 	T: 4 	 (60000) 	LAP 15
7440.48 s > TEAM: 0 	F: 0 	 (64000) 	S: 3 	 (64000) 	T: 4 	 (64000) 	LAP 16
Broken Team 0: 1 (8), 2 (8), 11 (6), 12 (11), 13 (12), 14 (12), 18 (11), 20 (9), 21 (3), 22 (6), 28 (8), 32 (2), 33 (3), 35 (10), 37 (0), 38 (12), 39 (4), 40 (12), 46 (0), 48 (8), 52 (11), 54 (12), 67 (5), 69 (2), 70 (15), 71 (11), 74 (6), 79 (0), 
Broken Team 1: 80 (8), 84 (15), 87 (8), 91 (0), 94 (8), 95 (12), 107 (8), 110 (11), 111 (12), 112 (11), 115 (2), 119 (5), 124 (14), 125 (6), 128 (5), 130 (0), 138 (14), 141 (0), 144 (4), 145 (3), 158 (11), 
Finishing order: 159 (5520.03), 156 (6480.51), 0 (6720.63), 155 (6960.27), 3 (7200.39), 153 (7440.39), 4 (7440.51), 154 (7680.51), 6 (7680.63), 152 (7680.63), 5 (7680.75), 157 (7680.75), 9 (7680.87), 7 (7680.99), 150 (7680.99), 10 (7681.11), 8 (7681.35), 81 (7681.35), 151 (7681.47), 83 (7681.59), 82 (7681.71), 16 (7681.83), 17 (7681.95), 137 (7681.95), 15 (7682.07), 85 (7682.07), 86 (7682.19), 19 (7682.31), 88 (7682.43), 148 (7682.55), 89 (7682.67), 23 (7682.79), 90 (7682.79), 24 (7682.91), 25 (7683.03), 92 (7683.03), 26 (7683.15), 93 (7683.15), 27 (7683.27), 29 (7683.51), 96 (7683.51), 75 (7683.63), 97 (7683.63), 30 (7683.75), 99 (7683.75), 100 (7683.87), 31 (7683.99), 98 (7683.99), 102 (7684.11), 34 (7684.23), 103 (7684.23), 101 (7684.35), 104 (7684.47), 36 (7684.59), 105 (7684.59), 149 (7684.83), 108 (7684.95), 109 (7685.07), 41 (7685.19), 147 (7685.19), 42 (7685.31), 43 (7685.43), 44 (7685.55), 45 (7685.67), 113 (7685.67), 114 (7685.79), 47 (7685.91), 116 (7686.03), 49 (7686.15), 117 (7686.15), 50 (7686.27), 51 (7686.39), 118 (7686.39), 120 (7686.51), 53 (7686.63), 121 (7686.63), 122 (7686.75), 55 (7686.87), 106 (7686.87), 56 (7686.99), 123 (7686.99), 57 (7687.11), 63 (7687.23), 126 (7687.23), 58 (7687.35), 59 (7687.47), 127 (7687.47), 62 (7687.59), 129 (7687.59), 64 (7687.71), 65 (7687.83), 68 (7687.95), 131 (7687.95), 66 (7688.07), 132 (7688.07), 133 (7688.19), 134 (7688.31), 60 (7688.43), 135 (7688.43), 139 (7688.55), 61 (7688.67), 140 (7688.67), 136 (7688.79), 72 (7688.91), 73 (7689.03), 142 (7689.03), 77 (7689.15), 143 (7689.15), 78 (7689.27), 146 (7689.27), 76 (7689.51), 
Result: TEAM 1 WIN*
