Mode: RANDOM
480.24 s > TEAM: 0 	F: 1 	 (4004) 	S: 0 	 (4002) 	T: 3 	 (4000) 	LAP 1
480.24 s > TEAM: 1 	F: 159 	 (4004) 	S: 157 	 (4001) 	T: 158 	 (4000) 	LAP 1
720.24 s > TEAM: 0 	F: 1 	 (8004) 	S: 0 	 (8001) 	T: 3 	 (8000) 	LAP 2
960.36 s > TEAM: 1 	F: 159 	 (10003) 	S: 157 	 (8002) 	T: 80 	 (8000) 	LAP 2
1200.24 s > TEAM: 0 	F: 1 	 (14002) 	S: 0 	 (12001) 	T: 3 	 (12000) 	LAP 3
1440.36 s > TEAM: 1 	F: 159 	 (14003) 	S: 157 	 (12002) 	T: 80 	 (12000) 	LAP 3
1680.24 s > TEAM: 0 	F: 1 	 (18002) 	S: 0 	 (16001) 	T: 3 	 (16000) 	LAP 4
1920.48 s > TEAM: 1 	F: 159 	 (20002) 	S: 157 	 (16003) 	T: 155 	 (16000) 	LAP 4
2160.24 s > TEAM: 0 	F: 1 	 (22996) 	S: 0 	 (20002) 	T: 3 	 (20000) 	LAP 5
2400.48 s > TEAM: 1 	F: 159 	 (24004) 	S: 157 	 (20003) 	T: 155 	 (20000) 	LAP 5
2880.36 s > TEAM: 0 	F: 3 	 (28001) 	S: 0 	 (27126) 	T: 6 	 (24000) 	LAP 6
2880.48 s > TEAM: 1 	F: 159 	 (30002) 	S: 157 	 (24003) 	T: 155 	 (24000) 	LAP 6
3360.48 s > TEAM: 0 	F: 3 	 (32002) 	S: 6 	 (28001) 	T: 4 	 (28000) 	LAP 7
3360.60 s > TEAM: 1 	F: 159 	 (34003) 	S: 155 	 (28001) 	T: 81 	 (28000) 	LAP 7
3840.48 s > TEAM: 0 	F: 3 	 (36004) 	S: 6 	 (32001) 	T: 4 	 (32000) 	LAP 8
3840.60 s > TEAM: 1 	F: 159 	 (40006) 	S: 155 	 (32002) 	T: 81 	 (32000) 	LAP 8
4080.60 s > TEAM: 1 	F: 159 	 (44003) 	S: 155 	 (36001) 	T: 81 	 (36000) 	LAP 9
4320.48 s > TEAM: 0 	F: 3 	 (42002) 	S: 6 	 (36001) 	T: 4 	 (36000) 	LAP 9
4560.60 s > TEAM: 1 	F: 159 	 (48006) 	S: 155 	 (40002) 	T: 81 	 (40000) 	LAP 10
4800.48 s > TEAM: 0 	F: 3 	 (46002) 	S: 6 	 (40001) 	T: 4 	 (40000) 	LAP 10
5040.60 s > TEAM: 1 	F: 159 	 (55999) 	S: 155 	 (46001) 	T: 81 	 (44000) 	LAP 11
5280.48 s > TEAM: 0 	F: 3 	 (51998) 	S: 6 	 (44001) 	T: 4 	 (44000) 	LAP 11
5520.60 s > TEAM: 1 	F: 159 	 (59998) 	S: 155 	 (51998) 	T: 81 	 (48000) 	LAP 12
5760.48 s > TEAM: 0 	F: 3 	 (55998) 	S: 6 	 (48001) 	T: 4 	 (48000) 	LAP 12
5760.60 s > TEAM: 1 	F: 159 	 (61998) 	S: 155 	 (53998) 	T: 81 	 (52000) 	LAP 13
6240.48 s > TEAM: 0 	F: 3 	 (59998) 	S: 6 	 (52001) 	T: 4 	 (52000) 	LAP 13
6240.60 s > TEAM: 1 	F: 159 	 (64000) 	S: 155 	 (57998) 	T: 81 	 (56000) 	LAP 14
6720.48 s > TEAM: 0 	F: 3 	 (64000) 	S: 6 	 (56001) 	T: 4 	 (56000) 	LAP 14
6720.60 s > TEAM: 1 	F: 159 	 (64000) 	S: 155 	 (63996) 	T: 81 	 (60000) 	LAP 15
7200.48 s > TEAM: 0 	F: 3 	 (64000) 	S: 6 	 (60002) 	T: 4 	 (60000) 	LAP 15
7200.60 s > TEAM: 1 	F: 81 	 (64000) 	S: 155 	 (64000) 	T: 159 	 (64000) 	LAP 16
7440.48 s > TEAM: 0 	F: 3 	 (64000) 	S: 4 	 (64000) 	T: 6 	 (64000) 	LAP 16
Broken Team 0: 0 (6), 1 (5), 2 (8), 5 (4), 10 (15), 15 (9), 18 (5), 22 (1), 24 (7), 26 (5), 28 (4), 31 (2), 32 (8), 36 (13), 37 (9), 41 (12), 42 (0), 43 (15), 45 (12), 48 (7), 49 (6), 59 (7), 61 (1), 62 (0), 66 (10), 69 (5), 76 (6), 
Broken Team 1: 80 (3), 84 (5), 85 (5), 88 (2), 89 (10), 105 (11), 106 (14), 108 (15), 111 (8), 113 (8), 118 (9), 119 (10), 121 (11), 122 (10), 132 (8), 141 (10), 145 (4), 148 (9), 150 (14), 156 (15), 157 (6), 158 (1), 
Finishing order: 159 (6000.87), 3 (6480.75), 155 (6720.87), 81 (7200.63), 6 (7440.39), 4 (7440.51), 7 (7680.63), 8 (7680.75), 82 (7680.87), 9 (7680.99), 83 (7680.99), 86 (7681.23), 12 (7681.47), 87 (7681.47), 47 (7681.59), 13 (7681.71), 154 (7681.71), 11 (7681.95), 90 (7681.95), 14 (7682.07), 91 (7682.07), 92 (7682.19), 93 (7682.31), 16 (7682.43), 94 (7682.43), 95 (7682.55), 17 (7682.67), 20 (7682.79), 96 (7682.79), 21 (7682.91), 112 (7682.91), 98 (7683.03), 19 (7683.15), 99 (7683.15), 100 (7683.27), 23 (7683.39), 25 (7683.51), 101 (7683.51), 27 (7683.63), 102 (7683.63), 103 (7683.75), 104 (7683.87), 29 (7683.99), 30 (7684.11), 97 (7684.23), 33 (7684.47), 107 (7684.47), 34 (7684.59), 109 (7684.59), 110 (7684.71), 38 (7684.83), 114 (7684.83), 115 (7684.95), 39 (7685.07), 116 (7685.07), 35 (7685.19), 117 (7685.19), 40 (7685.31), 120 (7685.55), 46 (7685.67), 44 (7685.79), 153 (7685.79), 50 (7685.91), 51 (7686.03), 123 (7686.03), 124 (7686.15), 52 (7686.27), 125 (7686.27), 53 (7686.39), 126 (7686.39), 54 (7686.51), 127 (7686.51), 55 (7686.63), 128 (7686.63), 56 (7686.75), 129 (7686.75), 57 (7686.87), 130 (7686.87), 58 (7686.99), 131 (7686.99), 60 (7687.23), 133 (7687.23), 134 (7687.35), 63 (7687.59), 135 (7687.59), 64 (7687.71), 136 (7687.71), 65 (7687.83), 137 (7687.83), 138 (7687.95), 67 (7688.07), 139 (7688.07), 68 (7688.19), 140 (7688.19), 142 (7688.31), 70 (7688.43), 147 (7688.43), 71 (7688.55), 72 (7688.67), 73 (7688.79), 149 (7688.79), 75 (7688.91), 151 (7689.03), 74 (7689.15), 152 (7689.15), 77 (7689.27), 144 (7689.27), 78 (7689.39), 146 (7689.39), 79 (7689.51), 143 (7689.51), 
Result: TEAM 0 WIN*
