Mode: RANDOM
480.24 s > TEAM: 0 	F: 1 	 (4002) 	S: 0 	 (4001) 	T: 3 	 (4000) 	LAP 1
480.24 s > TEAM: 1 	F: 159 	 (4004) 	S: 158 	 (4001) 	T: 80 	 (4000) 	LAP 1
960.24 s > TEAM: 0 	F: 1 	 (8002) 	S: 0 	 (8001) 	T: 3 	 (8000) 	LAP 2
960.24 s > TEAM: 1 	F: 159 	 (10002) 	S: 158 	 (8001) 	T: 80 	 (8000) 	LAP 2
1440.24 s > TEAM: 1 	F: 159 	 (14002) 	S: 158 	 (12001) 	T: 80 	 (12000) 	LAP 3
1440.36 s > TEAM: 0 	F: 1 	 (12006) 	S: 0 	 (12004) 	T: 4 	 (12000) 	LAP 3
1680.36 s > TEAM: 0 	F: 1 	 (16006) 	S: 0 	 (16004) 	T: 4 	 (16000) 	LAP 4
1920.24 s > TEAM: 1 	F: 159 	 (18002) 	S: 158 	 (16001) 	T: 80 	 (16000) 	LAP 4
2160.36 s > TEAM: 0 	F: 0 	 (23999) 	S: 1 	 (23998) 	T: 4 	 (20000) 	LAP 5
2400.24 s > TEAM: 1 	F: 159 	 (22002) 	S: 158 	 (20001) 	T: 80 	 (20000) 	LAP 5
2640.36 s > TEAM: 0 	F: 0 	 (27999) 	S: 1 	 (27998) 	T: 4 	 (24000) 	LAP 6
2880.24 s > TEAM: 1 	F: 159 	 (27996) 	S: 158 	 (24001) 	T: 80 	 (24000) 	LAP 6
3120.36 s > TEAM: 0 	F: 0 	 (31999) 	S: 1 	 (31998) 	T: 4 	 (28000) 	LAP 7
3360.24 s > TEAM: 1 	F: 159 	 (31996) 	S: 158 	 (28002) 	T: 80 	 (28000) 	LAP 7
3600.24 s > TEAM: 1 	F: 159 	 (33996) 	S: 158 	 (32001) 	T: 80 	 (32000) 	LAP 8
3600.36 s > TEAM: 0 	F: 0 	 (35999) 	S: 1 	 (35998) 	T: 4 	 (32000) 	LAP 8
4080.24 s > TEAM: 1 	F: 159 	 (37996) 	S: 158 	 (36001) 	T: 80 	 (36000) 	LAP 9
4080.36 s > TEAM: 0 	F: 0 	 (39999) 	S: 1 	 (39998) 	T: 4 	 (36000) 	LAP 9
4560.24 s > TEAM: 1 	F: 159 	 (41997) 	S: 158 	 (40001) 	T: 80 	 (40000) 	LAP 10
4560.36 s > TEAM: 0 	F: 0 	 (43999) 	S: 1 	 (43997) 	T: 4 	 (40000) 	LAP 10
4800.36 s > TEAM: 0 	F: 0 	 (47999) 	S: 1 	 (47997) 	T: 4 	 (44000) 	LAP 11
5040.24 s > TEAM: 1 	F: 159 	 (48998) 	S: 158 	 (44001) 	T: 80 	 (44000) 	LAP 11
5280.36 s > TEAM: 0 	F: 0 	 (55999) 	S: 1 	 (55997) 	T: 4 	 (48000) 	LAP 12
5760.36 s > TEAM: 0 	F: 0 	 (63999) 	S: 1 	 (61998) 	T: 4 	 (52000) 	LAP 13
5760.36 s > TEAM: 1 	F: 80 	 (51997) 	S: 159 	 (49457) 	T: 81 	 (48000) 	LAP 12
6240.36 s > TEAM: 0 	F: 0 	 (64000) 	S: 1 	 (64000) 	T: 4 	 (56000) 	LAP 14
6240.48 s > TEAM: 1 	F: 80 	 (56999) 	S: 81 	 (52001) 	T: 82 	 (52000) 	LAP 13
6720.36 s > TEAM: 0 	F: 0 	 (64000) 	S: 1 	 (64000) 	T: 4 	 (60000) 	LAP 15
6720.48 s > TEAM: 1 	F: 80 	 (60999) 	S: 81 	 (56001) 	T: 82 	 (56000) 	LAP 14
6960.36 s > TEAM: 0 	F: 0 	 (64000) 	S: 1 	 (64000) 	T: 4 	 (64000) 	LAP 16
7200.48 s > TEAM: 1 	F: 80 	 (64000) 	S: 81 	 (60001) 	T: 82 	 (60000) 	LAP 15
7680.48 s > TEAM: 1 	F: 80 	 (64000) 	S: 81 	 (64000) 	T: 82 	 (64000) 	LAP 16
Broken Team 0: 2 (3), 3 (2), 5 (11), 8 (7), 12 (4), 22 (11), 23 (3), 30 (15), 33 (7), 34 (15), 36 (1), 38 (6), 39 (2), 41 (15), 44 (14), 46 (3), 51 (4), 54 (9), 58 (8), 59 (3), 67 (5), 70 (8), 71 (3), 72 (0), 79 (9), 
Broken Team 1: 83 (13), 84 (8), 87 (9), 90 (6), 92 (1), 93 (4), 95 (12), 98 (10), 99 (0), 101 (12), 104 (15), 107 (6), 118 (11), 119 (1), 120 (6), 122 (0), 124 (1), 125 (4), 128 (9), 130 (14), 131 (1), 132 (4), 136 (11), 137 (5), 138 (1), 143 (4), 145 (11), 146 (0), 147 (13), 151 (8), 153 (9), 157 (13), 158 (11), 159 (12), 
Finishing order: 0 (5760.45), 1 (6000.57), 4 (6960.39), 80 (7080.63), 81 (7680.39), 82 (7680.51), 6 (7680.75), 7 (7680.87), 85 (7680.87), 10 (7680.99), 86 (7680.99), 11 (7681.11), 88 (7681.23), 156 (7681.35), 14 (7681.47), 89 (7681.47), 9 (7681.59), 91 (7681.59), 15 (7681.71), 16 (7681.83), 18 (7681.95), 17 (7682.07), 19 (7682.19), 94 (7682.19), 13 (7682.31), 96 (7682.31), 20 (7682.43), 97 (7682.43), 21 (7682.55), 100 (7682.79), 24 (7682.91), 25 (7683.03), 102 (7683.03), 26 (7683.15), 103 (7683.15), 27 (7683.27), 28 (7683.39), 105 (7683.39), 29 (7683.51), 106 (7683.51), 31 (7683.75), 108 (7683.75), 32 (7683.87), 109 (7683.87), 110 (7683.99), 111 (7684.11), 35 (7684.23), 112 (7684.23), 113 (7684.35), 37 (7684.47), 114 (7684.47), 55 (7684.59), 116 (7684.59), 115 (7684.71), 40 (7684.95), 117 (7684.95), 42 (7685.19), 121 (7685.19), 43 (7685.31), 45 (7685.55), 47 (7685.79), 123 (7685.79), 48 (7685.91), 49 (7686.03), 50 (7686.15), 154 (7686.15), 126 (7686.27), 52 (7686.39), 127 (7686.39), 129 (7686.51), 53 (7686.75), 56 (7686.87), 60 (7686.99), 133 (7686.99), 61 (7687.11), 134 (7687.11), 62 (7687.23), 63 (7687.35), 135 (7687.35), 57 (7687.47), 64 (7687.59), 65 (7687.71), 155 (7687.71), 66 (7687.83), 139 (7687.83), 68 (7687.95), 140 (7688.07), 69 (7688.19), 142 (7688.19), 144 (7688.31), 141 (7688.43), 73 (7688.79), 148 (7688.79), 75 (7688.91), 149 (7688.91), 74 (7689.03), 76 (7689.15), 77 (7689.27), 152 (7689.27), 78 (7689.51), 150 (7689.51), 
Result: TEAM 0 WIN*
