Mode: RANDOM
480.24 s > TEAM: 0 	F: 2 	 (4004) 	S: 3 	 (4001) 	T: 0 	 (4000) 	LAP 1
480.24 s > TEAM: 1 	F: 159 	 (4002) 	S: 80 	 (4001) 	T: 158 	 (4000) 	LAP 1
960.24 s > TEAM: 0 	F: 2 	 (10002) 	S: 3 	 (8001) 	T: 0 	 (8000) 	LAP 2
960.24 s > TEAM: 1 	F: 159 	 (8004) 	S: 80 	 (8002) 	T: 158 	 (8000) 	LAP 2
1200.24 s > TEAM: 1 	F: 159 	 (12004) 	S: 80 	 (12001) 	T: 158 	 (12000) 	LAP 3
1440.24 s > TEAM: 0 	F: 2 	 (14002) 	S: 3 	 (12001) 	T: 0 	 (12000) 	LAP 3
1680.36 s > TEAM: 1 	F: 159 	 (20001) 	S: 80 	 (16002) 	T: 158 	 (16000) 	LAP 4
1920.24 s > TEAM: 0 	F: 2 	 (18002) 	S: 3 	 (16001) 	T: 0 	 (16000) 	LAP 4
2160.18 s > TEAM: 1 	F: 159 	 (23999) 	S: 80 	 (20001) 	T: 158 	 (20000) 	LAP 5
2400.18 s > TEAM: 1 	F: 159 	 (27999) 	S: 80 	 (24000) 	T: 158 	 (24000) 	LAP 6
2400.24 s > TEAM: 0 	F: 2 	 (22002) 	S: 3 	 (20001) 	T: 0 	 (20000) 	LAP 5
2880.18 s > TEAM: 1 	F: 159 	 (31999) 	S: 80 	 (28000) 	T: 158 	 (28000) 	LAP 7
2880.24 s > TEAM: 0 	F: 2 	 (26002) 	S: 3 	 (24001) 	T: 0 	 (24000) 	LAP 6
3360.24 s > TEAM: 0 	F: 2 	 (32002) 	S: 3 	 (28001) 	T: 0 	 (28000) 	LAP 7
3840.24 s > TEAM: 0 	F: 2 	 (36002) 	S: 3 	 (32001) 	T: 0 	 (32000) 	LAP 8
3840.36 s > TEAM: 1 	F: 159 	 (42001) 	S: 158 	 (36001) 	T: 156 	 (32000) 	LAP 8
4320.24 s > TEAM: 0 	F: 2 	 (40004) 	S: 3 	 (36001) 	T: 0 	 (36000) 	LAP 9
4320.36 s > TEAM: 1 	F: 159 	 (48001) 	S: 158 	 (40003) 	T: 156 	 (36000) 	LAP 9
4800.24 s > TEAM: 0 	F: 2 	 (46002) 	S: 3 	 (40001) 	T: 0 	 (40000) 	LAP 10
4800.36 s > TEAM: 1 	F: 159 	 (52001) 	S: 158 	 (46001) 	T: 156 	 (40000) 	LAP 10
5280.24 s > TEAM: 0 	F: 2 	 (48217) 	S: 3 	 (44002) 	T: 0 	 (44000) 	LAP 11
5280.36 s > TEAM: 1 	F: 159 	 (56001) 	S: 158 	 (50001) 	T: 156 	 (44000) 	LAP 11
5760.36 s > TEAM: 1 	F: 159 	 (60001) 	S: 158 	 (54001) 	T: 156 	 (48000) 	LAP 12
5760.60 s > TEAM: 0 	F: 3 	 (52008) 	S: 2 	 (48217) 	T: 5 	 (48000) 	LAP 12
6240.36 s > TEAM: 1 	F: 159 	 (64000) 	S: 158 	 (58001) 	T: 156 	 (52000) 	LAP 13
6240.84 s > TEAM: 0 	F: 3 	 (60006) 	S: 5 	 (52002) 	T: 74 	 (52000) 	LAP 13
6720.36 s > TEAM: 1 	F: 158 	 (64000) 	S: 159 	 (64000) 	T: 156 	 (56000) 	LAP 14
6720.84 s > TEAM: 0 	F: 3 	 (64000) 	S: 5 	 (56004) 	T: 74 	 (56000) 	LAP 14
7200.36 s > TEAM: 1 	F: 158 	 (64000) 	S: 159 	 (64000) 	T: 156 	 (60000) 	LAP 15
7200.84 s > TEAM: 0 	F: 3 	 (64000) 	S: 5 	 (62002) 	T: 74 	 (60000) 	LAP 15
7440.36 s > TEAM: 1 	F: 156 	 (64000) 	S: 158 	 (64000) 	T: 159 	 (64000) 	LAP 16
7680.84 s > TEAM: 0 	F: 3 	 (64000) 	S: 5 	 (64000) 	T: 74 	 (64000) 	LAP 16
Broken Team 0: 0 (11), 1 (10), 2 (12), 4 (11), 6 (5), 7 (15), 9 (10), 11 (11), 12 (14), 13 (11), 17 (2), 19 (12), 22 (0), 25 (1), 28 (7), 30 (11), 38 (13), 39 (2), 40 (4), 45 (5), 49 (8), 53 (8), 55 (2), 57 (15), 58 (5), 59 (1), 60 (3), 62 (15), 64 (8), 68 (3), 70 (6), 76 (10), 77 (4), 
Broken Team 1: 80 (7), 84 (14), 89 (11), 93 (6), 94 (9), 95 (14), 96 (13), 100 (5), 102 (8), 107 (1), 108 (1), 110 (9), 111 (5), 114 (1), 115 (12), 122 (7), 124 (7), 137 (8), 139 (3), 140 (5), 145 (7), 152 (7), 
Finishing order: 159 (6240.27), 3 (6720.15), 158 (6720.21), 156 (7440.39), 5 (7440.63), 81 (7680.51), 82 (7680.63), 157 (7680.75), 74 (7680.87), 83 (7680.87), 85 (7681.11), 86 (7681.23), 8 (7681.35), 87 (7681.35), 10 (7681.47), 88 (7681.47), 90 (7681.71), 91 (7681.83), 14 (7681.95), 92 (7681.95), 15 (7682.07), 16 (7682.19), 97 (7682.43), 98 (7682.55), 20 (7682.67), 99 (7682.67), 71 (7682.79), 21 (7682.91), 101 (7682.91), 18 (7683.03), 105 (7683.03), 106 (7683.15), 23 (7683.39), 109 (7683.51), 24 (7683.63), 26 (7683.75), 27 (7683.87), 112 (7683.87), 113 (7683.99), 29 (7684.11), 35 (7684.23), 151 (7684.23), 32 (7684.35), 31 (7684.47), 117 (7684.47), 33 (7684.59), 116 (7684.59), 37 (7684.71), 118 (7684.71), 119 (7684.83), 34 (7684.95), 120 (7684.95), 121 (7685.07), 41 (7685.19), 123 (7685.19), 42 (7685.31), 44 (7685.43), 153 (7685.43), 46 (7685.55), 126 (7685.55), 47 (7685.67), 125 (7685.67), 48 (7685.79), 128 (7685.79), 127 (7685.91), 50 (7686.03), 130 (7686.03), 51 (7686.15), 129 (7686.15), 133 (7686.27), 52 (7686.39), 132 (7686.39), 134 (7686.51), 131 (7686.63), 54 (7686.75), 135 (7686.75), 56 (7686.87), 136 (7686.87), 138 (7687.11), 61 (7687.23), 141 (7687.35), 63 (7687.47), 144 (7687.47), 142 (7687.71), 66 (7687.95), 146 (7687.95), 67 (7688.07), 149 (7688.07), 78 (7688.19), 147 (7688.19), 73 (7688.31), 150 (7688.31), 65 (7688.43), 143 (7688.43), 79 (7688.55), 154 (7688.55), 148 (7688.67), 75 (7688.79), 43 (7688.91), 103 (7688.91), 155 (7689.03), 104 (7689.15), 36 (7689.27), 72 (7689.39), 69 (7689.51), 
Result: TEAM 1 WIN*
