Mode: RANDOM
480.24 s > TEAM: 0 	F: 0 	 (4002) 	S: 1 	 (4001) 	T: 2 	 (4000) 	LAP 1
480.24 s > TEAM: 1 	F: 159 	 (4002) 	S: 158 	 (4001) 	T: 84 	 (4000) 	LAP 1
960.24 s > TEAM: 0 	F: 0 	 (8002) 	S: 1 	 (8001) 	T: 2 	 (8000) 	LAP 2
960.48 s > TEAM: 1 	F: 158 	 (8003) 	S: 80 	 (8001) 	T: 81 	 (8000) 	LAP 2
1440.24 s > TEAM: 0 	F: 0 	 (12002) 	S: 1 	 (12001) 	T: 2 	 (12000) 	LAP 3
1440.48 s > TEAM: 1 	F: 158 	 (12006) 	S: 80 	 (12002) 	T: 81 	 (12000) 	LAP 3
1920.24 s > TEAM: 0 	F: 0 	 (16002) 	S: 1 	 (16001) 	T: 2 	 (16000) 	LAP 4
1920.48 s > TEAM: 1 	F: 158 	 (18003) 	S: 80 	 (18001) 	T: 81 	 (16000) 	LAP 4
2400.24 s > TEAM: 0 	F: 0 	 (20004) 	S: 1 	 (20001) 	T: 2 	 (20000) 	LAP 5
2400.60 s > TEAM: 1 	F: 158 	 (22004) 	S: 80 	 (22002) 	T: 82 	 (20000) 	LAP 5
2880.36 s > TEAM: 0 	F: 1 	 (24002) 	S: 2 	 (24001) 	T: 3 	 (24000) 	LAP 6
2880.60 s > TEAM: 1 	F: 80 	 (26002) 	S: 158 	 (24218) 	T: 82 	 (24000) 	LAP 6
3360.36 s > TEAM: 0 	F: 1 	 (28002) 	S: 2 	 (28001) 	T: 3 	 (28000) 	LAP 7
3360.72 s > TEAM: 1 	F: 80 	 (32006) 	S: 82 	 (28002) 	T: 86 	 (28000) 	LAP 7
3600.72 s > TEAM: 1 	F: 80 	 (36006) 	S: 82 	 (32002) 	T: 86 	 (32000) 	LAP 8
3840.36 s > TEAM: 0 	F: 1 	 (32002) 	S: 2 	 (32001) 	T: 3 	 (32000) 	LAP 8
3840.72 s > TEAM: 1 	F: 80 	 (40003) 	S: 82 	 (36002) 	T: 86 	 (36000) 	LAP 9
4080.72 s > TEAM: 1 	F: 80 	 (42003) 	S: 82 	 (40001) 	T: 86 	 (40000) 	LAP 10
4320.36 s > TEAM: 0 	F: 1 	 (36004) 	S: 2 	 (36001) 	T: 3 	 (36000) 	LAP 9
4800.36 s > TEAM: 0 	F: 1 	 (42002) 	S: 2 	 (40001) 	T: 3 	 (40000) 	LAP 10
5280.36 s > TEAM: 0 	F: 1 	 (48004) 	S: 2 	 (44002) 	T: 3 	 (44000) 	LAP 11
5280.84 s > TEAM: 1 	F: 86 	 (56001) 	S: 82 	 (50002) 	T: 157 	 (44000) 	LAP 11
5760.72 s > TEAM: 0 	F: 1 	 (54005) 	S: 3 	 (48003) 	T: 5 	 (48000) 	LAP 12
5760.84 s > TEAM: 1 	F: 86 	 (60001) 	S: 82 	 (54002) 	T: 157 	 (48000) 	LAP 12
6240.72 s > TEAM: 0 	F: 1 	 (58005) 	S: 3 	 (52003) 	T: 5 	 (52000) 	LAP 13
6240.84 s > TEAM: 1 	F: 86 	 (64000) 	S: 82 	 (58002) 	T: 157 	 (52000) 	LAP 13
6720.72 s > TEAM: 0 	F: 1 	 (62005) 	S: 3 	 (56003) 	T: 5 	 (56000) 	LAP 14
6720.84 s > TEAM: 1 	F: 86 	 (64000) 	S: 82 	 (62002) 	T: 157 	 (56000) 	LAP 14
7200.72 s > TEAM: 0 	F: 1 	 (64000) 	S: 3 	 (60006) 	T: 5 	 (60000) 	LAP 15
7200.84 s > TEAM: 1 	F: 82 	 (64000) 	S: 86 	 (64000) 	T: 157 	 (60000) 	LAP 15
7680.72 s > TEAM: 0 	F: 1 	 (64000) 	S: 3 	 (64000) 	T: 5 	 (64000) 	LAP 16
7680.84 s > TEAM: 1 	F: 82 	 (64000) 	S: 86 	 (64000) 	T: 157 	 (64000) 	LAP 16
Broken Team 0: 0 (5), 2 (11), 4 (3), 6 (3), 7 (10), 11 (14), 17 (5), 20 (8), 25 (6), 26 (14), 27 (10), 31 (8), 34 (0), 38 (7), 41 (1), 43 (11), 44 (5), 49 (7), 51 (8), 52 (0), 53 (2), 55 (12), 62 (4), 63 (1), 65 (1), 66 (0), 72 (6), 73 (2), 79 (2), 
Broken Team 1: 80 (10), 81 (4), 84 (1), 91 (3), 92 (9), 93 (1), 96 (2), 97 (3), 101 (9), 104 (3), 107 (1), 109 (15), 111 (3), 113 (3), 117 (1), 118 (7), 121 (4), 122 (14), 124 (5), 132 (4), 134 (8), 135 (3), 140 (7), 144 (10), 151 (4), 153 (13), 156 (11), 158 (6), 159 (1), 
Finishing order: 86 (6240.75), 1 (6960.15), 82 (6960.63), 3 (7440.39), 5 (7680.75), 8 (7680.87), 157 (7680.87), 85 (7680.99), 9 (7681.11), 87 (7681.11), 10 (7681.23), 88 (7681.23), 12 (7681.35), 89 (7681.35), 90 (7681.47), 13 (7681.59), 83 (7681.59), 14 (7681.71), 15 (7681.83), 16 (7682.07), 94 (7682.07), 18 (7682.19), 95 (7682.19), 19 (7682.31), 21 (7682.55), 98 (7682.55), 22 (7682.67), 99 (7682.67), 24 (7682.79), 100 (7682.79), 23 (7682.91), 102 (7683.03), 103 (7683.15), 28 (7683.27), 154 (7683.39), 29 (7683.51), 105 (7683.51), 30 (7683.63), 106 (7683.63), 32 (7683.75), 108 (7683.87), 33 (7683.99), 110 (7684.11), 35 (7684.23), 36 (7684.35), 112 (7684.35), 37 (7684.47), 114 (7684.59), 39 (7684.71), 115 (7684.71), 40 (7684.83), 116 (7684.83), 42 (7685.07), 45 (7685.31), 119 (7685.31), 46 (7685.43), 47 (7685.55), 48 (7685.67), 123 (7685.79), 120 (7685.91), 50 (7686.15), 125 (7686.15), 126 (7686.27), 129 (7686.39), 54 (7686.51), 127 (7686.51), 57 (7686.63), 130 (7686.63), 56 (7686.75), 128 (7686.87), 59 (7686.99), 152 (7686.99), 58 (7687.11), 60 (7687.23), 137 (7687.35), 61 (7687.47), 139 (7687.47), 64 (7687.59), 138 (7687.59), 142 (7687.71), 136 (7687.83), 69 (7687.95), 141 (7687.95), 68 (7688.07), 143 (7688.07), 70 (7688.19), 131 (7688.19), 75 (7688.43), 148 (7688.43), 71 (7688.67), 145 (7688.67), 77 (7688.79), 133 (7688.79), 67 (7688.91), 146 (7688.91), 78 (7689.15), 150 (7689.15), 76 (7689.27), 149 (7689.27), 74 (7689.39), 155 (7689.39), 147 (7689.51), 
Result: TEAM 1 WIN*
