Mode: RANDOM
480.24 s > TEAM: 0 	F: 0 	 (4004) 	S: 3 	 (4002) 	T: 1 	 (4000) 	LAP 1
480.24 s > TEAM: 1 	F: 159 	 (4004) 	S: 80 	 (4001) 	T: 81 	 (4000) 	LAP 1
720.24 s > TEAM: 0 	F: 0 	 (8004) 	S: 3 	 (8002) 	T: 1 	 (8000) 	LAP 2
960.24 s > TEAM: 0 	F: 0 	 (12004) 	S: 3 	 (12001) 	T: 1 	 (12000) 	LAP 3
960.24 s > TEAM: 1 	F: 159 	 (10002) 	S: 80 	 (8001) 	T: 81 	 (8000) 	LAP 2
1440.24 s > TEAM: 0 	F: 0 	 (20002) 	S: 3 	 (16001) 	T: 1 	 (16000) 	LAP 4
1440.24 s > TEAM: 1 	F: 159 	 (16002) 	S: 80 	 (12001) 	T: 81 	 (12000) 	LAP 3
1920.24 s > TEAM: 0 	F: 0 	 (24004) 	S: 3 	 (20002) 	T: 1 	 (20000) 	LAP 5
1920.36 s > TEAM: 1 	F: 159 	 (20003) 	S: 80 	 (16002) 	T: 82 	 (16000) 	LAP 4
2400.24 s > TEAM: 0 	F: 0 	 (30002) 	S: 3 	 (26001) 	T: 1 	 (24000) 	LAP 6
2400.36 s > TEAM: 1 	F: 159 	 (24003) 	S: 80 	 (20002) 	T: 82 	 (20000) 	LAP 5
2880.24 s > TEAM: 0 	F: 0 	 (34002) 	S: 3 	 (30003) 	T: 1 	 (28000) 	LAP 7
2880.36 s > TEAM: 1 	F: 159 	 (28006) 	S: 80 	 (24002) 	T: 82 	 (24000) 	LAP 6
3360.24 s > TEAM: 0 	F: 0 	 (40004) 	S: 3 	 (35001) 	T: 1 	 (32000) 	LAP 8
3360.36 s > TEAM: 1 	F: 159 	 (36003) 	S: 80 	 (28002) 	T: 82 	 (28000) 	LAP 7
3840.24 s > TEAM: 0 	F: 0 	 (44679) 	S: 3 	 (39001) 	T: 1 	 (36000) 	LAP 9
3840.36 s > TEAM: 1 	F: 159 	 (40006) 	S: 80 	 (32002) 	T: 82 	 (32000) 	LAP 8
4320.24 s > TEAM: 0 	F: 3 	 (45001) 	S: 0 	 (44679) 	T: 1 	 (40000) 	LAP 10
4320.36 s > TEAM: 1 	F: 159 	 (46003) 	S: 80 	 (36002) 	T: 82 	 (36000) 	LAP 9
4800.24 s > TEAM: 0 	F: 3 	 (49001) 	S: 0 	 (44679) 	T: 1 	 (44000) 	LAP 11
4800.36 s > TEAM: 1 	F: 159 	 (52003) 	S: 80 	 (40002) 	T: 82 	 (40000) 	LAP 10
5280.36 s > TEAM: 1 	F: 159 	 (56006) 	S: 80 	 (44002) 	T: 82 	 (44000) 	LAP 11
5760.36 s > TEAM: 0 	F: 3 	 (54019) 	S: 1 	 (52002) 	T: 4 	 (48000) 	LAP 12
5760.36 s > TEAM: 1 	F: 159 	 (56852) 	S: 80 	 (48004) 	T: 82 	 (48000) 	LAP 12
6000.36 s > TEAM: 0 	F: 1 	 (56002) 	S: 3 	 (54019) 	T: 4 	 (52000) 	LAP 13
6000.36 s > TEAM: 1 	F: 159 	 (56852) 	S: 80 	 (52002) 	T: 82 	 (52000) 	LAP 13
6480.36 s > TEAM: 1 	F: 159 	 (56852) 	S: 80 	 (56004) 	T: 82 	 (56000) 	LAP 14
6720.60 s > TEAM: 0 	F: 1 	 (64000) 	S: 4 	 (60004) 	T: 5 	 (56000) 	LAP 14
6960.84 s > TEAM: 0 	F: 1 	 (64000) 	S: 4 	 (64000) 	T: 7 	 (60000) 	LAP 15
7200.72 s > TEAM: 1 	F: 80 	 (64000) 	S: 82 	 (64000) 	T: 84 	 (60000) 	LAP 15
7200.84 s > TEAM: 0 	F: 1 	 (64000) 	S: 4 	 (64000) 	T: 7 	 (64000) 	LAP 16
7680.72 s > TEAM: 1 	F: 80 	 (64000) 	S: 82 	 (64000) 	T: 84 	 (64000) 	LAP 16
Broken Team 0: 0 (11), 2 (12), 3 (13), 5 (14), 6 (12), 10 (3), 15 (4), 23 (4), 24 (15), 25 (5), 27 (4), 29 (8), 30 (1), 35 (1), 36 (9), 42 (8), 45 (4), 51 (6), 54 (14), 57 (0), 59 (3), 60 (2), 63 (6), 66 (5), 73 (11), 74 (12), 
Broken Team 1: 81 (3), 83 (0), 89 (9), 91 (9), 92 (3), 95 (14), 99 (2), 102 (2), 104 (7), 105 (8), 106 (2), 110 (7), 112 (10), 118 (11), 119 (8), 123 (10), 124 (14), 125 (2), 126 (12), 129 (6), 131 (7), 132 (4), 134 (8), 142 (2), 143 (6), 146 (4), 147 (11), 148 (0), 149 (13), 152 (11), 153 (7), 154 (8), 158 (8), 159 (14), 
Finishing order: 1 (6720.27), 80 (6960.15), 4 (6960.39), 82 (7200.39), 7 (7200.87), 8 (7440.99), 9 (7441.11), 84 (7680.75), 85 (7680.87), 86 (7680.99), 87 (7681.11), 88 (7681.23), 11 (7681.35), 12 (7681.47), 90 (7681.47), 13 (7681.59), 14 (7681.71), 93 (7681.83), 16 (7681.95), 94 (7681.95), 17 (7682.07), 18 (7682.19), 96 (7682.19), 19 (7682.31), 97 (7682.31), 20 (7682.43), 98 (7682.43), 21 (7682.55), 22 (7682.67), 100 (7682.67), 101 (7682.79), 103 (7683.03), 26 (7683.15), 28 (7683.39), 157 (7683.39), 108 (7683.63), 31 (7683.75), 109 (7683.75), 32 (7683.87), 33 (7683.99), 34 (7684.11), 107 (7684.11), 113 (7684.23), 37 (7684.35), 111 (7684.35), 156 (7684.47), 38 (7684.59), 114 (7684.59), 40 (7684.71), 39 (7684.83), 115 (7684.83), 41 (7684.95), 116 (7684.95), 155 (7685.07), 43 (7685.19), 44 (7685.31), 117 (7685.31), 46 (7685.55), 47 (7685.67), 151 (7685.67), 48 (7685.79), 49 (7685.91), 120 (7685.91), 50 (7686.03), 121 (7686.03), 52 (7686.15), 150 (7686.15), 122 (7686.27), 53 (7686.39), 55 (7686.51), 56 (7686.75), 127 (7686.75), 128 (7686.87), 58 (7686.99), 61 (7687.35), 62 (7687.47), 130 (7687.59), 64 (7687.71), 133 (7687.71), 65 (7687.83), 135 (7687.95), 67 (7688.07), 137 (7688.07), 68 (7688.19), 138 (7688.19), 69 (7688.31), 136 (7688.31), 70 (7688.43), 139 (7688.43), 71 (7688.55), 140 (7688.55), 72 (7688.67), 141 (7688.67), 75 (7689.03), 76 (7689.15), 144 (7689.15), 79 (7689.27), 145 (7689.27), 78 (7689.39), 77 (7689.51), 
Result: TEAM 0 WIN*
