Mode: RANDOM
480.24 s > TEAM: 0 	F: 0 	 (4002) 	S: 2 	 (4001) 	T: 3 	 (4000) 	LAP 1
480.24 s > TEAM: 1 	F: 159 	 (4004) 	S: 80 	 (4002) 	T: 82 	 (4000) 	LAP 1
720.36 s > TEAM: 1 	F: 159 	 (8006) 	S: 82 	 (8001) 	T: 83 	 (8000) 	LAP 2
960.24 s > TEAM: 0 	F: 0 	 (8004) 	S: 2 	 (8002) 	T: 3 	 (8000) 	LAP 2
1200.36 s > TEAM: 0 	F: 0 	 (12006) 	S: 3 	 (12002) 	T: 1 	 (12000) 	LAP 3
1200.36 s > TEAM: 1 	F: 159 	 (14003) 	S: 82 	 (12001) 	T: 83 	 (12000) 	LAP 3
1680.36 s > TEAM: 0 	F: 3 	 (17994) 	S: 0 	 (17993) 	T: 1 	 (16000) 	LAP 4
1680.36 s > TEAM: 1 	F: 159 	 (18003) 	S: 82 	 (16001) 	T: 83 	 (16000) 	LAP 4
2160.36 s > TEAM: 0 	F: 3 	 (21994) 	S: 0 	 (21993) 	T: 1 	 (20000) 	LAP 5
2160.36 s > TEAM: 1 	F: 159 	 (22003) 	S: 82 	 (20001) 	T: 83 	 (20000) 	LAP 5
2640.36 s > TEAM: 0 	F: 0 	 (25994) 	S: 3 	 (25993) 	T: 1 	 (24000) 	LAP 6
2640.36 s > TEAM: 1 	F: 159 	 (26003) 	S: 82 	 (24001) 	T: 83 	 (24000) 	LAP 6
3120.36 s > TEAM: 0 	F: 3 	 (29994) 	S: 0 	 (29993) 	T: 1 	 (28000) 	LAP 7
3120.36 s > TEAM: 1 	F: 159 	 (30003) 	S: 82 	 (28001) 	T: 83 	 (28000) 	LAP 7
3600.36 s > TEAM: 0 	F: 3 	 (33994) 	S: 0 	 (33993) 	T: 1 	 (32000) 	LAP 8
3600.36 s > TEAM: 1 	F: 159 	 (34003) 	S: 82 	 (32001) 	T: 83 	 (32000) 	LAP 8
4080.36 s > TEAM: 0 	F: 3 	 (37994) 	S: 0 	 (37993) 	T: 1 	 (36000) 	LAP 9
4080.36 s > TEAM: 1 	F: 159 	 (38003) 	S: 82 	 (36001) 	T: 83 	 (36000) 	LAP 9
4560.36 s > TEAM: 0 	F: 0 	 (41993) 	S: 3 	 (41914) 	T: 1 	 (40000) 	LAP 10
4560.36 s > TEAM: 1 	F: 159 	 (42003) 	S: 82 	 (40001) 	T: 83 	 (40000) 	LAP 10
5040.36 s > TEAM: 1 	F: 159 	 (47994) 	S: 82 	 (44001) 	T: 83 	 (44000) 	LAP 11
5280.48 s > TEAM: 0 	F: 0 	 (47994) 	S: 1 	 (46001) 	T: 5 	 (44000) 	LAP 11
5520.48 s > TEAM: 1 	F: 159 	 (51995) 	S: 83 	 (48001) 	T: 81 	 (48000) 	LAP 12
5760.48 s > TEAM: 0 	F: 0 	 (51994) 	S: 1 	 (50001) 	T: 5 	 (48000) 	LAP 12
6000.48 s > TEAM: 1 	F: 159 	 (55994) 	S: 83 	 (52002) 	T: 81 	 (52000) 	LAP 13
6240.48 s > TEAM: 0 	F: 0 	 (55995) 	S: 1 	 (55994) 	T: 5 	 (52000) 	LAP 13
6480.48 s > TEAM: 1 	F: 159 	 (59994) 	S: 83 	 (58001) 	T: 81 	 (56000) 	LAP 14
6720.48 s > TEAM: 0 	F: 0 	 (59995) 	S: 1 	 (59994) 	T: 5 	 (56000) 	LAP 14
6960.48 s > TEAM: 1 	F: 83 	 (62001) 	S: 159 	 (60160) 	T: 81 	 (60000) 	LAP 15
7200.48 s > TEAM: 0 	F: 0 	 (63995) 	S: 1 	 (63994) 	T: 5 	 (60000) 	LAP 15
7440.84 s > TEAM: 1 	F: 81 	 (64000) 	S: 84 	 (64000) 	T: 86 	 (64000) 	LAP 16
7680.48 s > TEAM: 0 	F: 0 	 (64000) 	S: 1 	 (64000) 	T: 5 	 (64000) 	LAP 16
Broken Team 0: 2 (2), 3 (10), 4 (8), 6 (8), 8 (15), 9 (6), 16 (4), 31 (4), 32 (15), 34 (15), 35 (3), 45 (0), 48 (4), 56 (7), 57 (3), 64 (10), 66 (10), 67 (7), 73 (2), 74 (4), 77 (5), 
Broken Team 1: 80 (1), 82 (11), 83 (15), 85 (14), 90 (10), 100 (4), 111 (11), 114 (6), 123 (13), 124 (9), 125 (0), 127 (9), 128 (10), 129 (3), 130 (4), 140 (0), 144 (10), 145 (11), 149 (6), 150 (4), 151 (5), 157 (12), 159 (15), 
Finishing order: 0 (7201.11), 1 (7201.23), 81 (7440.51), 84 (7440.75), 86 (7440.87), 158 (7440.99), 5 (7680.51), 7 (7680.75), 10 (7681.11), 87 (7681.11), 88 (7681.23), 11 (7681.35), 12 (7681.47), 14 (7681.59), 91 (7681.59), 15 (7681.71), 154 (7681.71), 89 (7681.83), 18 (7681.95), 92 (7681.95), 19 (7682.07), 138 (7682.07), 20 (7682.19), 93 (7682.19), 21 (7682.31), 94 (7682.31), 22 (7682.43), 95 (7682.43), 13 (7682.55), 97 (7682.55), 23 (7682.67), 96 (7682.67), 24 (7682.79), 98 (7682.79), 17 (7682.91), 99 (7682.91), 25 (7683.03), 26 (7683.15), 102 (7683.15), 27 (7683.27), 135 (7683.27), 28 (7683.39), 101 (7683.39), 30 (7683.51), 103 (7683.51), 29 (7683.63), 104 (7683.63), 105 (7683.75), 106 (7683.87), 33 (7683.99), 107 (7683.99), 153 (7684.11), 155 (7684.23), 36 (7684.35), 108 (7684.35), 37 (7684.47), 109 (7684.47), 38 (7684.59), 110 (7684.59), 39 (7684.71), 40 (7684.83), 112 (7684.83), 41 (7684.95), 156 (7684.95), 42 (7685.07), 44 (7685.19), 113 (7685.19), 47 (7685.43), 148 (7685.55), 49 (7685.67), 50 (7685.79), 115 (7685.79), 46 (7685.91), 116 (7685.91), 43 (7686.03), 117 (7686.03), 53 (7686.15), 118 (7686.15), 51 (7686.27), 120 (7686.27), 52 (7686.39), 119 (7686.39), 55 (7686.51), 121 (7686.51), 126 (7686.63), 152 (7686.75), 54 (7686.87), 122 (7686.87), 58 (7686.99), 59 (7687.11), 60 (7687.23), 61 (7687.35), 62 (7687.47), 63 (7687.59), 132 (7687.71), 65 (7687.83), 131 (7687.83), 134 (7687.95), 147 (7688.07), 68 (7688.19), 69 (7688.31), 133 (7688.31), 70 (7688.43), 139 (7688.43), 71 (7688.55), 137 (7688.55), 72 (7688.67), 142 (7688.79), 141 (7688.91), 75 (7689.03), 143 (7689.03), 78 (7689.27), 136 (7689.27), 79 (7689.39), 146 (7689.39), 76 (7689.51), 
Result: TEAM 1 WIN*
