Mode: RANDOM
480.24 s > TEAM: 0 	F: 0 	 (4004) 	S: 1 	 (4001) 	T: 3 	 (4000) 	LAP 1
480.24 s > TEAM: 1 	F: 159 	 (4004) 	S: 158 	 (4002) 	T: 82 	 (4000) 	LAP 1
960.24 s > TEAM: 0 	F: 0 	 (12000) 	S: 1 	 (8001) 	T: 3 	 (8000) 	LAP 2
960.24 s > TEAM: 1 	F: 159 	 (10002) 	S: 158 	 (10001) 	T: 82 	 (8000) 	LAP 2
1440.24 s > TEAM: 0 	F: 0 	 (16000) 	S: 1 	 (12001) 	T: 3 	 (12000) 	LAP 3
1440.24 s > TEAM: 1 	F: 159 	 (14002) 	S: 158 	 (14001) 	T: 82 	 (12000) 	LAP 3
1920.24 s > TEAM: 0 	F: 0 	 (20000) 	S: 1 	 (16001) 	T: 3 	 (16000) 	LAP 4
1920.24 s > TEAM: 1 	F: 159 	 (18002) 	S: 158 	 (18001) 	T: 82 	 (16000) 	LAP 4
2400.24 s > TEAM: 0 	F: 0 	 (24000) 	S: 1 	 (20001) 	T: 3 	 (20000) 	LAP 5
2400.24 s > TEAM: 1 	F: 159 	 (24002) 	S: 158 	 (21135) 	T: 82 	 (20000) 	LAP 5
2880.24 s > TEAM: 0 	F: 0 	 (32000) 	S: 1 	 (24001) 	T: 3 	 (24000) 	LAP 6
2880.48 s > TEAM: 1 	F: 159 	 (28008) 	S: 82 	 (24002) 	T: 84 	 (24000) 	LAP 6
3360.24 s > TEAM: 0 	F: 0 	 (36000) 	S: 1 	 (28001) 	T: 3 	 (28000) 	LAP 7
3360.48 s > TEAM: 1 	F: 159 	 (34003) 	S: 82 	 (28004) 	T: 84 	 (28000) 	LAP 7
3840.24 s > TEAM: 0 	F: 0 	 (43999) 	S: 1 	 (32002) 	T: 3 	 (32000) 	LAP 8
3840.48 s > TEAM: 1 	F: 159 	 (41001) 	S: 82 	 (34002) 	T: 84 	 (32000) 	LAP 8
4080.24 s > TEAM: 0 	F: 0 	 (45999) 	S: 1 	 (36001) 	T: 3 	 (36000) 	LAP 9
4320.48 s > TEAM: 1 	F: 159 	 (46001) 	S: 82 	 (38002) 	T: 84 	 (36000) 	LAP 9
4560.24 s > TEAM: 0 	F: 0 	 (49999) 	S: 1 	 (40001) 	T: 3 	 (40000) 	LAP 10
4800.48 s > TEAM: 1 	F: 159 	 (50001) 	S: 82 	 (44004) 	T: 84 	 (40000) 	LAP 10
5040.24 s > TEAM: 0 	F: 0 	 (53999) 	S: 1 	 (44001) 	T: 3 	 (44000) 	LAP 11
5280.48 s > TEAM: 1 	F: 159 	 (54001) 	S: 82 	 (47315) 	T: 84 	 (44000) 	LAP 11
5520.24 s > TEAM: 0 	F: 0 	 (57999) 	S: 1 	 (48001) 	T: 3 	 (48000) 	LAP 12
5760.60 s > TEAM: 1 	F: 159 	 (60002) 	S: 84 	 (48001) 	T: 86 	 (48000) 	LAP 12
6000.24 s > TEAM: 0 	F: 0 	 (63999) 	S: 1 	 (52001) 	T: 3 	 (52000) 	LAP 13
6240.60 s > TEAM: 1 	F: 159 	 (64000) 	S: 84 	 (52002) 	T: 86 	 (52000) 	LAP 13
6480.24 s > TEAM: 0 	F: 0 	 (64000) 	S: 1 	 (56001) 	T: 3 	 (56000) 	LAP 14
6720.60 s > TEAM: 1 	F: 159 	 (64000) 	S: 84 	 (60002) 	T: 86 	 (56000) 	LAP 14
6960.24 s > TEAM: 0 	F: 0 	 (64000) 	S: 1 	 (60002) 	T: 3 	 (60000) 	LAP 15
7200.24 s > TEAM: 0 	F: 0 	 (64000) 	S: 1 	 (64000) 	T: 3 	 (64000) 	LAP 16
7200.60 s > TEAM: 1 	F: 84 	 (64000) 	S: 159 	 (64000) 	T: 86 	 (60000) 	LAP 15
7680.60 s > TEAM: 1 	F: 84 	 (64000) 	S: 86 	 (64000) 	T: 159 	 (64000) 	LAP 16
Broken Team 0: 2 (8), 5 (9), 8 (10), 9 (5), 10 (12), 13 (9), 16 (4), 21 (7), 23 (1), 26 (1), 32 (4), 33 (12), 34 (0), 36 (4), 41 (2), 43 (2), 45 (9), 46 (11), 49 (0), 60 (3), 62 (15), 63 (1), 70 (1), 71 (7), 76 (9), 77 (1), 
Broken Team 1: 80 (9), 82 (11), 83 (4), 87 (5), 88 (5), 89 (12), 90 (2), 93 (3), 96 (13), 105 (4), 111 (12), 113 (5), 114 (2), 116 (13), 122 (8), 124 (3), 128 (1), 129 (0), 130 (13), 131 (13), 134 (14), 138 (0), 150 (8), 152 (14), 156 (3), 158 (5), 
Finishing order: 0 (6000.39), 159 (6240.33), 84 (6960.51), 1 (7200.15), 3 (7200.27), 6 (7680.63), 86 (7680.63), 4 (7680.75), 7 (7681.11), 12 (7681.23), 112 (7681.23), 11 (7681.35), 85 (7681.35), 91 (7681.47), 94 (7681.59), 14 (7681.71), 15 (7681.83), 92 (7681.83), 20 (7681.95), 95 (7681.95), 17 (7682.07), 98 (7682.07), 18 (7682.31), 99 (7682.31), 101 (7682.43), 25 (7682.55), 100 (7682.55), 24 (7682.67), 97 (7682.67), 27 (7682.79), 103 (7682.79), 104 (7682.91), 29 (7683.03), 102 (7683.03), 30 (7683.15), 31 (7683.27), 107 (7683.27), 108 (7683.39), 109 (7683.51), 28 (7683.63), 110 (7683.63), 37 (7683.75), 115 (7683.75), 38 (7683.99), 117 (7683.99), 39 (7684.11), 118 (7684.11), 40 (7684.23), 119 (7684.23), 42 (7684.35), 120 (7684.35), 19 (7684.47), 121 (7684.47), 123 (7684.71), 44 (7684.83), 125 (7684.83), 127 (7685.07), 47 (7685.19), 126 (7685.19), 48 (7685.31), 50 (7685.67), 51 (7685.79), 132 (7685.79), 52 (7685.91), 133 (7685.91), 55 (7686.03), 54 (7686.15), 135 (7686.15), 56 (7686.27), 136 (7686.27), 57 (7686.39), 137 (7686.39), 53 (7686.51), 139 (7686.51), 58 (7686.63), 59 (7686.75), 140 (7686.75), 141 (7686.87), 64 (7686.99), 143 (7686.99), 144 (7687.11), 61 (7687.23), 142 (7687.23), 66 (7687.35), 145 (7687.35), 146 (7687.47), 68 (7687.59), 147 (7687.59), 69 (7687.71), 148 (7687.71), 151 (7687.83), 65 (7687.95), 149 (7688.07), 67 (7688.19), 153 (7688.19), 74 (7688.31), 155 (7688.31), 72 (7688.43), 79 (7688.55), 154 (7688.55), 73 (7688.67), 157 (7688.67), 81 (7688.91), 78 (7689.03), 35 (7689.15), 106 (7689.27), 22 (7689.39), 75 (7689.51), 
Result: TEAM 0 WIN*
