Mode: RANDOM
480.24 s > TEAM: 0 	F: 0 	 (4002) 	S: 1 	 (4001) 	T: 2 	 (4000) 	LAP 1
480.24 s > TEAM: 1 	F: 159 	 (4004) 	S: 157 	 (4002) 	T: 158 	 (4000) 	LAP 1
960.24 s > TEAM: 0 	F: 0 	 (8004) 	S: 1 	 (8002) 	T: 2 	 (8000) 	LAP 2
960.36 s > TEAM: 1 	F: 157 	 (12002) 	S: 158 	 (8001) 	T: 155 	 (8000) 	LAP 2
1440.24 s > TEAM: 0 	F: 1 	 (16001) 	S: 0 	 (14002) 	T: 2 	 (12000) 	LAP 3
1440.36 s > TEAM: 1 	F: 157 	 (16004) 	S: 158 	 (12001) 	T: 155 	 (12000) 	LAP 3
1920.24 s > TEAM: 0 	F: 1 	 (20002) 	S: 0 	 (17976) 	T: 2 	 (16000) 	LAP 4
1920.36 s > TEAM: 1 	F: 157 	 (24004) 	S: 158 	 (16002) 	T: 155 	 (16000) 	LAP 4
2400.36 s > TEAM: 0 	F: 1 	 (28001) 	S: 2 	 (20002) 	T: 3 	 (20000) 	LAP 5
2400.36 s > TEAM: 1 	F: 157 	 (32002) 	S: 158 	 (22001) 	T: 155 	 (20000) 	LAP 5
2880.36 s > TEAM: 0 	F: 1 	 (34000) 	S: 2 	 (26001) 	T: 3 	 (24000) 	LAP 6
2880.36 s > TEAM: 1 	F: 157 	 (36002) 	S: 158 	 (26001) 	T: 155 	 (24000) 	LAP 6
3360.36 s > TEAM: 0 	F: 1 	 (40000) 	S: 2 	 (30001) 	T: 3 	 (28000) 	LAP 7
3360.36 s > TEAM: 1 	F: 157 	 (40004) 	S: 158 	 (30001) 	T: 155 	 (28000) 	LAP 7
3840.36 s > TEAM: 0 	F: 1 	 (44001) 	S: 2 	 (34001) 	T: 3 	 (32000) 	LAP 8
3840.36 s > TEAM: 1 	F: 157 	 (45999) 	S: 158 	 (36002) 	T: 155 	 (32000) 	LAP 8
4320.36 s > TEAM: 0 	F: 1 	 (51998) 	S: 2 	 (38001) 	T: 3 	 (36000) 	LAP 9
4320.36 s > TEAM: 1 	F: 157 	 (49999) 	S: 158 	 (41997) 	T: 155 	 (36000) 	LAP 9
4800.36 s > TEAM: 0 	F: 1 	 (55996) 	S: 2 	 (43998) 	T: 3 	 (40000) 	LAP 10
4800.36 s > TEAM: 1 	F: 157 	 (53999) 	S: 158 	 (45997) 	T: 155 	 (40000) 	LAP 10
5280.36 s > TEAM: 0 	F: 1 	 (59998) 	S: 2 	 (47998) 	T: 3 	 (44000) 	LAP 11
5280.36 s > TEAM: 1 	F: 157 	 (57999) 	S: 158 	 (49997) 	T: 155 	 (44000) 	LAP 11
5760.36 s > TEAM: 0 	F: 1 	 (63998) 	S: 2 	 (51998) 	T: 3 	 (48000) 	LAP 12
5760.36 s > TEAM: 1 	F: 157 	 (63998) 	S: 158 	 (53997) 	T: 155 	 (48000) 	LAP 12
6240.36 s > TEAM: 0 	F: 1 	 (64000) 	S: 2 	 (55998) 	T: 3 	 (52000) 	LAP 13
6240.36 s > TEAM: 1 	F: 157 	 (64000) 	S: 158 	 (59994) 	T: 155 	 (52000) 	LAP 13
6720.36 s > TEAM: 0 	F: 1 	 (64000) 	S: 2 	 (61998) 	T: 3 	 (56000) 	LAP 14
6720.36 s > TEAM: 1 	F: 157 	 (64000) 	S: 158 	 (64000) 	T: 155 	 (56000) 	LAP 14
6960.36 s > TEAM: 1 	F: 157 	 (64000) 	S: 158 	 (64000) 	T: 155 	 (60000) 	LAP 15
7200.36 s > TEAM: 0 	F: 1 	 (64000) 	S: 2 	 (64000) 	T: 3 	 (60000) 	LAP 15
7200.36 s > TEAM: 1 	F: 155 	 (64000) 	S: 157 	 (64000) 	T: 158 	 (64000) 	LAP 16
7440.36 s > TEAM: 0 	F: 1 	 (64000) 	S: 2 	 (64000) 	T: 3 	 (64000) 	LAP 16
Broken Team 0: 0 (4), 5 (12), 10 (13), 11 (4), 14 (7), 21 (0), 26 (5), 29 (2), 30 (5), 32 (14), 35 (10), 40 (4), 42 (15), 48 (14), 52 (0), 54 (7), 55 (8), 71 (5), 74 (4), 75 (11), 
Broken Team 1: 82 (9), 94 (5), 98 (15), 99 (15), 102 (3), 103 (4), 104 (2), 108 (6), 110 (11), 112 (6), 118 (4), 119 (15), 121 (8), 122 (2), 123 (8), 130 (15), 132 (12), 135 (10), 142 (1), 143 (6), 144 (7), 145 (6), 146 (4), 147 (10), 148 (0), 150 (6), 152 (6), 159 (1), 
Finishing order: 157 (5760.51), 1 (5760.63), 158 (6480.75), 2 (6960.63), 155 (7200.39), 3 (7440.39), 4 (7440.51), 156 (7440.51), 80 (7680.63), 81 (7680.75), 6 (7680.87), 8 (7680.99), 153 (7680.99), 7 (7681.11), 83 (7681.11), 9 (7681.23), 85 (7681.23), 86 (7681.35), 12 (7681.47), 87 (7681.47), 13 (7681.59), 88 (7681.59), 34 (7681.71), 89 (7681.71), 154 (7681.83), 15 (7681.95), 151 (7681.95), 16 (7682.07), 90 (7682.07), 149 (7682.19), 17 (7682.31), 91 (7682.31), 18 (7682.43), 84 (7682.43), 19 (7682.55), 92 (7682.55), 20 (7682.67), 95 (7682.79), 22 (7682.91), 93 (7682.91), 24 (7683.03), 96 (7683.03), 25 (7683.27), 23 (7683.39), 100 (7683.39), 27 (7683.51), 97 (7683.51), 28 (7683.63), 101 (7683.63), 31 (7684.11), 33 (7684.23), 105 (7684.23), 38 (7684.35), 106 (7684.35), 36 (7684.47), 107 (7684.47), 39 (7684.59), 109 (7684.71), 111 (7684.83), 37 (7684.95), 41 (7685.07), 44 (7685.19), 46 (7685.31), 113 (7685.43), 45 (7685.55), 50 (7685.67), 114 (7685.67), 49 (7685.79), 115 (7685.79), 47 (7685.91), 116 (7685.91), 51 (7686.03), 53 (7686.27), 117 (7686.51), 56 (7686.63), 120 (7686.63), 57 (7686.75), 43 (7686.87), 58 (7686.99), 69 (7687.11), 59 (7687.23), 124 (7687.23), 60 (7687.35), 125 (7687.35), 61 (7687.47), 127 (7687.47), 67 (7687.59), 128 (7687.59), 62 (7687.71), 66 (7687.83), 129 (7687.83), 63 (7687.95), 64 (7688.07), 70 (7688.19), 134 (7688.19), 68 (7688.31), 126 (7688.43), 65 (7688.55), 133 (7688.55), 72 (7688.67), 136 (7688.67), 73 (7688.79), 141 (7688.79), 140 (7688.91), 139 (7689.03), 77 (7689.15), 138 (7689.15), 78 (7689.27), 137 (7689.27), 79 (7689.39), 76 (7689.51), 131 (7689.51), 
Result: TEAM 1 WIN*
