Mode: RANDOM
480.24 s > TEAM: 0 	F: 0 	 (4002) 	S: 2 	 (4001) 	T: 1 	 (4000) 	LAP 1
480.24 s > TEAM: 1 	F: 159 	 (4004) 	S: 158 	 (4001) 	T: 80 	 (4000) 	LAP 1
960.24 s > TEAM: 0 	F: 0 	 (8002) 	S: 2 	 (8001) 	T: 1 	 (8000) 	LAP 2
960.24 s > TEAM: 1 	F: 159 	 (12004) 	S: 158 	 (8002) 	T: 80 	 (8000) 	LAP 2
1200.24 s > TEAM: 1 	F: 159 	 (16002) 	S: 158 	 (12001) 	T: 80 	 (12000) 	LAP 3
1440.24 s > TEAM: 0 	F: 0 	 (12002) 	S: 2 	 (12001) 	T: 1 	 (12000) 	LAP 3
1680.24 s > TEAM: 1 	F: 159 	 (20002) 	S: 158 	 (16001) 	T: 80 	 (16000) 	LAP 4
1920.24 s > TEAM: 0 	F: 0 	 (16002) 	S: 2 	 (16001) 	T: 1 	 (16000) 	LAP 4
2400.24 s > TEAM: 0 	F: 0 	 (20004) 	S: 2 	 (20001) 	T: 1 	 (20000) 	LAP 5
2400.36 s > TEAM: 1 	F: 159 	 (26003) 	S: 80 	 (22001) 	T: 155 	 (20000) 	LAP 5
2880.24 s > TEAM: 0 	F: 0 	 (27999) 	S: 2 	 (24002) 	T: 1 	 (24000) 	LAP 6
2880.36 s > TEAM: 1 	F: 159 	 (30003) 	S: 80 	 (26001) 	T: 155 	 (24000) 	LAP 6
3120.24 s > TEAM: 0 	F: 0 	 (29999) 	S: 2 	 (28001) 	T: 1 	 (28000) 	LAP 7
3360.36 s > TEAM: 1 	F: 159 	 (36003) 	S: 80 	 (32002) 	T: 155 	 (28000) 	LAP 7
3600.24 s > TEAM: 0 	F: 0 	 (33999) 	S: 2 	 (32001) 	T: 1 	 (32000) 	LAP 8
3840.36 s > TEAM: 1 	F: 159 	 (40003) 	S: 80 	 (37999) 	T: 155 	 (32000) 	LAP 8
4080.24 s > TEAM: 0 	F: 0 	 (37999) 	S: 2 	 (36001) 	T: 1 	 (36000) 	LAP 9
4320.36 s > TEAM: 1 	F: 159 	 (44003) 	S: 80 	 (41999) 	T: 155 	 (36000) 	LAP 9
4560.24 s > TEAM: 0 	F: 0 	 (41999) 	S: 2 	 (40001) 	T: 1 	 (40000) 	LAP 10
4800.36 s > TEAM: 1 	F: 159 	 (48003) 	S: 80 	 (45999) 	T: 155 	 (40000) 	LAP 10
5040.24 s > TEAM: 0 	F: 0 	 (45999) 	S: 2 	 (44001) 	T: 1 	 (44000) 	LAP 11
5280.36 s > TEAM: 1 	F: 159 	 (52003) 	S: 80 	 (49999) 	T: 155 	 (44000) 	LAP 11
5520.24 s > TEAM: 0 	F: 0 	 (49999) 	S: 2 	 (48001) 	T: 1 	 (48000) 	LAP 12
5760.36 s > TEAM: 1 	F: 159 	 (56003) 	S: 80 	 (53999) 	T: 155 	 (48000) 	LAP 12
6000.24 s > TEAM: 0 	F: 0 	 (53999) 	S: 2 	 (52001) 	T: 1 	 (52000) 	LAP 13
6240.36 s > TEAM: 1 	F: 159 	 (60006) 	S: 80 	 (57999) 	T: 155 	 (52000) 	LAP 13
6480.24 s > TEAM: 0 	F: 0 	 (57999) 	S: 2 	 (56001) 	T: 1 	 (56000) 	LAP 14
6720.36 s > TEAM: 1 	F: 159 	 (64000) 	S: 80 	 (61999) 	T: 155 	 (56000) 	LAP 14
6960.24 s > TEAM: 0 	F: 0 	 (63999) 	S: 2 	 (60002) 	T: 1 	 (60000) 	LAP 15
7200.36 s > TEAM: 1 	F: 80 	 (64000) 	S: 159 	 (64000) 	T: 155 	 (60000) 	LAP 15
7440.24 s > TEAM: 0 	F: 0 	 (64000) 	S: 1 	 (64000) 	T: 2 	 (64000) 	LAP 16
7680.36 s > TEAM: 1 	F: 80 	 (64000) 	S: 155 	 (64000) 	T: 159 	 (64000) 	LAP 16
Broken Team 0: 5 (3), 6 (1), 11 (13), 12 (7), 13 (0), 14 (13), 15 (10), 16 (10), 21 (10), 23 (3), 27 (0), 28 (14), 29 (8), 30 (11), 33 (11), 35 (5), 37 (13), 41 (13), 43 (3), 44 (1), 45 (11), 46 (9), 47 (13), 48 (0), 49 (14), 50 (1), 54 (7), 55 (11), 61 (9), 62 (12), 64 (4), 68 (2), 69 (11), 70 (6), 71 (8), 74 (10), 77 (14), 
Broken Team 1: 81 (2), 85 (10), 91 (14), 92 (0), 97 (9), 99 (1), 101 (5), 102 (3), 103 (5), 104 (4), 105 (14), 109 (1), 110 (13), 117 (6), 118 (14), 120 (10), 123 (8), 131 (9), 132 (10), 133 (10), 135 (5), 137 (7), 139 (11), 140 (6), 141 (15), 144 (7), 146 (6), 149 (6), 154 (0), 157 (7), 158 (4), 
Finishing order: 159 (6480.63), 0 (6960.33), 80 (6960.51), 2 (7200.15), 1 (7440.27), 3 (7680.39), 155 (7680.39), 4 (7680.51), 156 (7680.75), 7 (7680.87), 152 (7680.87), 8 (7680.99), 151 (7680.99), 9 (7681.11), 10 (7681.23), 82 (7681.23), 83 (7681.35), 84 (7681.47), 86 (7681.71), 153 (7681.83), 87 (7681.95), 17 (7682.07), 88 (7682.07), 18 (7682.19), 89 (7682.19), 19 (7682.31), 90 (7682.31), 20 (7682.43), 22 (7682.67), 93 (7682.67), 94 (7682.79), 24 (7682.91), 95 (7682.91), 25 (7683.03), 96 (7683.03), 26 (7683.15), 98 (7683.27), 100 (7683.51), 31 (7683.75), 32 (7683.87), 150 (7683.99), 34 (7684.11), 36 (7684.23), 114 (7684.35), 106 (7684.47), 38 (7684.59), 107 (7684.59), 39 (7684.71), 115 (7684.71), 42 (7684.95), 111 (7685.07), 40 (7685.19), 108 (7685.19), 116 (7685.31), 113 (7685.43), 119 (7685.79), 51 (7686.03), 121 (7686.03), 122 (7686.15), 52 (7686.27), 53 (7686.39), 124 (7686.39), 125 (7686.63), 56 (7686.75), 126 (7686.75), 57 (7686.87), 127 (7686.87), 58 (7686.99), 129 (7686.99), 59 (7687.11), 130 (7687.11), 60 (7687.23), 128 (7687.35), 65 (7687.59), 134 (7687.71), 63 (7687.83), 66 (7688.07), 136 (7688.07), 67 (7688.19), 73 (7688.31), 138 (7688.31), 76 (7688.55), 75 (7688.67), 142 (7688.67), 143 (7688.79), 72 (7688.91), 145 (7688.91), 78 (7689.03), 79 (7689.15), 147 (7689.15), 148 (7689.39), 112 (7689.51), 
Result: TEAM 0 WIN*
