Mode: RANDOM
480.24 s > TEAM: 0 	F: 0 	 (4004) 	S: 1 	 (4001) 	T: 2 	 (4000) 	LAP 1
480.24 s > TEAM: 1 	F: 159 	 (4004) 	S: 158 	 (4002) 	T: 156 	 (4000) 	LAP 1
960.24 s > TEAM: 0 	F: 0 	 (11999) 	S: 1 	 (8001) 	T: 2 	 (8000) 	LAP 2
960.36 s > TEAM: 1 	F: 158 	 (10002) 	S: 156 	 (10001) 	T: 80 	 (8000) 	LAP 2
1440.24 s > TEAM: 0 	F: 0 	 (15999) 	S: 1 	 (12001) 	T: 2 	 (12000) 	LAP 3
1440.36 s > TEAM: 1 	F: 158 	 (16004) 	S: 156 	 (14001) 	T: 80 	 (12000) 	LAP 3
1920.24 s > TEAM: 0 	F: 0 	 (19999) 	S: 1 	 (16002) 	T: 2 	 (16000) 	LAP 4
1920.36 s > TEAM: 1 	F: 158 	 (21999) 	S: 156 	 (18001) 	T: 80 	 (16000) 	LAP 4
2160.24 s > TEAM: 0 	F: 0 	 (21999) 	S: 1 	 (20002) 	T: 2 	 (20000) 	LAP 5
2400.36 s > TEAM: 1 	F: 158 	 (25998) 	S: 156 	 (24001) 	T: 80 	 (20000) 	LAP 5
2400.54 s > TEAM: 0 	F: 0 	 (24004) 	S: 2 	 (24002) 	T: 1 	 (24000) 	LAP 6
2880.36 s > TEAM: 1 	F: 158 	 (33998) 	S: 156 	 (28003) 	T: 80 	 (24000) 	LAP 6
2880.48 s > TEAM: 0 	F: 2 	 (31999) 	S: 0 	 (28227) 	T: 1 	 (28000) 	LAP 7
3360.36 s > TEAM: 1 	F: 158 	 (37998) 	S: 156 	 (33998) 	T: 80 	 (28000) 	LAP 7
3840.36 s > TEAM: 0 	F: 2 	 (39998) 	S: 1 	 (35999) 	T: 3 	 (32000) 	LAP 8
3840.36 s > TEAM: 1 	F: 158 	 (41997) 	S: 156 	 (37998) 	T: 80 	 (32000) 	LAP 8
4080.36 s > TEAM: 1 	F: 158 	 (44997) 	S: 156 	 (41997) 	T: 80 	 (36000) 	LAP 9
4320.36 s > TEAM: 0 	F: 2 	 (47996) 	S: 1 	 (41999) 	T: 3 	 (36000) 	LAP 9
4320.36 s > TEAM: 1 	F: 158 	 (46997) 	S: 156 	 (45997) 	T: 80 	 (40000) 	LAP 10
4560.72 s > TEAM: 1 	F: 158 	 (49000) 	S: 156 	 (48001) 	T: 80 	 (44000) 	LAP 11
4800.36 s > TEAM: 0 	F: 2 	 (51998) 	S: 1 	 (45999) 	T: 3 	 (40000) 	LAP 10
5040.72 s > TEAM: 1 	F: 158 	 (54001) 	S: 156 	 (52001) 	T: 80 	 (48000) 	LAP 12
5280.36 s > TEAM: 0 	F: 2 	 (55998) 	S: 1 	 (49999) 	T: 3 	 (44000) 	LAP 11
5520.72 s > TEAM: 1 	F: 158 	 (59000) 	S: 156 	 (56001) 	T: 80 	 (52000) 	LAP 13
5760.36 s > TEAM: 0 	F: 2 	 (59998) 	S: 1 	 (55998) 	T: 3 	 (48000) 	LAP 12
6000.72 s > TEAM: 1 	F: 158 	 (63000) 	S: 156 	 (60000) 	T: 80 	 (56000) 	LAP 14
6240.36 s > TEAM: 0 	F: 2 	 (63998) 	S: 1 	 (59998) 	T: 3 	 (52000) 	LAP 13
6720.36 s > TEAM: 0 	F: 2 	 (64000) 	S: 1 	 (63998) 	T: 3 	 (56000) 	LAP 14
6960.48 s > TEAM: 1 	F: 156 	 (64000) 	S: 158 	 (64000) 	T: 81 	 (60000) 	LAP 15
7200.36 s > TEAM: 0 	F: 1 	 (64000) 	S: 2 	 (64000) 	T: 3 	 (60000) 	LAP 15
7440.48 s > TEAM: 1 	F: 81 	 (64000) 	S: 156 	 (64000) 	T: 158 	 (64000) 	LAP 16
7680.36 s > TEAM: 0 	F: 1 	 (64000) 	S: 2 	 (64000) 	T: 3 	 (64000) 	LAP 16
Broken Team 0: 0 (7), 5 (3), 6 (0), 7 (1), 8 (6), 9 (11), 11 (0), 13 (14), 15 (8), 16 (12), 21 (14), 22 (9), 23 (14), 24 (13), 32 (4), 34 (10), 35 (8), 37 (7), 38 (2), 45 (8), 46 (12), 49 (0), 52 (10), 61 (4), 64 (11), 66 (4), 69 (0), 73 (2), 74 (7), 78 (5), 
Broken Team 1: 80 (14), 82 (8), 85 (14), 86 (7), 87 (14), 90 (8), 92 (5), 94 (4), 98 (2), 99 (6), 100 (4), 101 (0), 103 (12), 104 (13), 107 (1), 108 (14), 111 (15), 114 (12), 115 (10), 118 (15), 119 (2), 122 (0), 123 (7), 126 (7), 128 (3), 130 (14), 131 (3), 136 (4), 143 (1), 150 (13), 151 (0), 152 (0), 153 (3), 159 (1), 
Finishing order: 158 (6120.69), 2 (6240.63), 156 (6480.75), 1 (6720.63), 81 (7440.51), 3 (7680.39), 4 (7680.51), 157 (7680.63), 83 (7680.87), 155 (7680.99), 10 (7681.11), 84 (7681.11), 12 (7681.47), 88 (7681.59), 14 (7681.71), 89 (7681.71), 17 (7682.07), 18 (7682.19), 19 (7682.31), 93 (7682.31), 91 (7682.43), 20 (7682.55), 95 (7682.55), 96 (7682.67), 117 (7682.79), 26 (7682.91), 97 (7682.91), 27 (7683.03), 25 (7683.15), 28 (7683.27), 29 (7683.39), 102 (7683.39), 30 (7683.63), 33 (7683.75), 105 (7683.87), 31 (7683.99), 106 (7683.99), 36 (7684.23), 109 (7684.35), 139 (7684.47), 40 (7684.59), 135 (7684.59), 41 (7684.71), 110 (7684.71), 42 (7684.83), 43 (7684.95), 44 (7685.07), 48 (7685.43), 39 (7685.55), 50 (7685.67), 120 (7685.67), 51 (7685.79), 116 (7685.79), 124 (7685.91), 56 (7686.03), 125 (7686.03), 53 (7686.15), 138 (7686.15), 57 (7686.27), 127 (7686.27), 62 (7686.39), 58 (7686.51), 129 (7686.51), 65 (7686.75), 63 (7686.87), 133 (7686.87), 132 (7686.99), 134 (7687.11), 67 (7687.23), 59 (7687.35), 68 (7687.47), 137 (7687.47), 142 (7687.59), 70 (7687.71), 145 (7687.71), 71 (7687.83), 147 (7687.83), 144 (7687.95), 72 (7688.07), 140 (7688.07), 79 (7688.19), 148 (7688.19), 77 (7688.31), 146 (7688.31), 75 (7688.43), 149 (7688.43), 76 (7688.55), 47 (7688.67), 54 (7688.91), 55 (7689.03), 154 (7689.03), 60 (7689.15), 112 (7689.15), 121 (7689.27), 113 (7689.39), 141 (7689.51), 
Result: TEAM 0 WIN*
