Mode: RANDOM
480.24 s > TEAM: 1 	F: 159 	 (4002) 	S: 113 	 (4001) 	T: 111 	 (4000) 	LAP 1
480.36 s > TEAM: 0 	F: 1 	 (4002) 	S: 2 	 (4001) 	T: 5 	 (4000) 	LAP 1
960.24 s > TEAM: 1 	F: 159 	 (8004) 	S: 113 	 (8001) 	T: 111 	 (8000) 	LAP 2
960.36 s > TEAM: 0 	F: 1 	 (8002) 	S: 2 	 (8001) 	T: 5 	 (8000) 	LAP 2
1440.24 s > TEAM: 1 	F: 159 	 (16002) 	S: 113 	 (12001) 	T: 111 	 (12000) 	LAP 3
1440.36 s > TEAM: 0 	F: 1 	 (12004) 	S: 2 	 (12001) 	T: 5 	 (12000) 	LAP 3
1920.24 s > TEAM: 1 	F: 159 	 (20002) 	S: 113 	 (16001) 	T: 111 	 (16000) 	LAP 4
1920.36 s > TEAM: 0 	F: 1 	 (18002) 	S: 2 	 (16001) 	T: 5 	 (16000) 	LAP 4
2400.24 s > TEAM: 1 	F: 159 	 (24004) 	S: 113 	 (20002) 	T: 111 	 (20000) 	LAP 5
2400.36 s > TEAM: 0 	F: 1 	 (22002) 	S: 2 	 (20001) 	T: 5 	 (20000) 	LAP 5
2880.24 s > TEAM: 1 	F: 159 	 (30002) 	S: 113 	 (28002) 	T: 111 	 (24000) 	LAP 6
2880.36 s > TEAM: 0 	F: 1 	 (28004) 	S: 2 	 (24001) 	T: 5 	 (24000) 	LAP 6
3360.24 s > TEAM: 1 	F: 113 	 (36002) 	S: 159 	 (34002) 	T: 111 	 (28000) 	LAP 7
3360.36 s > TEAM: 0 	F: 1 	 (34002) 	S: 2 	 (28001) 	T: 5 	 (28000) 	LAP 7
3840.24 s > TEAM: 1 	F: 113 	 (44002) 	S: 159 	 (40002) 	T: 111 	 (32000) 	LAP 8
3840.36 s > TEAM: 0 	F: 1 	 (40004) 	S: 2 	 (32002) 	T: 5 	 (32000) 	LAP 8
4320.24 s > TEAM: 1 	F: 113 	 (50001) 	S: 159 	 (44002) 	T: 111 	 (36000) 	LAP 9
4320.36 s > TEAM: 0 	F: 1 	 (48004) 	S: 2 	 (40002) 	T: 5 	 (36000) 	LAP 9
4560.36 s > TEAM: 0 	F: 1 	 (52002) 	S: 2 	 (44002) 	T: 5 	 (40000) 	LAP 10
4800.24 s > TEAM: 1 	F: 113 	 (55995) 	S: 159 	 (48002) 	T: 111 	 (40000) 	LAP 10
5040.36 s > TEAM: 0 	F: 1 	 (56002) 	S: 2 	 (51995) 	T: 5 	 (44000) 	LAP 11
5280.24 s > TEAM: 1 	F: 113 	 (59995) 	S: 159 	 (52002) 	T: 111 	 (44000) 	LAP 11
5520.36 s > TEAM: 0 	F: 1 	 (60004) 	S: 2 	 (53308) 	T: 5 	 (48000) 	LAP 12
5760.24 s > TEAM: 1 	F: 113 	 (63995) 	S: 159 	 (56002) 	T: 111 	 (48000) 	LAP 12
5760.36 s > TEAM: 0 	F: 1 	 (64000) 	S: 2 	 (53308) 	T: 5 	 (52000) 	LAP 13
6240.24 s > TEAM: 1 	F: 113 	 (64000) 	S: 159 	 (60004) 	T: 111 	 (52000) 	LAP 13
6240.36 s > TEAM: 0 	F: 1 	 (64000) 	S: 3 	 (57997) 	T: 5 	 (56000) 	LAP 14
6480.24 s > TEAM: 1 	F: 113 	 (64000) 	S: 159 	 (64000) 	T: 111 	 (56000) 	LAP 14
6720.36 s > TEAM: 0 	F: 1 	 (64000) 	S: 3 	 (61996) 	T: 5 	 (60000) 	LAP 15
6720.72 s > TEAM: 1 	F: 113 	 (64000) 	S: 159 	 (64000) 	T: 111 	 (60000) 	LAP 15
6960.72 s > TEAM: 0 	F: 1 	 (64000) 	S: 3 	 (64000) 	T: 5 	 (64000) 	LAP 16
7080.60 s > TEAM: 1 	F: 111 	 (64000) 	S: 113 	 (64000) 	T: 159 	 (64000) 	LAP 16
Broken Team 0: 0 (0), 2 (13), 4 (7), 7 (15), 8 (15), 9 (13), 11 (8), 13 (10), 15 (5), 21 (0), 22 (4), 23 (1), 25 (9), 27 (3), 29 (3), 31 (11), 32 (0), 34 (0), 45 (2), 46 (11), 50 (8), 54 (2), 59 (4), 60 (2), 66 (6), 67 (14), 75 (11), 76 (15), 77 (9), 78 (14), 
Broken Team 1: 82 (7), 84 (0), 85 (3), 86 (8), 90 (0), 95 (4), 104 (2), 105 (9), 107 (14), 110 (14), 120 (1), 123 (13), 126 (5), 127 (15), 129 (11), 131 (8), 132 (8), 134 (10), 135 (15), 140 (4), 141 (2), 143 (13), 145 (2), 147 (8), 150 (12), 158 (10), 
Finishing order: 1 (5760.15), 113 (5760.87), 159 (6480.03), 5 (6960.69), 3 (6960.75), 111 (7080.63), 6 (7200.87), 157 (7440.51), 80 (7680.63), 81 (7680.75), 83 (7680.99), 10 (7681.11), 12 (7681.23), 87 (7681.59), 16 (7681.71), 89 (7681.71), 14 (7681.83), 88 (7681.83), 91 (7681.95), 18 (7682.07), 19 (7682.19), 93 (7682.19), 40 (7682.31), 92 (7682.31), 20 (7682.43), 94 (7682.43), 17 (7682.55), 96 (7682.55), 156 (7682.67), 97 (7682.79), 24 (7682.91), 99 (7683.03), 101 (7683.15), 98 (7683.27), 103 (7683.39), 30 (7683.51), 100 (7683.51), 26 (7683.75), 102 (7683.75), 33 (7683.87), 116 (7683.87), 35 (7683.99), 118 (7683.99), 115 (7684.11), 28 (7684.23), 117 (7684.23), 38 (7684.35), 106 (7684.35), 36 (7684.59), 124 (7684.59), 41 (7684.71), 125 (7684.71), 37 (7684.83), 119 (7684.95), 42 (7685.07), 128 (7685.19), 48 (7685.31), 47 (7685.43), 130 (7685.43), 44 (7685.55), 51 (7685.67), 52 (7685.79), 133 (7685.79), 49 (7685.91), 55 (7686.15), 138 (7686.15), 53 (7686.27), 136 (7686.27), 57 (7686.39), 139 (7686.39), 58 (7686.51), 137 (7686.51), 61 (7686.87), 142 (7686.87), 56 (7687.11), 148 (7687.11), 62 (7687.23), 146 (7687.23), 63 (7687.35), 65 (7687.47), 149 (7687.47), 151 (7687.59), 69 (7687.71), 153 (7687.71), 112 (7687.83), 64 (7687.95), 73 (7688.07), 114 (7688.07), 43 (7688.19), 70 (7688.31), 109 (7688.31), 71 (7688.43), 108 (7688.43), 72 (7688.55), 74 (7688.67), 144 (7688.79), 122 (7688.91), 79 (7689.03), 152 (7689.15), 68 (7689.27), 154 (7689.27), 121 (7689.39), 39 (7689.51), 155 (7689.51), 
Result: TEAM 0 WIN*
