Mode: RANDOM
480.24 s > TEAM: 0 	F: 0 	 (4002) 	S: 2 	 (4001) 	T: 4 	 (4000) 	LAP 1
480.36 s > TEAM: 1 	F: 159 	 (4003) 	S: 156 	 (4002) 	T: 150 	 (4000) 	LAP 1
960.24 s > TEAM: 0 	F: 0 	 (8002) 	S: 2 	 (8001) 	T: 4 	 (8000) 	LAP 2
960.36 s > TEAM: 1 	F: 159 	 (8003) 	S: 156 	 (8002) 	T: 150 	 (8000) 	LAP 2
1440.24 s > TEAM: 0 	F: 0 	 (12004) 	S: 2 	 (12001) 	T: 4 	 (12000) 	LAP 3
1440.36 s > TEAM: 1 	F: 159 	 (12006) 	S: 156 	 (12002) 	T: 150 	 (12000) 	LAP 3
1920.24 s > TEAM: 0 	F: 0 	 (18002) 	S: 2 	 (16001) 	T: 4 	 (16000) 	LAP 4
1920.36 s > TEAM: 1 	F: 159 	 (20006) 	S: 156 	 (16004) 	T: 150 	 (16000) 	LAP 4
2400.24 s > TEAM: 0 	F: 0 	 (22002) 	S: 2 	 (20001) 	T: 4 	 (20000) 	LAP 5
2400.36 s > TEAM: 1 	F: 159 	 (26003) 	S: 156 	 (22002) 	T: 150 	 (20000) 	LAP 5
2880.24 s > TEAM: 0 	F: 0 	 (26002) 	S: 2 	 (24001) 	T: 4 	 (24000) 	LAP 6
2880.60 s > TEAM: 1 	F: 159 	 (32005) 	S: 150 	 (24002) 	T: 152 	 (24000) 	LAP 6
3360.24 s > TEAM: 0 	F: 0 	 (30002) 	S: 2 	 (28001) 	T: 4 	 (28000) 	LAP 7
3360.60 s > TEAM: 1 	F: 159 	 (36010) 	S: 150 	 (28002) 	T: 152 	 (28000) 	LAP 7
3840.24 s > TEAM: 0 	F: 0 	 (36002) 	S: 2 	 (32001) 	T: 4 	 (32000) 	LAP 8
3840.60 s > TEAM: 1 	F: 159 	 (42005) 	S: 150 	 (32002) 	T: 152 	 (32000) 	LAP 8
4320.24 s > TEAM: 0 	F: 0 	 (40004) 	S: 2 	 (36001) 	T: 4 	 (36000) 	LAP 9
4320.60 s > TEAM: 1 	F: 159 	 (48010) 	S: 150 	 (36002) 	T: 152 	 (36000) 	LAP 9
4800.24 s > TEAM: 0 	F: 0 	 (48004) 	S: 2 	 (40002) 	T: 4 	 (40000) 	LAP 10
4800.60 s > TEAM: 1 	F: 159 	 (56010) 	S: 150 	 (40002) 	T: 152 	 (40000) 	LAP 10
5280.24 s > TEAM: 0 	F: 0 	 (54002) 	S: 2 	 (46001) 	T: 4 	 (44000) 	LAP 11
5280.60 s > TEAM: 1 	F: 159 	 (64000) 	S: 150 	 (44002) 	T: 152 	 (44000) 	LAP 11
5760.24 s > TEAM: 0 	F: 0 	 (60002) 	S: 2 	 (50001) 	T: 4 	 (48000) 	LAP 12
5760.60 s > TEAM: 1 	F: 159 	 (64000) 	S: 150 	 (48004) 	T: 152 	 (48000) 	LAP 12
6000.60 s > TEAM: 1 	F: 159 	 (64000) 	S: 150 	 (52002) 	T: 152 	 (52000) 	LAP 13
6240.24 s > TEAM: 0 	F: 0 	 (64000) 	S: 2 	 (54001) 	T: 4 	 (52000) 	LAP 13
6480.60 s > TEAM: 1 	F: 159 	 (64000) 	S: 150 	 (56004) 	T: 152 	 (56000) 	LAP 14
6720.24 s > TEAM: 0 	F: 0 	 (64000) 	S: 2 	 (58001) 	T: 4 	 (56000) 	LAP 14
6960.60 s > TEAM: 1 	F: 159 	 (64000) 	S: 150 	 (63996) 	T: 152 	 (60000) 	LAP 15
7200.24 s > TEAM: 0 	F: 0 	 (64000) 	S: 2 	 (62001) 	T: 4 	 (60000) 	LAP 15
7440.60 s > TEAM: 1 	F: 150 	 (64000) 	S: 152 	 (64000) 	T: 159 	 (64000) 	LAP 16
7680.24 s > TEAM: 0 	F: 0 	 (64000) 	S: 2 	 (64000) 	T: 4 	 (64000) 	LAP 16
Broken Team 0: 5 (1), 7 (2), 9 (13), 11 (4), 14 (12), 19 (11), 27 (1), 33 (7), 35 (13), 36 (2), 37 (15), 38 (4), 40 (4), 41 (3), 42 (3), 44 (13), 46 (8), 49 (10), 50 (6), 56 (3), 59 (1), 65 (1), 67 (2), 70 (5), 73 (6), 79 (5), 
Broken Team 1: 80 (12), 82 (9), 83 (4), 88 (6), 92 (13), 94 (12), 96 (11), 97 (3), 99 (3), 102 (13), 104 (2), 109 (10), 110 (10), 111 (15), 112 (1), 113 (13), 114 (14), 117 (15), 121 (12), 126 (15), 130 (7), 132 (9), 134 (8), 135 (9), 136 (0), 137 (0), 138 (0), 145 (11), 148 (10), 153 (0), 155 (3), 156 (5), 
Finishing order: 159 (5280.03), 0 (6240.03), 150 (6961.11), 2 (7440.15), 152 (7440.63), 149 (7440.75), 158 (7440.75), 154 (7440.99), 4 (7680.27), 1 (7680.39), 3 (7680.51), 6 (7680.63), 8 (7680.99), 157 (7681.11), 24 (7681.23), 81 (7681.35), 10 (7681.47), 84 (7681.59), 12 (7681.71), 147 (7681.71), 13 (7681.83), 85 (7681.83), 16 (7681.95), 86 (7681.95), 17 (7682.19), 18 (7682.31), 87 (7682.31), 120 (7682.43), 20 (7682.55), 151 (7682.55), 22 (7682.67), 89 (7682.67), 23 (7682.79), 91 (7682.79), 25 (7682.91), 21 (7683.03), 15 (7683.15), 93 (7683.15), 26 (7683.27), 116 (7683.27), 28 (7683.39), 115 (7683.39), 29 (7683.51), 31 (7683.63), 95 (7683.63), 32 (7683.75), 30 (7683.87), 34 (7683.99), 98 (7683.99), 90 (7684.11), 101 (7684.47), 39 (7684.59), 105 (7684.71), 100 (7684.83), 103 (7684.95), 43 (7685.07), 106 (7685.07), 107 (7685.19), 108 (7685.43), 47 (7685.55), 45 (7685.67), 48 (7685.79), 51 (7686.15), 52 (7686.27), 54 (7686.39), 123 (7686.39), 55 (7686.51), 146 (7686.63), 53 (7686.75), 119 (7686.75), 58 (7686.87), 122 (7686.87), 57 (7686.99), 124 (7686.99), 60 (7687.11), 144 (7687.11), 125 (7687.23), 61 (7687.35), 62 (7687.47), 127 (7687.47), 63 (7687.59), 118 (7687.59), 129 (7687.71), 64 (7687.83), 66 (7687.95), 131 (7687.95), 68 (7688.07), 141 (7688.07), 128 (7688.19), 69 (7688.31), 72 (7688.43), 133 (7688.43), 71 (7688.67), 74 (7688.91), 75 (7689.03), 139 (7689.03), 77 (7689.15), 78 (7689.27), 140 (7689.27), 142 (7689.39), 76 (7689.51), 143 (7689.51), 
Result: TEAM 1 WIN
