Mode: RANDOM
480.24 s > TEAM: 0 	F: 0 	 (4002) 	S: 1 	 (4001) 	T: 2 	 (4000) 	LAP 1
480.36 s > TEAM: 1 	F: 157 	 (4004) 	S: 80 	 (4001) 	T: 156 	 (4000) 	LAP 1
960.24 s > TEAM: 0 	F: 0 	 (8002) 	S: 1 	 (8001) 	T: 2 	 (8000) 	LAP 2
960.36 s > TEAM: 1 	F: 157 	 (10002) 	S: 80 	 (8001) 	T: 156 	 (8000) 	LAP 2
1440.24 s > TEAM: 0 	F: 0 	 (12004) 	S: 1 	 (12002) 	T: 2 	 (12000) 	LAP 3
1440.36 s > TEAM: 1 	F: 157 	 (14002) 	S: 80 	 (12001) 	T: 156 	 (12000) 	LAP 3
1920.24 s > TEAM: 0 	F: 0 	 (20002) 	S: 1 	 (18001) 	T: 2 	 (16000) 	LAP 4
1920.36 s > TEAM: 1 	F: 157 	 (20004) 	S: 80 	 (16002) 	T: 156 	 (16000) 	LAP 4
2400.24 s > TEAM: 0 	F: 0 	 (24002) 	S: 1 	 (22001) 	T: 2 	 (20000) 	LAP 5
2400.36 s > TEAM: 1 	F: 157 	 (26002) 	S: 80 	 (22001) 	T: 156 	 (20000) 	LAP 5
2880.24 s > TEAM: 0 	F: 0 	 (28004) 	S: 1 	 (26001) 	T: 2 	 (24000) 	LAP 6
2880.36 s > TEAM: 1 	F: 157 	 (30002) 	S: 80 	 (26001) 	T: 156 	 (24000) 	LAP 6
3360.24 s > TEAM: 0 	F: 0 	 (34002) 	S: 1 	 (30001) 	T: 2 	 (28000) 	LAP 7
3360.36 s > TEAM: 1 	F: 157 	 (34002) 	S: 80 	 (30001) 	T: 156 	 (28000) 	LAP 7
3840.24 s > TEAM: 0 	F: 0 	 (38002) 	S: 1 	 (34001) 	T: 2 	 (32000) 	LAP 8
3840.36 s > TEAM: 1 	F: 157 	 (40002) 	S: 80 	 (34001) 	T: 156 	 (32000) 	LAP 8
4320.24 s > TEAM: 0 	F: 0 	 (42002) 	S: 1 	 (38001) 	T: 2 	 (36000) 	LAP 9
4320.36 s > TEAM: 1 	F: 157 	 (44004) 	S: 80 	 (38001) 	T: 156 	 (36000) 	LAP 9
4800.24 s > TEAM: 0 	F: 0 	 (46002) 	S: 1 	 (42001) 	T: 2 	 (40000) 	LAP 10
4800.36 s > TEAM: 1 	F: 157 	 (50000) 	S: 80 	 (44002) 	T: 156 	 (40000) 	LAP 10
5280.24 s > TEAM: 0 	F: 0 	 (52004) 	S: 1 	 (48002) 	T: 2 	 (44000) 	LAP 11
5280.36 s > TEAM: 1 	F: 157 	 (56000) 	S: 80 	 (44409) 	T: 156 	 (44000) 	LAP 11
5520.72 s > TEAM: 0 	F: 0 	 (56002) 	S: 1 	 (52001) 	T: 2 	 (48000) 	LAP 12
5760.60 s > TEAM: 1 	F: 157 	 (60002) 	S: 156 	 (48000) 	T: 81 	 (48000) 	LAP 12
6000.72 s > TEAM: 0 	F: 0 	 (60002) 	S: 1 	 (55998) 	T: 2 	 (52000) 	LAP 13
6240.60 s > TEAM: 1 	F: 157 	 (64000) 	S: 156 	 (52000) 	T: 81 	 (52000) 	LAP 13
6480.72 s > TEAM: 0 	F: 0 	 (64000) 	S: 1 	 (59998) 	T: 2 	 (56000) 	LAP 14
6720.60 s > TEAM: 1 	F: 157 	 (64000) 	S: 156 	 (56001) 	T: 81 	 (56000) 	LAP 14
6840.66 s > TEAM: 0 	F: 0 	 (64000) 	S: 1 	 (62997) 	T: 2 	 (60000) 	LAP 15
6960.72 s > TEAM: 1 	F: 157 	 (64000) 	S: 156 	 (60001) 	T: 81 	 (60000) 	LAP 15
7200.90 s > TEAM: 0 	F: 0 	 (64000) 	S: 1 	 (64000) 	T: 2 	 (64000) 	LAP 16
7440.66 s > TEAM: 1 	F: 81 	 (64000) 	S: 156 	 (64000) 	T: 157 	 (64000) 	LAP 16
Broken Team 0: 4 (14), 5 (10), 6 (11), 11 (2), 14 (0), 15 (5), 18 (1), 21 (14), 24 (8), 30 (4), 31 (3), 32 (1), 38 (1), 39 (15), 41 (10), 42 (6), 44 (8), 50 (1), 58 (9), 59 (10), 62 (3), 64 (1), 69 (1), 76 (5), 77 (2), 79 (5), 
Broken Team 1: 80 (11), 84 (6), 87 (8), 94 (8), 101 (5), 102 (15), 104 (1), 108 (9), 109 (6), 111 (11), 112 (12), 114 (13), 118 (13), 121 (10), 124 (4), 126 (8), 128 (12), 131 (2), 134 (14), 136 (5), 142 (3), 143 (2), 144 (13), 146 (7), 147 (12), 148 (13), 150 (0), 154 (7), 159 (0), 
Finishing order: 157 (6240.33), 0 (6480.45), 1 (6960.99), 2 (7200.93), 156 (7440.57), 81 (7440.69), 3 (7440.99), 158 (7680.75), 7 (7680.87), 82 (7680.87), 155 (7680.87), 9 (7681.11), 83 (7681.11), 8 (7681.23), 10 (7681.35), 85 (7681.35), 12 (7681.47), 153 (7681.47), 86 (7681.59), 13 (7681.83), 88 (7681.83), 89 (7681.95), 16 (7682.07), 151 (7682.19), 17 (7682.31), 90 (7682.31), 19 (7682.43), 91 (7682.43), 20 (7682.55), 92 (7682.55), 93 (7682.67), 22 (7682.79), 23 (7682.91), 95 (7682.91), 96 (7683.03), 25 (7683.15), 97 (7683.15), 26 (7683.27), 98 (7683.27), 27 (7683.39), 99 (7683.39), 28 (7683.51), 100 (7683.51), 29 (7683.63), 103 (7683.87), 33 (7684.11), 105 (7684.11), 34 (7684.23), 106 (7684.23), 35 (7684.35), 107 (7684.35), 36 (7684.47), 37 (7684.59), 110 (7684.71), 40 (7684.95), 113 (7685.07), 43 (7685.31), 115 (7685.31), 116 (7685.43), 45 (7685.55), 117 (7685.55), 46 (7685.67), 149 (7685.67), 47 (7685.79), 48 (7685.91), 119 (7685.91), 49 (7686.03), 120 (7686.03), 51 (7686.15), 122 (7686.27), 53 (7686.39), 123 (7686.39), 52 (7686.51), 55 (7686.63), 125 (7686.63), 56 (7686.75), 57 (7686.87), 127 (7686.87), 54 (7686.99), 129 (7687.11), 60 (7687.23), 130 (7687.23), 132 (7687.47), 63 (7687.59), 133 (7687.71), 65 (7687.83), 61 (7687.95), 137 (7687.95), 66 (7688.07), 135 (7688.07), 67 (7688.19), 138 (7688.19), 68 (7688.31), 139 (7688.31), 140 (7688.43), 70 (7688.55), 141 (7688.55), 72 (7688.67), 73 (7688.79), 74 (7688.91), 75 (7689.03), 145 (7689.03), 78 (7689.27), 71 (7689.39), 152 (7689.51), 
Result: TEAM 0 WIN*
