Mode: RANDOM
480.24 s > TEAM: 0 	F: 1 	 (4002) 	S: 2 	 (4001) 	T: 3 	 (4000) 	LAP 1
480.24 s > TEAM: 1 	F: 159 	 (4004) 	S: 80 	 (4002) 	T: 81 	 (4000) 	LAP 1
720.24 s > TEAM: 1 	F: 159 	 (8002) 	S: 80 	 (8001) 	T: 81 	 (8000) 	LAP 2
960.24 s > TEAM: 0 	F: 1 	 (8002) 	S: 2 	 (8001) 	T: 3 	 (8000) 	LAP 2
1200.24 s > TEAM: 1 	F: 159 	 (12004) 	S: 80 	 (12001) 	T: 81 	 (12000) 	LAP 3
1440.24 s > TEAM: 0 	F: 1 	 (12004) 	S: 2 	 (12002) 	T: 3 	 (12000) 	LAP 3
1680.24 s > TEAM: 0 	F: 1 	 (16004) 	S: 2 	 (16002) 	T: 3 	 (16000) 	LAP 4
1680.36 s > TEAM: 1 	F: 159 	 (18003) 	S: 81 	 (16001) 	T: 117 	 (16000) 	LAP 4
1920.24 s > TEAM: 0 	F: 1 	 (20002) 	S: 2 	 (20001) 	T: 3 	 (20000) 	LAP 5
2160.36 s > TEAM: 1 	F: 159 	 (23999) 	S: 81 	 (20002) 	T: 117 	 (20000) 	LAP 5
2400.00 s > TEAM: 0 	F: 3 	 (27996) 	S: 6 	 (24996) 	T: 1 	 (24000) 	LAP 6
2400.36 s > TEAM: 1 	F: 159 	 (27998) 	S: 81 	 (24002) 	T: 117 	 (24000) 	LAP 6
2880.00 s > TEAM: 0 	F: 3 	 (31998) 	S: 6 	 (28996) 	T: 1 	 (28000) 	LAP 7
2880.36 s > TEAM: 1 	F: 159 	 (31999) 	S: 81 	 (31998) 	T: 117 	 (28000) 	LAP 7
3360.00 s > TEAM: 0 	F: 3 	 (35998) 	S: 6 	 (32996) 	T: 1 	 (32000) 	LAP 8
3360.36 s > TEAM: 1 	F: 159 	 (35999) 	S: 81 	 (35998) 	T: 117 	 (32000) 	LAP 8
3840.00 s > TEAM: 0 	F: 3 	 (39998) 	S: 6 	 (36996) 	T: 1 	 (36000) 	LAP 9
3840.36 s > TEAM: 1 	F: 159 	 (39999) 	S: 81 	 (39998) 	T: 117 	 (36000) 	LAP 9
4320.00 s > TEAM: 0 	F: 3 	 (43998) 	S: 6 	 (40996) 	T: 1 	 (40000) 	LAP 10
4320.36 s > TEAM: 1 	F: 81 	 (47996) 	S: 159 	 (45999) 	T: 117 	 (40000) 	LAP 10
4800.00 s > TEAM: 0 	F: 3 	 (47998) 	S: 6 	 (44996) 	T: 1 	 (44000) 	LAP 11
4800.36 s > TEAM: 1 	F: 81 	 (51998) 	S: 159 	 (49999) 	T: 117 	 (44000) 	LAP 11
5280.00 s > TEAM: 0 	F: 3 	 (55996) 	S: 6 	 (49993) 	T: 1 	 (48000) 	LAP 12
5280.36 s > TEAM: 1 	F: 81 	 (59996) 	S: 159 	 (53999) 	T: 117 	 (48000) 	LAP 12
5520.00 s > TEAM: 0 	F: 3 	 (57998) 	S: 6 	 (52996) 	T: 1 	 (52000) 	LAP 13
5760.36 s > TEAM: 1 	F: 81 	 (64000) 	S: 159 	 (57999) 	T: 117 	 (52000) 	LAP 13
5880.42 s > TEAM: 0 	F: 3 	 (61001) 	S: 1 	 (57003) 	T: 6 	 (56000) 	LAP 14
6240.36 s > TEAM: 1 	F: 81 	 (64000) 	S: 159 	 (61999) 	T: 117 	 (56000) 	LAP 14
6360.42 s > TEAM: 0 	F: 3 	 (64000) 	S: 1 	 (61003) 	T: 6 	 (60000) 	LAP 15
6720.36 s > TEAM: 1 	F: 81 	 (64000) 	S: 159 	 (64000) 	T: 117 	 (60000) 	LAP 15
6840.42 s > TEAM: 0 	F: 1 	 (64000) 	S: 3 	 (64000) 	T: 6 	 (64000) 	LAP 16
6960.36 s > TEAM: 1 	F: 81 	 (64000) 	S: 117 	 (64000) 	T: 159 	 (64000) 	LAP 16
Broken Team 0: 11 (3), 12 (11), 15 (5), 24 (4), 26 (1), 36 (3), 37 (5), 41 (12), 42 (14), 46 (11), 47 (7), 48 (13), 50 (9), 54 (1), 56 (14), 60 (12), 62 (4), 65 (14), 67 (0), 69 (1), 72 (14), 74 (7), 79 (3), 
Broken Team 1: 80 (3), 84 (11), 86 (1), 89 (2), 99 (11), 100 (10), 104 (14), 106 (6), 108 (0), 109 (9), 112 (15), 119 (14), 121 (14), 122 (6), 125 (14), 129 (13), 131 (10), 135 (0), 136 (14), 137 (3), 139 (12), 142 (9), 149 (15), 151 (9), 153 (5), 154 (15), 155 (14), 158 (5), 
Finishing order: 81 (5520.63), 3 (6240.27), 159 (6480.51), 1 (6720.03), 6 (6840.45), 2 (6960.15), 117 (6960.39), 4 (7200.39), 82 (7440.51), 5 (7440.63), 83 (7440.63), 7 (7440.75), 8 (7680.87), 10 (7680.99), 85 (7680.99), 9 (7681.23), 87 (7681.23), 88 (7681.35), 13 (7681.47), 14 (7681.59), 118 (7681.59), 0 (7681.71), 90 (7681.71), 91 (7681.83), 16 (7681.95), 92 (7681.95), 17 (7682.07), 93 (7682.07), 18 (7682.19), 19 (7682.31), 94 (7682.31), 21 (7682.43), 95 (7682.43), 23 (7682.55), 96 (7682.55), 97 (7682.67), 22 (7682.79), 98 (7682.79), 25 (7682.91), 20 (7683.03), 101 (7683.15), 27 (7683.27), 102 (7683.27), 28 (7683.39), 103 (7683.39), 29 (7683.51), 30 (7683.63), 105 (7683.63), 33 (7683.75), 157 (7683.75), 34 (7683.87), 32 (7683.99), 107 (7683.99), 35 (7684.11), 38 (7684.23), 110 (7684.35), 111 (7684.47), 113 (7684.71), 40 (7684.83), 114 (7684.83), 39 (7684.95), 115 (7684.95), 43 (7685.07), 116 (7685.07), 45 (7685.19), 120 (7685.19), 49 (7685.43), 123 (7685.43), 52 (7685.67), 126 (7685.79), 51 (7685.91), 127 (7686.03), 128 (7686.15), 61 (7686.27), 55 (7686.39), 130 (7686.39), 133 (7686.51), 53 (7686.63), 132 (7686.63), 57 (7686.75), 134 (7686.75), 58 (7686.87), 59 (7686.99), 138 (7687.23), 64 (7687.35), 140 (7687.47), 141 (7687.59), 66 (7687.71), 143 (7687.83), 71 (7687.95), 145 (7687.95), 70 (7688.07), 144 (7688.07), 146 (7688.19), 68 (7688.31), 147 (7688.31), 148 (7688.43), 73 (7688.55), 75 (7688.67), 150 (7688.67), 76 (7688.79), 78 (7688.91), 152 (7688.91), 77 (7689.03), 44 (7689.27), 124 (7689.27), 63 (7689.39), 156 (7689.39), 31 (7689.51), 
Result: TEAM 0 WIN*
