Mode: RANDOM
480.24 s > TEAM: 1 	F: 159 	 (4004) 	S: 80 	 (4002) 	T: 158 	 (4000) 	LAP 1
480.36 s > TEAM: 0 	F: 1 	 (4006) 	S: 2 	 (4002) 	T: 4 	 (4000) 	LAP 1
960.24 s > TEAM: 1 	F: 159 	 (10002) 	S: 80 	 (10001) 	T: 158 	 (8000) 	LAP 2
960.36 s > TEAM: 0 	F: 1 	 (10003) 	S: 2 	 (8002) 	T: 4 	 (8000) 	LAP 2
1440.36 s > TEAM: 0 	F: 1 	 (14003) 	S: 2 	 (12002) 	T: 4 	 (12000) 	LAP 3
1440.36 s > TEAM: 1 	F: 80 	 (14002) 	S: 158 	 (12001) 	T: 81 	 (12000) 	LAP 3
1920.36 s > TEAM: 0 	F: 1 	 (20006) 	S: 2 	 (16002) 	T: 4 	 (16000) 	LAP 4
1920.48 s > TEAM: 1 	F: 158 	 (16002) 	S: 81 	 (16001) 	T: 82 	 (16000) 	LAP 4
2400.36 s > TEAM: 0 	F: 1 	 (28006) 	S: 2 	 (20002) 	T: 4 	 (20000) 	LAP 5
2400.48 s > TEAM: 1 	F: 158 	 (20002) 	S: 81 	 (20001) 	T: 82 	 (20000) 	LAP 5
2880.36 s > TEAM: 0 	F: 1 	 (36003) 	S: 2 	 (24002) 	T: 4 	 (24000) 	LAP 6
2880.48 s > TEAM: 1 	F: 158 	 (24002) 	S: 81 	 (24001) 	T: 82 	 (24000) 	LAP 6
3360.36 s > TEAM: 0 	F: 1 	 (40003) 	S: 2 	 (28002) 	T: 4 	 (28000) 	LAP 7
3360.48 s > TEAM: 1 	F: 158 	 (28004) 	S: 81 	 (28001) 	T: 82 	 (28000) 	LAP 7
3840.36 s > TEAM: 0 	F: 1 	 (44006) 	S: 2 	 (32002) 	T: 4 	 (32000) 	LAP 8
3840.48 s > TEAM: 1 	F: 158 	 (36002) 	S: 81 	 (32001) 	T: 82 	 (32000) 	LAP 8
4320.36 s > TEAM: 0 	F: 1 	 (52003) 	S: 2 	 (36002) 	T: 4 	 (36000) 	LAP 9
4320.48 s > TEAM: 1 	F: 158 	 (40002) 	S: 81 	 (36001) 	T: 82 	 (36000) 	LAP 9
4800.36 s > TEAM: 0 	F: 1 	 (56003) 	S: 2 	 (40002) 	T: 4 	 (40000) 	LAP 10
4800.48 s > TEAM: 1 	F: 158 	 (44002) 	S: 81 	 (40001) 	T: 82 	 (40000) 	LAP 10
5280.36 s > TEAM: 0 	F: 1 	 (60003) 	S: 2 	 (44002) 	T: 4 	 (44000) 	LAP 11
5280.48 s > TEAM: 1 	F: 158 	 (48002) 	S: 81 	 (44001) 	T: 82 	 (44000) 	LAP 11
5760.36 s > TEAM: 0 	F: 1 	 (64000) 	S: 2 	 (48002) 	T: 4 	 (48000) 	LAP 12
5760.48 s > TEAM: 1 	F: 158 	 (52004) 	S: 81 	 (48001) 	T: 82 	 (48000) 	LAP 12
6240.48 s > TEAM: 1 	F: 158 	 (60002) 	S: 81 	 (52001) 	T: 82 	 (52000) 	LAP 13
6240.60 s > TEAM: 0 	F: 1 	 (64000) 	S: 4 	 (52004) 	T: 5 	 (52000) 	LAP 13
6720.48 s > TEAM: 1 	F: 158 	 (64000) 	S: 81 	 (56001) 	T: 82 	 (56000) 	LAP 14
6720.60 s > TEAM: 0 	F: 1 	 (64000) 	S: 4 	 (60002) 	T: 5 	 (56000) 	LAP 14
7200.48 s > TEAM: 1 	F: 158 	 (64000) 	S: 81 	 (60001) 	T: 82 	 (60000) 	LAP 15
7200.60 s > TEAM: 0 	F: 1 	 (64000) 	S: 4 	 (64000) 	T: 5 	 (60000) 	LAP 15
7680.48 s > TEAM: 1 	F: 81 	 (64000) 	S: 82 	 (64000) 	T: 158 	 (64000) 	LAP 16
7680.60 s > TEAM: 0 	F: 1 	 (64000) 	S: 4 	 (64000) 	T: 5 	 (64000) 	LAP 16
Broken Team 0: 0 (7), 2 (12), 3 (0), 7 (10), 20 (6), 22 (11), 23 (8), 30 (5), 31 (0), 42 (12), 45 (11), 46 (5), 51 (14), 55 (2), 58 (1), 61 (2), 67 (13), 68 (15), 73 (10), 74 (9), 75 (2), 78 (13), 
Broken Team 1: 80 (3), 83 (11), 86 (2), 88 (0), 95 (0), 96 (3), 102 (9), 106 (12), 107 (3), 108 (6), 109 (7), 111 (14), 112 (1), 118 (8), 119 (13), 120 (15), 123 (4), 125 (4), 131 (1), 134 (8), 136 (10), 138 (12), 141 (13), 142 (3), 152 (3), 156 (5), 157 (3), 159 (2), 
Finishing order: 1 (5760.03), 158 (6720.27), 4 (7200.39), 81 (7680.39), 82 (7680.51), 5 (7680.63), 6 (7680.75), 84 (7680.87), 8 (7680.99), 85 (7680.99), 9 (7681.11), 10 (7681.23), 11 (7681.35), 87 (7681.35), 12 (7681.47), 13 (7681.59), 89 (7681.59), 14 (7681.71), 154 (7681.71), 15 (7681.83), 90 (7681.83), 16 (7681.95), 91 (7681.95), 17 (7682.07), 92 (7682.07), 18 (7682.19), 94 (7682.19), 19 (7682.31), 93 (7682.31), 21 (7682.55), 97 (7682.67), 24 (7682.79), 98 (7682.79), 99 (7682.91), 26 (7683.03), 100 (7683.03), 25 (7683.15), 101 (7683.15), 28 (7683.27), 155 (7683.27), 27 (7683.39), 29 (7683.51), 103 (7683.51), 104 (7683.63), 32 (7683.75), 105 (7683.75), 33 (7683.87), 34 (7684.11), 153 (7684.11), 35 (7684.23), 36 (7684.35), 110 (7684.35), 38 (7684.47), 150 (7684.47), 37 (7684.59), 39 (7684.71), 40 (7684.83), 114 (7684.83), 113 (7684.95), 41 (7685.07), 115 (7685.19), 43 (7685.31), 116 (7685.31), 47 (7685.43), 117 (7685.43), 48 (7685.67), 49 (7685.79), 44 (7685.91), 121 (7685.91), 52 (7686.03), 122 (7686.15), 50 (7686.27), 53 (7686.39), 124 (7686.39), 56 (7686.63), 149 (7686.63), 54 (7686.75), 126 (7686.75), 148 (7686.87), 57 (7686.99), 143 (7686.99), 59 (7687.11), 127 (7687.11), 60 (7687.23), 128 (7687.23), 129 (7687.35), 62 (7687.47), 130 (7687.47), 64 (7687.59), 133 (7687.59), 63 (7687.71), 132 (7687.71), 65 (7687.83), 66 (7687.95), 137 (7688.07), 69 (7688.19), 135 (7688.19), 71 (7688.43), 139 (7688.43), 70 (7688.55), 140 (7688.55), 72 (7688.91), 151 (7688.91), 77 (7689.15), 144 (7689.15), 145 (7689.27), 76 (7689.39), 146 (7689.39), 79 (7689.51), 147 (7689.51), 
Result: TEAM 1 WIN
