Mode: RANDOM
480.24 s > TEAM: 0 	F: 0 	 (4004) 	S: 2 	 (4002) 	T: 1 	 (4000) 	LAP 1
480.24 s > TEAM: 1 	F: 159 	 (4002) 	S: 157 	 (4001) 	T: 158 	 (4000) 	LAP 1
720.24 s > TEAM: 0 	F: 0 	 (8004) 	S: 2 	 (8001) 	T: 1 	 (8000) 	LAP 2
960.24 s > TEAM: 1 	F: 159 	 (8002) 	S: 157 	 (8001) 	T: 158 	 (8000) 	LAP 2
1200.24 s > TEAM: 0 	F: 0 	 (14002) 	S: 2 	 (12001) 	T: 1 	 (12000) 	LAP 3
1440.24 s > TEAM: 1 	F: 159 	 (12002) 	S: 157 	 (12001) 	T: 158 	 (12000) 	LAP 3
1680.24 s > TEAM: 0 	F: 0 	 (19999) 	S: 2 	 (16002) 	T: 1 	 (16000) 	LAP 4
1920.24 s > TEAM: 1 	F: 159 	 (16004) 	S: 157 	 (16001) 	T: 158 	 (16000) 	LAP 4
2160.24 s > TEAM: 0 	F: 2 	 (23999) 	S: 0 	 (23998) 	T: 1 	 (20000) 	LAP 5
2400.24 s > TEAM: 1 	F: 159 	 (22002) 	S: 157 	 (20001) 	T: 158 	 (20000) 	LAP 5
2640.24 s > TEAM: 0 	F: 0 	 (27998) 	S: 2 	 (24189) 	T: 1 	 (24000) 	LAP 6
2880.36 s > TEAM: 1 	F: 159 	 (27998) 	S: 157 	 (24004) 	T: 80 	 (24000) 	LAP 6
3120.36 s > TEAM: 1 	F: 159 	 (31997) 	S: 157 	 (28004) 	T: 80 	 (28000) 	LAP 7
3360.36 s > TEAM: 1 	F: 159 	 (35997) 	S: 157 	 (32002) 	T: 80 	 (32000) 	LAP 8
3360.48 s > TEAM: 0 	F: 0 	 (36000) 	S: 1 	 (30002) 	T: 5 	 (28000) 	LAP 7
3600.72 s > TEAM: 1 	F: 159 	 (38001) 	S: 80 	 (36001) 	T: 81 	 (36000) 	LAP 9
3840.48 s > TEAM: 0 	F: 0 	 (40000) 	S: 1 	 (34002) 	T: 5 	 (32000) 	LAP 8
4080.72 s > TEAM: 1 	F: 159 	 (42001) 	S: 80 	 (41999) 	T: 81 	 (40000) 	LAP 10
4320.48 s > TEAM: 0 	F: 0 	 (45998) 	S: 1 	 (39997) 	T: 5 	 (36000) 	LAP 9
4560.72 s > TEAM: 1 	F: 159 	 (46001) 	S: 80 	 (45999) 	T: 81 	 (44000) 	LAP 11
4800.48 s > TEAM: 0 	F: 0 	 (49998) 	S: 1 	 (43997) 	T: 5 	 (40000) 	LAP 10
5040.72 s > TEAM: 1 	F: 159 	 (51998) 	S: 80 	 (49999) 	T: 81 	 (48000) 	LAP 12
5280.48 s > TEAM: 0 	F: 0 	 (55996) 	S: 1 	 (47997) 	T: 5 	 (44000) 	LAP 11
5280.72 s > TEAM: 1 	F: 80 	 (53998) 	S: 159 	 (53996) 	T: 81 	 (52000) 	LAP 13
5760.48 s > TEAM: 0 	F: 0 	 (59996) 	S: 1 	 (53997) 	T: 5 	 (48000) 	LAP 12
5760.72 s > TEAM: 1 	F: 80 	 (58998) 	S: 159 	 (57997) 	T: 81 	 (56000) 	LAP 14
6240.48 s > TEAM: 0 	F: 0 	 (63996) 	S: 1 	 (57997) 	T: 5 	 (52000) 	LAP 13
6240.72 s > TEAM: 1 	F: 80 	 (62998) 	S: 159 	 (60200) 	T: 81 	 (60000) 	LAP 15
6720.48 s > TEAM: 0 	F: 0 	 (64000) 	S: 1 	 (61997) 	T: 5 	 (56000) 	LAP 14
7200.48 s > TEAM: 0 	F: 0 	 (64000) 	S: 1 	 (64000) 	T: 5 	 (60000) 	LAP 15
7680.48 s > TEAM: 0 	F: 0 	 (64000) 	S: 1 	 (64000) 	T: 5 	 (64000) 	LAP 16
7680.60 s > TEAM: 1 	F: 80 	 (64000) 	S: 81 	 (64000) 	T: 84 	 (64000) 	LAP 16
Broken Team 0: 2 (6), 3 (0), 12 (7), 16 (1), 17 (2), 19 (9), 22 (11), 24 (15), 25 (12), 30 (0), 31 (1), 34 (4), 36 (12), 37 (12), 40 (4), 44 (7), 45 (14), 47 (3), 51 (13), 53 (8), 55 (9), 63 (12), 64 (14), 71 (8), 73 (11), 74 (7), 76 (3), 
Broken Team 1: 83 (13), 85 (4), 95 (7), 98 (12), 100 (10), 101 (8), 103 (15), 106 (0), 107 (4), 110 (5), 111 (11), 113 (4), 118 (6), 119 (6), 122 (8), 123 (15), 126 (14), 128 (10), 131 (5), 132 (2), 134 (10), 139 (5), 146 (5), 153 (1), 154 (14), 155 (9), 156 (10), 157 (15), 158 (5), 159 (15), 
Finishing order: 0 (6240.99), 80 (6360.93), 81 (6720.75), 1 (6840.81), 5 (7680.51), 7 (7680.63), 84 (7680.63), 6 (7680.75), 82 (7680.75), 4 (7680.87), 8 (7680.99), 9 (7681.11), 86 (7681.11), 10 (7681.23), 145 (7681.23), 11 (7681.35), 87 (7681.35), 88 (7681.47), 13 (7681.59), 89 (7681.59), 14 (7681.71), 109 (7681.71), 15 (7681.83), 90 (7681.83), 92 (7681.95), 18 (7682.07), 94 (7682.07), 91 (7682.19), 20 (7682.43), 96 (7682.43), 21 (7682.55), 97 (7682.55), 23 (7682.79), 112 (7682.79), 26 (7683.03), 27 (7683.27), 28 (7683.39), 93 (7683.39), 29 (7683.51), 105 (7683.51), 102 (7683.63), 65 (7683.75), 32 (7683.87), 99 (7683.87), 108 (7683.99), 33 (7684.11), 104 (7684.23), 35 (7684.35), 115 (7684.35), 38 (7684.59), 39 (7684.71), 114 (7684.83), 117 (7684.95), 41 (7685.07), 42 (7685.19), 43 (7685.31), 120 (7685.43), 46 (7685.55), 125 (7685.67), 124 (7685.79), 49 (7685.91), 121 (7685.91), 48 (7686.03), 116 (7686.03), 127 (7686.15), 50 (7686.27), 54 (7686.51), 130 (7686.51), 52 (7686.63), 129 (7686.63), 56 (7686.87), 57 (7686.99), 58 (7687.11), 133 (7687.11), 60 (7687.23), 135 (7687.23), 59 (7687.35), 136 (7687.35), 61 (7687.47), 137 (7687.47), 138 (7687.59), 67 (7687.71), 140 (7687.71), 62 (7687.83), 68 (7687.95), 142 (7687.95), 69 (7688.07), 141 (7688.07), 70 (7688.19), 144 (7688.31), 72 (7688.43), 147 (7688.43), 143 (7688.55), 148 (7688.67), 75 (7688.79), 150 (7688.79), 151 (7688.91), 77 (7689.15), 79 (7689.27), 149 (7689.27), 66 (7689.39), 78 (7689.51), 152 (7689.51), 
Result: TEAM 1 WIN*
