Mode: RANDOM
480.24 s > TEAM: 0 	F: 0 	 (4004) 	S: 1 	 (4001) 	T: 2 	 (4000) 	LAP 1
480.36 s > TEAM: 1 	F: 158 	 (4004) 	S: 80 	 (4002) 	T: 156 	 (4000) 	LAP 1
960.24 s > TEAM: 0 	F: 0 	 (10002) 	S: 1 	 (8001) 	T: 2 	 (8000) 	LAP 2
960.36 s > TEAM: 1 	F: 80 	 (12002) 	S: 158 	 (12002) 	T: 156 	 (8000) 	LAP 2
1440.24 s > TEAM: 0 	F: 0 	 (16004) 	S: 1 	 (12002) 	T: 2 	 (12000) 	LAP 3
1440.36 s > TEAM: 1 	F: 80 	 (20001) 	S: 158 	 (16004) 	T: 156 	 (12000) 	LAP 3
1920.24 s > TEAM: 0 	F: 0 	 (22002) 	S: 1 	 (20002) 	T: 2 	 (16000) 	LAP 4
1920.36 s > TEAM: 1 	F: 158 	 (24004) 	S: 80 	 (24001) 	T: 156 	 (16000) 	LAP 4
2400.24 s > TEAM: 0 	F: 0 	 (28004) 	S: 1 	 (28002) 	T: 2 	 (20000) 	LAP 5
2400.36 s > TEAM: 1 	F: 158 	 (30002) 	S: 80 	 (28001) 	T: 156 	 (20000) 	LAP 5
2640.24 s > TEAM: 0 	F: 0 	 (32002) 	S: 1 	 (32001) 	T: 2 	 (24000) 	LAP 6
2880.36 s > TEAM: 1 	F: 158 	 (36000) 	S: 80 	 (32001) 	T: 156 	 (24000) 	LAP 6
3120.24 s > TEAM: 0 	F: 0 	 (36002) 	S: 1 	 (36001) 	T: 2 	 (28000) 	LAP 7
3360.36 s > TEAM: 1 	F: 158 	 (40000) 	S: 80 	 (36001) 	T: 156 	 (28000) 	LAP 7
3600.24 s > TEAM: 0 	F: 0 	 (40004) 	S: 1 	 (40001) 	T: 2 	 (32000) 	LAP 8
3840.36 s > TEAM: 1 	F: 158 	 (44000) 	S: 80 	 (40001) 	T: 156 	 (32000) 	LAP 8
4080.24 s > TEAM: 0 	F: 0 	 (47999) 	S: 1 	 (44001) 	T: 2 	 (36000) 	LAP 9
4320.36 s > TEAM: 1 	F: 158 	 (47999) 	S: 80 	 (44001) 	T: 156 	 (36000) 	LAP 9
4560.24 s > TEAM: 0 	F: 0 	 (51999) 	S: 1 	 (48001) 	T: 2 	 (40000) 	LAP 10
4800.36 s > TEAM: 1 	F: 158 	 (51999) 	S: 80 	 (48001) 	T: 156 	 (40000) 	LAP 10
5040.24 s > TEAM: 0 	F: 0 	 (55999) 	S: 1 	 (52001) 	T: 2 	 (44000) 	LAP 11
5280.36 s > TEAM: 1 	F: 158 	 (55999) 	S: 80 	 (52001) 	T: 156 	 (44000) 	LAP 11
5520.24 s > TEAM: 0 	F: 0 	 (59999) 	S: 1 	 (56001) 	T: 2 	 (48000) 	LAP 12
5760.36 s > TEAM: 1 	F: 158 	 (59999) 	S: 80 	 (56001) 	T: 156 	 (48000) 	LAP 12
6000.24 s > TEAM: 0 	F: 0 	 (63999) 	S: 1 	 (60002) 	T: 2 	 (52000) 	LAP 13
6240.24 s > TEAM: 0 	F: 0 	 (64000) 	S: 1 	 (64000) 	T: 2 	 (56000) 	LAP 14
6240.36 s > TEAM: 1 	F: 158 	 (63999) 	S: 80 	 (60001) 	T: 156 	 (52000) 	LAP 13
6480.24 s > TEAM: 0 	F: 0 	 (64000) 	S: 1 	 (64000) 	T: 2 	 (60000) 	LAP 15
6720.24 s > TEAM: 0 	F: 0 	 (64000) 	S: 1 	 (64000) 	T: 2 	 (64000) 	LAP 16
6720.36 s > TEAM: 1 	F: 80 	 (64000) 	S: 158 	 (64000) 	T: 156 	 (56000) 	LAP 14
7200.36 s > TEAM: 1 	F: 80 	 (64000) 	S: 158 	 (64000) 	T: 156 	 (60000) 	LAP 15
7440.36 s > TEAM: 1 	F: 80 	 (64000) 	S: 156 	 (64000) 	T: 158 	 (64000) 	LAP 16
Broken Team 0: 4 (8), 6 (3), 8 (1), 11 (15), 13 (1), 22 (8), 23 (2), 27 (6), 30 (5), 31 (6), 38 (6), 40 (1), 42 (11), 48 (7), 49 (5), 53 (5), 55 (2), 60 (3), 61 (1), 69 (5), 
Broken Team 1: 82 (15), 83 (0), 87 (6), 90 (12), 92 (6), 94 (15), 96 (15), 97 (0), 100 (3), 102 (7), 104 (6), 111 (1), 114 (15), 117 (2), 118 (11), 128 (2), 129 (10), 134 (11), 149 (4), 150 (11), 153 (7), 154 (1), 155 (11), 157 (3), 159 (0), 
Finishing order: 0 (6000.33), 1 (6240.15), 158 (6240.51), 2 (6720.27), 80 (6720.27), 156 (7440.39), 81 (7440.51), 3 (7680.63), 5 (7680.75), 7 (7680.87), 84 (7680.87), 85 (7680.99), 9 (7681.11), 86 (7681.11), 10 (7681.23), 12 (7681.35), 88 (7681.35), 89 (7681.47), 14 (7681.71), 91 (7681.71), 15 (7681.83), 16 (7681.95), 93 (7681.95), 17 (7682.07), 18 (7682.19), 95 (7682.19), 19 (7682.31), 20 (7682.43), 21 (7682.55), 98 (7682.55), 99 (7682.67), 24 (7682.91), 25 (7683.03), 101 (7683.03), 26 (7683.15), 103 (7683.15), 28 (7683.39), 105 (7683.39), 29 (7683.51), 106 (7683.51), 107 (7683.63), 108 (7683.75), 32 (7683.87), 110 (7683.87), 34 (7683.99), 109 (7683.99), 37 (7684.11), 33 (7684.23), 112 (7684.23), 39 (7684.47), 115 (7684.47), 36 (7684.59), 116 (7684.59), 113 (7684.71), 35 (7684.83), 43 (7684.95), 119 (7685.07), 41 (7685.19), 120 (7685.19), 44 (7685.31), 121 (7685.31), 45 (7685.43), 124 (7685.43), 46 (7685.55), 125 (7685.55), 47 (7685.67), 123 (7685.67), 126 (7685.79), 50 (7685.91), 122 (7685.91), 51 (7686.03), 127 (7686.03), 52 (7686.27), 130 (7686.39), 54 (7686.51), 131 (7686.51), 133 (7686.63), 56 (7686.75), 57 (7686.87), 135 (7686.87), 132 (7686.99), 59 (7687.11), 137 (7687.11), 136 (7687.23), 58 (7687.35), 138 (7687.35), 62 (7687.47), 139 (7687.47), 63 (7687.59), 140 (7687.59), 64 (7687.71), 141 (7687.71), 66 (7687.83), 142 (7687.83), 67 (7687.95), 143 (7687.95), 65 (7688.07), 144 (7688.07), 68 (7688.19), 145 (7688.19), 148 (7688.31), 70 (7688.43), 146 (7688.43), 71 (7688.55), 147 (7688.55), 72 (7688.67), 151 (7688.67), 73 (7688.79), 75 (7688.91), 152 (7688.91), 76 (7689.03), 79 (7689.15), 77 (7689.27), 78 (7689.39), 74 (7689.51), 
Result: TEAM 0 WIN*
