Mode: RANDOM
480.24 s > TEAM: 0 	F: 0 	 (4002) 	S: 1 	 (4001) 	T: 2 	 (4000) 	LAP 1
480.24 s > TEAM: 1 	F: 159 	 (4004) 	S: 80 	 (4002) 	T: 81 	 (4000) 	LAP 1
960.24 s > TEAM: 0 	F: 0 	 (8004) 	S: 1 	 (8001) 	T: 2 	 (8000) 	LAP 2
960.24 s > TEAM: 1 	F: 80 	 (10003) 	S: 159 	 (10002) 	T: 81 	 (8000) 	LAP 2
1440.24 s > TEAM: 0 	F: 0 	 (16004) 	S: 1 	 (12002) 	T: 2 	 (12000) 	LAP 3
1440.24 s > TEAM: 1 	F: 80 	 (15001) 	S: 159 	 (14002) 	T: 81 	 (12000) 	LAP 3
1920.24 s > TEAM: 0 	F: 0 	 (24004) 	S: 1 	 (20001) 	T: 2 	 (16000) 	LAP 4
1920.24 s > TEAM: 1 	F: 80 	 (19001) 	S: 159 	 (18002) 	T: 81 	 (16000) 	LAP 4
2400.24 s > TEAM: 0 	F: 0 	 (30002) 	S: 1 	 (24001) 	T: 2 	 (20000) 	LAP 5
2400.24 s > TEAM: 1 	F: 80 	 (25001) 	S: 159 	 (24002) 	T: 81 	 (20000) 	LAP 5
2880.24 s > TEAM: 0 	F: 0 	 (34002) 	S: 1 	 (28001) 	T: 2 	 (24000) 	LAP 6
2880.24 s > TEAM: 1 	F: 80 	 (30003) 	S: 159 	 (28002) 	T: 81 	 (24000) 	LAP 6
3360.24 s > TEAM: 0 	F: 0 	 (40002) 	S: 1 	 (32001) 	T: 2 	 (28000) 	LAP 7
3360.24 s > TEAM: 1 	F: 80 	 (38003) 	S: 159 	 (32002) 	T: 81 	 (28000) 	LAP 7
3840.24 s > TEAM: 0 	F: 0 	 (44004) 	S: 1 	 (36001) 	T: 2 	 (32000) 	LAP 8
3840.24 s > TEAM: 1 	F: 80 	 (46003) 	S: 159 	 (36004) 	T: 81 	 (32000) 	LAP 8
4080.24 s > TEAM: 1 	F: 80 	 (50003) 	S: 159 	 (40004) 	T: 81 	 (36000) 	LAP 9
4320.24 s > TEAM: 0 	F: 0 	 (50002) 	S: 1 	 (40001) 	T: 2 	 (36000) 	LAP 9
4560.24 s > TEAM: 1 	F: 80 	 (55999) 	S: 159 	 (46002) 	T: 81 	 (40000) 	LAP 10
4800.24 s > TEAM: 0 	F: 0 	 (50218) 	S: 1 	 (44002) 	T: 2 	 (40000) 	LAP 10
5040.24 s > TEAM: 0 	F: 0 	 (50218) 	S: 1 	 (48002) 	T: 2 	 (44000) 	LAP 11
5040.24 s > TEAM: 1 	F: 80 	 (59999) 	S: 159 	 (50002) 	T: 81 	 (44000) 	LAP 11
5280.24 s > TEAM: 0 	F: 1 	 (52001) 	S: 0 	 (50218) 	T: 2 	 (48000) 	LAP 12
5520.24 s > TEAM: 1 	F: 80 	 (63999) 	S: 159 	 (54002) 	T: 81 	 (48000) 	LAP 12
5760.30 s > TEAM: 0 	F: 1 	 (56003) 	S: 2 	 (52001) 	T: 3 	 (52000) 	LAP 13
6000.24 s > TEAM: 1 	F: 80 	 (64000) 	S: 159 	 (60004) 	T: 81 	 (52000) 	LAP 13
6000.30 s > TEAM: 0 	F: 1 	 (60001) 	S: 2 	 (56000) 	T: 3 	 (56000) 	LAP 14
6240.42 s > TEAM: 1 	F: 80 	 (64000) 	S: 159 	 (64000) 	T: 81 	 (56000) 	LAP 14
6480.30 s > TEAM: 0 	F: 1 	 (64000) 	S: 2 	 (60001) 	T: 3 	 (60000) 	LAP 15
6600.30 s > TEAM: 1 	F: 80 	 (64000) 	S: 159 	 (64000) 	T: 81 	 (60000) 	LAP 15
6720.36 s > TEAM: 0 	F: 1 	 (64000) 	S: 2 	 (64000) 	T: 3 	 (64000) 	LAP 16
7200.66 s > TEAM: 1 	F: 80 	 (64000) 	S: 156 	 (64000) 	T: 159 	 (64000) 	LAP 16
Broken Team 0: 0 (12), 4 (10), 11 (12), 13 (6), 14 (2), 15 (8), 17 (15), 19 (4), 20 (2), 21 (5), 23 (0), 27 (0), 33 (7), 36 (11), 37 (0), 39 (11), 41 (4), 50 (5), 51 (15), 53 (1), 56 (7), 59 (6), 61 (2), 62 (4), 66 (5), 68 (1), 70 (8), 73 (2), 77 (2), 
Broken Team 1: 81 (15), 82 (5), 88 (12), 91 (12), 92 (14), 93 (3), 95 (7), 96 (7), 98 (14), 105 (0), 108 (8), 110 (9), 111 (12), 116 (11), 117 (9), 119 (14), 122 (5), 127 (4), 132 (11), 133 (14), 136 (2), 145 (3), 147 (0), 148 (4), 149 (13), 150 (1), 157 (3), 
Finishing order: 80 (5520.39), 159 (6240.39), 1 (6480.15), 2 (6720.27), 3 (6720.39), 156 (7200.69), 5 (7440.63), 155 (7440.63), 6 (7680.75), 158 (7680.75), 7 (7680.87), 8 (7680.99), 83 (7680.99), 9 (7681.11), 10 (7681.23), 84 (7681.23), 154 (7681.35), 12 (7681.47), 130 (7681.47), 85 (7681.59), 86 (7681.71), 16 (7681.83), 129 (7681.83), 87 (7681.95), 32 (7682.19), 153 (7682.19), 18 (7682.31), 89 (7682.31), 90 (7682.43), 35 (7682.79), 22 (7682.91), 94 (7682.91), 25 (7683.15), 24 (7683.27), 97 (7683.39), 28 (7683.51), 99 (7683.51), 29 (7683.63), 100 (7683.63), 26 (7683.75), 101 (7683.75), 30 (7683.87), 31 (7683.99), 102 (7683.99), 34 (7684.11), 106 (7684.23), 103 (7684.35), 38 (7684.47), 107 (7684.47), 109 (7684.71), 40 (7684.83), 42 (7684.95), 43 (7685.07), 104 (7685.07), 44 (7685.19), 113 (7685.19), 45 (7685.31), 114 (7685.31), 46 (7685.43), 112 (7685.43), 47 (7685.55), 115 (7685.55), 49 (7685.67), 48 (7685.79), 118 (7685.79), 54 (7686.15), 120 (7686.15), 121 (7686.39), 52 (7686.51), 58 (7686.63), 151 (7686.63), 60 (7686.75), 124 (7686.75), 55 (7686.87), 123 (7686.87), 126 (7686.99), 125 (7687.23), 63 (7687.35), 128 (7687.35), 64 (7687.47), 131 (7687.47), 67 (7687.59), 134 (7687.59), 135 (7687.71), 69 (7687.83), 138 (7687.95), 140 (7688.07), 71 (7688.19), 139 (7688.19), 72 (7688.31), 142 (7688.31), 75 (7688.43), 143 (7688.43), 65 (7688.55), 144 (7688.55), 76 (7688.67), 137 (7688.67), 78 (7688.91), 141 (7688.91), 79 (7689.15), 146 (7689.15), 57 (7689.39), 74 (7689.51), 152 (7689.51), 
Result: TEAM 0 WIN*
