Mode: RANDOM
480.24 s > TEAM: 0 	F: 0 	 (4004) 	S: 43 	 (4001) 	T: 44 	 (4000) 	LAP 1
480.24 s > TEAM: 1 	F: 159 	 (4002) 	S: 158 	 (4001) 	T: 80 	 (4000) 	LAP 1
960.24 s > TEAM: 0 	F: 0 	 (10002) 	S: 43 	 (8001) 	T: 44 	 (8000) 	LAP 2
960.24 s > TEAM: 1 	F: 159 	 (8004) 	S: 158 	 (8002) 	T: 80 	 (8000) 	LAP 2
1440.24 s > TEAM: 0 	F: 0 	 (16002) 	S: 43 	 (12001) 	T: 44 	 (12000) 	LAP 3
1440.24 s > TEAM: 1 	F: 158 	 (16002) 	S: 159 	 (14002) 	T: 80 	 (12000) 	LAP 3
1920.24 s > TEAM: 0 	F: 0 	 (20004) 	S: 43 	 (16001) 	T: 44 	 (16000) 	LAP 4
1920.24 s > TEAM: 1 	F: 158 	 (22001) 	S: 159 	 (20002) 	T: 80 	 (16000) 	LAP 4
2400.24 s > TEAM: 0 	F: 0 	 (28000) 	S: 43 	 (20001) 	T: 44 	 (20000) 	LAP 5
2400.24 s > TEAM: 1 	F: 158 	 (26001) 	S: 159 	 (24002) 	T: 80 	 (20000) 	LAP 5
2880.24 s > TEAM: 0 	F: 0 	 (32000) 	S: 43 	 (24001) 	T: 44 	 (24000) 	LAP 6
2880.24 s > TEAM: 1 	F: 158 	 (32002) 	S: 159 	 (28002) 	T: 80 	 (24000) 	LAP 6
3360.24 s > TEAM: 0 	F: 0 	 (38000) 	S: 43 	 (28001) 	T: 44 	 (28000) 	LAP 7
3360.24 s > TEAM: 1 	F: 158 	 (39999) 	S: 159 	 (32002) 	T: 80 	 (28000) 	LAP 7
3840.24 s > TEAM: 0 	F: 0 	 (42000) 	S: 43 	 (32001) 	T: 44 	 (32000) 	LAP 8
3840.24 s > TEAM: 1 	F: 158 	 (43999) 	S: 159 	 (36002) 	T: 80 	 (32000) 	LAP 8
4320.24 s > TEAM: 0 	F: 0 	 (48000) 	S: 43 	 (36002) 	T: 44 	 (36000) 	LAP 9
4320.24 s > TEAM: 1 	F: 158 	 (47999) 	S: 159 	 (40002) 	T: 80 	 (36000) 	LAP 9
4800.24 s > TEAM: 0 	F: 0 	 (52000) 	S: 43 	 (40397) 	T: 44 	 (40000) 	LAP 10
4800.24 s > TEAM: 1 	F: 158 	 (53999) 	S: 159 	 (44004) 	T: 80 	 (40000) 	LAP 10
5280.24 s > TEAM: 1 	F: 158 	 (57132) 	S: 159 	 (49999) 	T: 80 	 (44000) 	LAP 11
5280.48 s > TEAM: 0 	F: 0 	 (56004) 	S: 44 	 (44002) 	T: 2 	 (44000) 	LAP 11
5760.24 s > TEAM: 1 	F: 158 	 (57132) 	S: 159 	 (53999) 	T: 80 	 (48000) 	LAP 12
5760.48 s > TEAM: 0 	F: 0 	 (59390) 	S: 44 	 (48002) 	T: 2 	 (48000) 	LAP 12
6240.24 s > TEAM: 1 	F: 159 	 (57999) 	S: 158 	 (57132) 	T: 80 	 (52000) 	LAP 13
6240.60 s > TEAM: 0 	F: 0 	 (59390) 	S: 44 	 (52003) 	T: 1 	 (52000) 	LAP 13
6720.24 s > TEAM: 1 	F: 159 	 (61999) 	S: 158 	 (57132) 	T: 80 	 (56000) 	LAP 14
6720.60 s > TEAM: 0 	F: 0 	 (59390) 	S: 44 	 (56006) 	T: 1 	 (56000) 	LAP 14
6960.84 s > TEAM: 0 	F: 1 	 (60002) 	S: 3 	 (60002) 	T: 4 	 (60000) 	LAP 15
7200.48 s > TEAM: 1 	F: 159 	 (64000) 	S: 80 	 (60004) 	T: 82 	 (60000) 	LAP 15
7200.96 s > TEAM: 0 	F: 3 	 (64000) 	S: 4 	 (64000) 	T: 6 	 (64000) 	LAP 16
7440.48 s > TEAM: 1 	F: 80 	 (64000) 	S: 82 	 (64000) 	T: 159 	 (64000) 	LAP 16
Broken Team 0: 0 (14), 2 (12), 5 (11), 8 (14), 10 (3), 12 (13), 16 (15), 17 (1), 20 (3), 22 (3), 23 (14), 24 (1), 25 (1), 26 (2), 27 (8), 30 (0), 36 (12), 40 (1), 41 (9), 42 (1), 43 (10), 44 (14), 45 (4), 46 (5), 49 (4), 53 (14), 56 (4), 57 (4), 59 (4), 60 (8), 63 (4), 66 (7), 69 (5), 71 (5), 73 (7), 79 (9), 
Broken Team 1: 81 (11), 83 (4), 86 (14), 87 (10), 89 (15), 91 (14), 95 (7), 99 (11), 100 (14), 101 (4), 105 (4), 106 (1), 107 (7), 110 (13), 112 (14), 114 (5), 119 (13), 123 (4), 127 (1), 130 (7), 134 (9), 140 (3), 141 (5), 142 (14), 143 (11), 148 (4), 157 (7), 158 (14), 
Finishing order: 159 (6960.39), 3 (7200.75), 4 (7200.87), 6 (7200.99), 80 (7440.27), 82 (7440.51), 1 (7440.63), 84 (7680.75), 85 (7680.87), 88 (7681.23), 7 (7681.35), 9 (7681.47), 90 (7681.47), 92 (7681.83), 11 (7681.95), 94 (7681.95), 13 (7682.07), 93 (7682.07), 96 (7682.31), 15 (7682.43), 97 (7682.43), 155 (7682.55), 14 (7682.67), 156 (7682.67), 153 (7682.79), 98 (7682.91), 19 (7683.03), 64 (7683.15), 102 (7683.39), 103 (7683.51), 104 (7683.63), 28 (7683.99), 29 (7684.11), 108 (7684.11), 31 (7684.23), 109 (7684.23), 33 (7684.35), 111 (7684.35), 32 (7684.47), 34 (7684.59), 18 (7684.71), 113 (7684.71), 35 (7684.83), 21 (7684.95), 115 (7684.95), 116 (7685.07), 154 (7685.19), 37 (7685.31), 117 (7685.31), 38 (7685.43), 118 (7685.43), 47 (7685.67), 121 (7685.67), 48 (7685.79), 124 (7685.91), 39 (7686.03), 122 (7686.03), 50 (7686.15), 120 (7686.15), 51 (7686.27), 152 (7686.27), 52 (7686.39), 125 (7686.39), 151 (7686.51), 54 (7686.63), 150 (7686.63), 55 (7686.75), 126 (7686.87), 58 (7687.11), 128 (7687.11), 149 (7687.23), 129 (7687.35), 61 (7687.47), 62 (7687.59), 131 (7687.59), 146 (7687.71), 65 (7687.83), 145 (7687.83), 132 (7687.95), 67 (7688.07), 133 (7688.07), 68 (7688.19), 136 (7688.31), 70 (7688.43), 135 (7688.43), 137 (7688.55), 72 (7688.67), 138 (7688.67), 74 (7688.79), 139 (7688.79), 147 (7688.91), 75 (7689.03), 76 (7689.15), 78 (7689.27), 77 (7689.39), 144 (7689.51), 
Result: TEAM 0 WIN*
