Mode: RANDOM
480.24 s > TEAM: 0 	F: 0 	 (4002) 	S: 1 	 (4001) 	T: 2 	 (4000) 	LAP 1
480.24 s > TEAM: 1 	F: 159 	 (4004) 	S: 156 	 (4002) 	T: 155 	 (4000) 	LAP 1
960.24 s > TEAM: 1 	F: 156 	 (10003) 	S: 159 	 (10002) 	T: 155 	 (8000) 	LAP 2
960.36 s > TEAM: 0 	F: 0 	 (8006) 	S: 1 	 (8002) 	T: 3 	 (8000) 	LAP 2
1440.24 s > TEAM: 1 	F: 156 	 (15001) 	S: 159 	 (14002) 	T: 155 	 (12000) 	LAP 3
1440.36 s > TEAM: 0 	F: 0 	 (16006) 	S: 1 	 (12002) 	T: 3 	 (12000) 	LAP 3
1920.24 s > TEAM: 1 	F: 156 	 (19001) 	S: 159 	 (18002) 	T: 155 	 (16000) 	LAP 4
1920.36 s > TEAM: 0 	F: 0 	 (24006) 	S: 1 	 (16004) 	T: 3 	 (16000) 	LAP 4
2160.36 s > TEAM: 0 	F: 0 	 (28006) 	S: 1 	 (20002) 	T: 3 	 (20000) 	LAP 5
2400.24 s > TEAM: 1 	F: 156 	 (25001) 	S: 159 	 (22002) 	T: 155 	 (20000) 	LAP 5
2640.12 s > TEAM: 0 	F: 0 	 (34001) 	S: 3 	 (25998) 	T: 1 	 (24000) 	LAP 6
2880.24 s > TEAM: 1 	F: 156 	 (29001) 	S: 159 	 (26002) 	T: 155 	 (24000) 	LAP 6
3120.12 s > TEAM: 0 	F: 0 	 (38001) 	S: 3 	 (29998) 	T: 1 	 (28000) 	LAP 7
3360.24 s > TEAM: 1 	F: 156 	 (33001) 	S: 159 	 (30002) 	T: 155 	 (28000) 	LAP 7
3600.12 s > TEAM: 0 	F: 0 	 (42001) 	S: 3 	 (33998) 	T: 1 	 (32000) 	LAP 8
3840.24 s > TEAM: 1 	F: 156 	 (38001) 	S: 159 	 (34002) 	T: 155 	 (32000) 	LAP 8
4080.12 s > TEAM: 0 	F: 0 	 (46001) 	S: 3 	 (37998) 	T: 1 	 (36000) 	LAP 9
4320.24 s > TEAM: 1 	F: 156 	 (42001) 	S: 159 	 (38002) 	T: 155 	 (36000) 	LAP 9
4560.12 s > TEAM: 0 	F: 0 	 (50001) 	S: 3 	 (41998) 	T: 1 	 (40000) 	LAP 10
4800.24 s > TEAM: 1 	F: 156 	 (46001) 	S: 159 	 (44002) 	T: 155 	 (40000) 	LAP 10
5040.12 s > TEAM: 0 	F: 0 	 (56001) 	S: 3 	 (47996) 	T: 1 	 (44000) 	LAP 11
5280.24 s > TEAM: 1 	F: 156 	 (50001) 	S: 159 	 (48002) 	T: 155 	 (44000) 	LAP 11
5520.12 s > TEAM: 0 	F: 0 	 (60001) 	S: 3 	 (51998) 	T: 1 	 (48000) 	LAP 12
5760.24 s > TEAM: 1 	F: 156 	 (54001) 	S: 159 	 (52002) 	T: 155 	 (48000) 	LAP 12
6000.12 s > TEAM: 0 	F: 0 	 (64000) 	S: 3 	 (52048) 	T: 1 	 (52000) 	LAP 13
6240.24 s > TEAM: 1 	F: 156 	 (58001) 	S: 159 	 (56002) 	T: 155 	 (52000) 	LAP 13
6720.24 s > TEAM: 1 	F: 156 	 (64000) 	S: 159 	 (60002) 	T: 155 	 (56000) 	LAP 14
6720.60 s > TEAM: 0 	F: 0 	 (64000) 	S: 1 	 (60008) 	T: 5 	 (56000) 	LAP 14
7200.24 s > TEAM: 1 	F: 156 	 (64000) 	S: 159 	 (64000) 	T: 155 	 (60000) 	LAP 15
7200.60 s > TEAM: 0 	F: 0 	 (64000) 	S: 1 	 (64000) 	T: 5 	 (60000) 	LAP 15
7440.60 s > TEAM: 0 	F: 0 	 (64000) 	S: 1 	 (64000) 	T: 5 	 (64000) 	LAP 16
7680.24 s > TEAM: 1 	F: 155 	 (64000) 	S: 156 	 (64000) 	T: 159 	 (64000) 	LAP 16
Broken Team 0: 2 (1), 3 (13), 4 (6), 7 (0), 10 (1), 16 (4), 21 (12), 23 (5), 24 (7), 28 (2), 30 (7), 32 (5), 44 (5), 45 (3), 46 (2), 49 (5), 52 (1), 59 (3), 67 (0), 73 (9), 77 (3), 
Broken Team 1: 80 (15), 82 (9), 83 (4), 90 (6), 93 (4), 96 (0), 98 (11), 99 (10), 100 (5), 103 (5), 104 (6), 106 (11), 108 (9), 110 (1), 112 (13), 113 (2), 121 (2), 123 (1), 124 (14), 126 (4), 129 (11), 131 (4), 134 (8), 136 (13), 138 (3), 139 (6), 141 (7), 148 (4), 153 (14), 154 (3), 157 (0), 158 (11), 
Finishing order: 0 (6000.03), 156 (6720.09), 1 (6960.15), 159 (7200.03), 5 (7440.63), 155 (7680.27), 152 (7680.51), 6 (7680.75), 151 (7680.75), 8 (7680.99), 9 (7681.11), 81 (7681.11), 11 (7681.35), 12 (7681.47), 13 (7681.59), 84 (7681.59), 14 (7681.71), 85 (7681.71), 15 (7681.83), 86 (7681.83), 87 (7681.95), 17 (7682.07), 88 (7682.07), 18 (7682.19), 89 (7682.19), 19 (7682.31), 150 (7682.31), 20 (7682.43), 91 (7682.55), 22 (7682.67), 92 (7682.67), 25 (7683.03), 94 (7683.03), 26 (7683.15), 147 (7683.15), 27 (7683.27), 95 (7683.27), 149 (7683.39), 29 (7683.51), 31 (7683.63), 97 (7683.87), 34 (7683.99), 35 (7684.11), 101 (7684.11), 36 (7684.23), 102 (7684.23), 37 (7684.35), 38 (7684.47), 39 (7684.59), 40 (7684.71), 105 (7684.71), 41 (7684.83), 107 (7684.83), 33 (7684.95), 43 (7685.07), 109 (7685.07), 42 (7685.19), 111 (7685.31), 116 (7685.55), 47 (7685.67), 146 (7685.79), 48 (7685.91), 117 (7685.91), 50 (7686.03), 114 (7686.03), 51 (7686.15), 115 (7686.15), 118 (7686.27), 53 (7686.39), 119 (7686.39), 54 (7686.51), 120 (7686.51), 55 (7686.63), 56 (7686.75), 57 (7686.87), 122 (7686.87), 58 (7686.99), 125 (7687.11), 60 (7687.23), 127 (7687.23), 62 (7687.35), 128 (7687.35), 61 (7687.47), 63 (7687.59), 64 (7687.71), 130 (7687.71), 65 (7687.83), 66 (7687.95), 132 (7687.95), 133 (7688.07), 68 (7688.19), 69 (7688.31), 135 (7688.31), 70 (7688.43), 145 (7688.55), 74 (7688.67), 137 (7688.67), 75 (7688.79), 72 (7688.91), 140 (7689.03), 78 (7689.15), 71 (7689.27), 142 (7689.27), 79 (7689.39), 143 (7689.39), 76 (7689.51), 144 (7689.51), 
Result: TEAM 0 WIN*
