Mode: RANDOM
480.24 s > TEAM: 0 	F: 0 	 (4004) 	S: 1 	 (4002) 	T: 2 	 (4000) 	LAP 1
480.24 s > TEAM: 1 	F: 159 	 (4002) 	S: 116 	 (4001) 	T: 80 	 (4000) 	LAP 1
720.24 s > TEAM: 0 	F: 0 	 (8002) 	S: 1 	 (8001) 	T: 2 	 (8000) 	LAP 2
960.36 s > TEAM: 1 	F: 116 	 (8002) 	S: 80 	 (8001) 	T: 81 	 (8000) 	LAP 2
1200.24 s > TEAM: 0 	F: 0 	 (12004) 	S: 1 	 (12001) 	T: 2 	 (12000) 	LAP 3
1440.36 s > TEAM: 1 	F: 116 	 (12004) 	S: 80 	 (12001) 	T: 81 	 (12000) 	LAP 3
1680.24 s > TEAM: 0 	F: 0 	 (19998) 	S: 1 	 (16001) 	T: 2 	 (16000) 	LAP 4
1920.60 s > TEAM: 1 	F: 116 	 (20001) 	S: 81 	 (16004) 	T: 113 	 (16000) 	LAP 4
2160.24 s > TEAM: 0 	F: 0 	 (23998) 	S: 1 	 (20001) 	T: 2 	 (20000) 	LAP 5
2400.60 s > TEAM: 1 	F: 116 	 (24003) 	S: 81 	 (24001) 	T: 113 	 (20000) 	LAP 5
2640.24 s > TEAM: 0 	F: 0 	 (27998) 	S: 1 	 (24001) 	T: 2 	 (24000) 	LAP 6
2880.60 s > TEAM: 1 	F: 81 	 (28002) 	S: 116 	 (26488) 	T: 113 	 (24000) 	LAP 6
3120.24 s > TEAM: 0 	F: 0 	 (31998) 	S: 1 	 (28001) 	T: 2 	 (28000) 	LAP 7
3360.72 s > TEAM: 1 	F: 81 	 (36004) 	S: 113 	 (28001) 	T: 83 	 (28000) 	LAP 7
3600.24 s > TEAM: 0 	F: 0 	 (35998) 	S: 1 	 (32001) 	T: 2 	 (32000) 	LAP 8
3840.72 s > TEAM: 1 	F: 81 	 (42002) 	S: 113 	 (32001) 	T: 83 	 (32000) 	LAP 8
4080.24 s > TEAM: 0 	F: 0 	 (39998) 	S: 1 	 (36001) 	T: 2 	 (36000) 	LAP 9
4320.72 s > TEAM: 1 	F: 81 	 (46002) 	S: 113 	 (36001) 	T: 83 	 (36000) 	LAP 9
4560.24 s > TEAM: 0 	F: 0 	 (43998) 	S: 1 	 (40001) 	T: 2 	 (40000) 	LAP 10
4800.72 s > TEAM: 1 	F: 81 	 (50002) 	S: 113 	 (40001) 	T: 83 	 (40000) 	LAP 10
5040.24 s > TEAM: 0 	F: 0 	 (49998) 	S: 1 	 (44001) 	T: 2 	 (44000) 	LAP 11
5280.72 s > TEAM: 1 	F: 81 	 (56002) 	S: 113 	 (44001) 	T: 83 	 (44000) 	LAP 11
5520.24 s > TEAM: 0 	F: 0 	 (55996) 	S: 1 	 (48001) 	T: 2 	 (48000) 	LAP 12
5760.72 s > TEAM: 1 	F: 81 	 (60004) 	S: 113 	 (48001) 	T: 83 	 (48000) 	LAP 12
6000.24 s > TEAM: 0 	F: 0 	 (59998) 	S: 1 	 (52001) 	T: 2 	 (52000) 	LAP 13
6240.72 s > TEAM: 1 	F: 81 	 (64000) 	S: 113 	 (52001) 	T: 83 	 (52000) 	LAP 13
6480.24 s > TEAM: 0 	F: 0 	 (64000) 	S: 1 	 (56001) 	T: 2 	 (56000) 	LAP 14
6720.72 s > TEAM: 1 	F: 81 	 (64000) 	S: 113 	 (56002) 	T: 83 	 (56000) 	LAP 14
6960.24 s > TEAM: 0 	F: 0 	 (64000) 	S: 1 	 (60001) 	T: 2 	 (60000) 	LAP 15
6960.72 s > TEAM: 1 	F: 81 	 (64000) 	S: 113 	 (60002) 	T: 83 	 (60000) 	LAP 15
7440.24 s > TEAM: 0 	F: 0 	 (64000) 	S: 1 	 (64000) 	T: 2 	 (64000) 	LAP 16
7440.84 s > TEAM: 1 	F: 81 	 (64000) 	S: 83 	 (64000) 	T: 84 	 (64000) 	LAP 16
Broken Team 0: 3 (8), 4 (15), 5 (10), 6 (1), 16 (12), 17 (7), 24 (7), 25 (0), 26 (5), 30 (7), 31 (5), 35 (11), 43 (1), 45 (7), 57 (6), 60 (1), 61 (3), 63 (15), 68 (8), 69 (10), 71 (13), 77 (11), 
Broken Team 1: 80 (3), 82 (3), 91 (6), 95 (9), 97 (12), 99 (13), 101 (3), 105 (1), 110 (15), 111 (7), 112 (12), 113 (15), 114 (8), 116 (6), 117 (11), 119 (0), 126 (9), 129 (0), 132 (3), 135 (12), 136 (6), 138 (15), 140 (11), 144 (2), 145 (4), 149 (0), 150 (14), 152 (2), 153 (10), 156 (0), 159 (1), 
Finishing order: 81 (6000.51), 0 (6240.51), 83 (7200.75), 1 (7440.15), 2 (7440.27), 84 (7440.87), 7 (7680.87), 85 (7680.99), 23 (7681.11), 86 (7681.11), 9 (7681.23), 87 (7681.23), 8 (7681.35), 158 (7681.35), 10 (7681.47), 88 (7681.47), 15 (7681.59), 89 (7681.59), 11 (7681.71), 90 (7681.71), 14 (7681.83), 92 (7681.95), 93 (7682.07), 18 (7682.19), 96 (7682.19), 50 (7682.31), 94 (7682.31), 29 (7682.43), 49 (7682.67), 98 (7682.67), 100 (7682.91), 32 (7683.03), 33 (7683.15), 102 (7683.15), 34 (7683.27), 104 (7683.39), 36 (7683.51), 103 (7683.51), 37 (7683.63), 106 (7683.63), 38 (7683.75), 107 (7683.75), 39 (7683.87), 108 (7683.87), 40 (7683.99), 109 (7683.99), 41 (7684.11), 42 (7684.23), 44 (7684.47), 118 (7684.59), 46 (7684.71), 47 (7684.83), 120 (7684.83), 51 (7684.95), 122 (7684.95), 48 (7685.07), 121 (7685.07), 52 (7685.19), 124 (7685.19), 53 (7685.31), 123 (7685.31), 54 (7685.43), 55 (7685.55), 125 (7685.55), 56 (7685.67), 127 (7685.67), 128 (7685.79), 59 (7685.91), 130 (7685.91), 131 (7686.15), 62 (7686.27), 133 (7686.39), 64 (7686.51), 134 (7686.51), 65 (7686.63), 137 (7686.63), 67 (7686.75), 58 (7686.99), 139 (7686.99), 66 (7687.11), 141 (7687.23), 70 (7687.35), 143 (7687.35), 72 (7687.71), 147 (7687.71), 73 (7687.83), 146 (7687.83), 74 (7687.95), 148 (7687.95), 75 (7688.07), 76 (7688.19), 151 (7688.31), 78 (7688.43), 79 (7688.55), 21 (7688.67), 155 (7688.67), 22 (7688.79), 154 (7688.79), 20 (7688.91), 142 (7688.91), 19 (7689.03), 27 (7689.15), 157 (7689.15), 28 (7689.27), 115 (7689.27), 12 (7689.39), 13 (7689.51), 
Result: TEAM 0 WIN*
