Mode: RANDOM
480.24 s > TEAM: 0 	F: 0 	 (4002) 	S: 1 	 (4001) 	T: 3 	 (4000) 	LAP 1
480.24 s > TEAM: 1 	F: 159 	 (4004) 	S: 80 	 (4001) 	T: 81 	 (4000) 	LAP 1
960.24 s > TEAM: 0 	F: 0 	 (8004) 	S: 1 	 (8001) 	T: 3 	 (8000) 	LAP 2
960.24 s > TEAM: 1 	F: 159 	 (12002) 	S: 80 	 (8001) 	T: 81 	 (8000) 	LAP 2
1440.24 s > TEAM: 0 	F: 0 	 (14002) 	S: 1 	 (12001) 	T: 3 	 (12000) 	LAP 3
1440.24 s > TEAM: 1 	F: 159 	 (16004) 	S: 80 	 (12002) 	T: 81 	 (12000) 	LAP 3
1920.24 s > TEAM: 1 	F: 159 	 (24002) 	S: 80 	 (20001) 	T: 81 	 (16000) 	LAP 4
1920.36 s > TEAM: 0 	F: 0 	 (20003) 	S: 3 	 (16001) 	T: 2 	 (16000) 	LAP 4
2400.24 s > TEAM: 1 	F: 159 	 (28004) 	S: 80 	 (24001) 	T: 81 	 (20000) 	LAP 5
2400.48 s > TEAM: 0 	F: 0 	 (24008) 	S: 3 	 (20002) 	T: 4 	 (20000) 	LAP 5
2880.24 s > TEAM: 1 	F: 159 	 (34002) 	S: 80 	 (28001) 	T: 81 	 (24000) 	LAP 6
2880.60 s > TEAM: 0 	F: 0 	 (32005) 	S: 3 	 (24003) 	T: 5 	 (24000) 	LAP 6
3360.24 s > TEAM: 1 	F: 159 	 (40002) 	S: 80 	 (32001) 	T: 81 	 (28000) 	LAP 7
3360.60 s > TEAM: 0 	F: 0 	 (36010) 	S: 3 	 (28006) 	T: 5 	 (28000) 	LAP 7
3600.60 s > TEAM: 0 	F: 0 	 (40010) 	S: 3 	 (32006) 	T: 5 	 (32000) 	LAP 8
3840.24 s > TEAM: 1 	F: 159 	 (44002) 	S: 80 	 (36001) 	T: 81 	 (32000) 	LAP 8
3840.60 s > TEAM: 0 	F: 0 	 (44005) 	S: 3 	 (36003) 	T: 5 	 (36000) 	LAP 9
4320.24 s > TEAM: 1 	F: 159 	 (48002) 	S: 80 	 (40001) 	T: 81 	 (36000) 	LAP 9
4320.60 s > TEAM: 0 	F: 0 	 (48005) 	S: 3 	 (40003) 	T: 5 	 (40000) 	LAP 10
4800.24 s > TEAM: 1 	F: 159 	 (52004) 	S: 80 	 (44001) 	T: 81 	 (40000) 	LAP 10
4800.60 s > TEAM: 0 	F: 0 	 (52005) 	S: 3 	 (44003) 	T: 5 	 (44000) 	LAP 11
5280.24 s > TEAM: 1 	F: 159 	 (58002) 	S: 80 	 (48001) 	T: 81 	 (44000) 	LAP 11
5280.60 s > TEAM: 0 	F: 0 	 (56010) 	S: 3 	 (48006) 	T: 5 	 (48000) 	LAP 12
5760.24 s > TEAM: 1 	F: 159 	 (62002) 	S: 80 	 (52001) 	T: 81 	 (48000) 	LAP 12
5760.60 s > TEAM: 0 	F: 0 	 (62005) 	S: 3 	 (56006) 	T: 5 	 (52000) 	LAP 13
6240.24 s > TEAM: 1 	F: 159 	 (64000) 	S: 80 	 (56002) 	T: 81 	 (52000) 	LAP 13
6240.60 s > TEAM: 0 	F: 0 	 (64000) 	S: 3 	 (59662) 	T: 5 	 (56000) 	LAP 14
6480.24 s > TEAM: 1 	F: 159 	 (64000) 	S: 80 	 (60001) 	T: 81 	 (56000) 	LAP 14
6960.24 s > TEAM: 1 	F: 80 	 (64000) 	S: 159 	 (64000) 	T: 81 	 (60000) 	LAP 15
7200.72 s > TEAM: 0 	F: 0 	 (64000) 	S: 5 	 (64000) 	T: 6 	 (60000) 	LAP 15
7440.24 s > TEAM: 1 	F: 80 	 (64000) 	S: 81 	 (64000) 	T: 159 	 (64000) 	LAP 16
7440.72 s > TEAM: 0 	F: 0 	 (64000) 	S: 5 	 (64000) 	T: 6 	 (64000) 	LAP 16
Broken Team 0: 1 (3), 2 (4), 3 (14), 4 (5), 8 (0), 9 (1), 10 (7), 11 (2), 12 (15), 14 (4), 18 (8), 19 (10), 26 (9), 27 (4), 31 (0), 34 (5), 36 (5), 42 (6), 43 (5), 45 (9), 47 (6), 51 (1), 55 (15), 56 (12), 59 (12), 60 (8), 62 (11), 65 (7), 67 (12), 70 (9), 72 (13), 76 (10), 78 (13), 
Broken Team 1: 88 (6), 90 (6), 91 (11), 93 (6), 102 (9), 105 (12), 109 (10), 112 (15), 114 (3), 115 (12), 116 (0), 119 (4), 122 (2), 127 (3), 129 (1), 133 (1), 136 (11), 137 (9), 138 (0), 139 (12), 140 (0), 142 (10), 152 (0), 153 (1), 154 (3), 157 (2), 
Finishing order: 0 (6000.03), 159 (6000.03), 80 (6960.15), 5 (7200.63), 81 (7440.27), 6 (7440.75), 158 (7680.39), 82 (7680.51), 83 (7680.63), 84 (7680.75), 7 (7680.87), 85 (7680.87), 86 (7680.99), 87 (7681.11), 89 (7681.47), 13 (7681.59), 156 (7681.59), 155 (7681.71), 15 (7681.83), 16 (7681.95), 17 (7682.07), 92 (7682.07), 21 (7682.31), 94 (7682.31), 95 (7682.43), 20 (7682.55), 96 (7682.55), 22 (7682.67), 97 (7682.67), 23 (7682.79), 98 (7682.79), 24 (7682.91), 99 (7682.91), 25 (7683.03), 100 (7683.03), 101 (7683.15), 28 (7683.39), 29 (7683.51), 104 (7683.51), 30 (7683.63), 107 (7683.63), 32 (7683.87), 108 (7683.87), 33 (7683.99), 110 (7683.99), 35 (7684.23), 106 (7684.23), 111 (7684.35), 37 (7684.47), 113 (7684.47), 38 (7684.59), 39 (7684.71), 40 (7684.83), 41 (7684.95), 117 (7684.95), 118 (7685.07), 120 (7685.19), 121 (7685.31), 46 (7685.43), 103 (7685.55), 44 (7685.67), 48 (7685.79), 123 (7685.79), 49 (7685.91), 124 (7685.91), 50 (7686.03), 125 (7686.03), 52 (7686.15), 126 (7686.15), 53 (7686.39), 128 (7686.39), 54 (7686.51), 130 (7686.63), 131 (7686.75), 57 (7686.87), 58 (7686.99), 134 (7686.99), 132 (7687.11), 61 (7687.35), 135 (7687.35), 63 (7687.59), 64 (7687.71), 66 (7687.95), 141 (7687.95), 68 (7688.19), 69 (7688.31), 143 (7688.31), 144 (7688.43), 71 (7688.55), 145 (7688.55), 146 (7688.67), 73 (7688.79), 147 (7688.79), 74 (7688.91), 148 (7688.91), 75 (7689.03), 149 (7689.03), 150 (7689.15), 77 (7689.27), 151 (7689.27), 79 (7689.51), 
Result: TEAM 0 WIN*
