Mode: RANDOM
120.24 s > TEAM: 0 	F: 1 	 (1004) 	S: 0 	 (1002) 	T: 2 	 (1000) 	LAP 1
120.24 s > TEAM: 1 	F: 159 	 (1002) 	S: 80 	 (1001) 	T: 81 	 (1000) 	LAP 1
180.24 s > TEAM: 0 	F: 1 	 (2004) 	S: 0 	 (2002) 	T: 2 	 (2000) 	LAP 2
240.24 s > TEAM: 1 	F: 159 	 (2004) 	S: 80 	 (2002) 	T: 81 	 (2000) 	LAP 2
300.24 s > TEAM: 0 	F: 1 	 (3998) 	S: 0 	 (3997) 	T: 2 	 (3000) 	LAP 3
360.24 s > TEAM: 0 	F: 1 	 (4498) 	S: 0 	 (4497) 	T: 2 	 (4000) 	LAP 4
360.24 s > TEAM: 1 	F: 159 	 (3996) 	S: 80 	 (3501) 	T: 81 	 (3000) 	LAP 3
480.24 s > TEAM: 0 	F: 1 	 (5996) 	S: 0 	 (5995) 	T: 2 	 (5000) 	LAP 5
480.24 s > TEAM: 1 	F: 159 	 (4996) 	S: 80 	 (4501) 	T: 81 	 (4000) 	LAP 4
540.24 s > TEAM: 0 	F: 1 	 (6498) 	S: 0 	 (6497) 	T: 2 	 (6000) 	LAP 6
600.24 s > TEAM: 1 	F: 159 	 (6495) 	S: 80 	 (6002) 	T: 81 	 (5000) 	LAP 5
600.60 s > TEAM: 0 	F: 1 	 (7002) 	S: 0 	 (7001) 	T: 2 	 (7000) 	LAP 7
660.24 s > TEAM: 1 	F: 159 	 (7246) 	S: 80 	 (7001) 	T: 81 	 (6000) 	LAP 6
662.70 s > TEAM: 0 	F: 1 	 (8018) 	S: 0 	 (8001) 	T: 2 	 (8000) 	LAP 8
720.36 s > TEAM: 1 	F: 159 	 (7747) 	S: 80 	 (7502) 	T: 82 	 (7000) 	LAP 7
780.48 s > TEAM: 0 	F: 0 	 (9498) 	S: 2 	 (9482) 	T: 1 	 (9000) 	LAP 9
782.76 s > TEAM: 1 	F: 159 	 (8267) 	S: 80 	 (8022) 	T: 82 	 (8000) 	LAP 8
900.48 s > TEAM: 0 	F: 0 	 (10498) 	S: 2 	 (10497) 	T: 1 	 (10000) 	LAP 10
902.76 s > TEAM: 1 	F: 159 	 (9267) 	S: 80 	 (9022) 	T: 82 	 (9000) 	LAP 9
1020.48 s > TEAM: 0 	F: 2 	 (11498) 	S: 0 	 (11497) 	T: 1 	 (11000) 	LAP 11
1022.76 s > TEAM: 1 	F: 159 	 (10267) 	S: 80 	 (10022) 	T: 82 	 (10000) 	LAP 10
1140.48 s > TEAM: 0 	F: 2 	 (12498) 	S: 0 	 (12497) 	T: 1 	 (12000) 	LAP 12
1142.76 s > TEAM: 1 	F: 159 	 (11267) 	S: 80 	 (11022) 	T: 82 	 (11000) 	LAP 11
1260.48 s > TEAM: 0 	F: 0 	 (13498) 	S: 2 	 (13497) 	T: 1 	 (13000) 	LAP 13
1262.76 s > TEAM: 1 	F: 159 	 (12267) 	S: 80 	 (12022) 	T: 82 	 (12000) 	LAP 12
1322.88 s > TEAM: 0 	F: 2 	 (14019) 	S: 0 	 (14018) 	T: 1 	 (14000) 	LAP 14
1382.76 s > TEAM: 1 	F: 159 	 (13267) 	S: 80 	 (13022) 	T: 82 	 (13000) 	LAP 13
1442.88 s > TEAM: 0 	F: 2 	 (15038) 	S: 0 	 (15018) 	T: 1 	 (15000) 	LAP 15
1502.76 s > TEAM: 1 	F: 159 	 (14267) 	S: 80 	 (14022) 	T: 82 	 (14000) 	LAP 14
1622.76 s > TEAM: 1 	F: 159 	 (15267) 	S: 80 	 (15022) 	T: 82 	 (15000) 	LAP 15
1682.88 s > TEAM: 0 	F: 0 	 (16000) 	S: 2 	 (16000) 	T: 5 	 (16000) 	LAP 16
1742.76 s > TEAM: 1 	F: 80 	 (16000) 	S: 82 	 (16000) 	T: 159 	 (16000) 	LAP 16
Broken Team 0: 1 (15), 3 (3), 4 (2), 8 (8), 15 (1), 16 (7), 19 (12), 20 (13), 23 (10), 27 (9), 31 (11), 34 (4), 35 (15), 40 (2), 44 (10), 47 (12), 49 (15), 50 (12), 51 (6), 53 (0), 56 (6), 62 (14), 63 (8), 72 (14), 73 (14), 75 (9), 77 (6), 79 (4), 
Broken Team 1: 89 (9), 91 (0), 93 (8), 96 (9), 98 (0), 100 (6), 106 (12), 108 (0), 114 (1), 118 (2), 126 (4), 134 (11), 141 (8), 143 (3), 144 (8), 145 (13), 148 (5), 150 (1), 151 (1), 
Finishing order: 2 (1500.63), 0 (1560.69), 5 (1682.91), 159 (1710.69), 80 (1740.15), 82 (1742.79), 85 (1800.75), 81 (1860.27), 83 (1860.51), 6 (1860.63), 84 (1860.63), 7 (1920.75), 86 (1920.87), 87 (1920.99), 9 (1921.11), 88 (1921.11), 11 (1921.23), 10 (1921.35), 90 (1921.35), 12 (1921.47), 13 (1921.59), 92 (1921.59), 14 (1921.71), 95 (1921.83), 94 (1921.95), 17 (1922.07), 18 (1922.19), 157 (1922.19), 97 (1922.31), 22 (1922.55), 158 (1922.55), 21 (1922.67), 99 (1922.67), 24 (1922.79), 101 (1922.91), 25 (1923.03), 103 (1923.03), 26 (1923.15), 102 (1923.15), 156 (1923.27), 28 (1923.39), 104 (1923.39), 30 (1923.51), 105 (1923.63), 29 (1923.75), 107 (1923.75), 32 (1923.87), 110 (1923.99), 111 (1924.11), 36 (1924.23), 109 (1924.23), 37 (1924.35), 112 (1924.35), 33 (1924.47), 38 (1924.59), 115 (1924.59), 113 (1924.71), 39 (1924.83), 116 (1924.83), 42 (1925.07), 119 (1925.07), 41 (1925.19), 154 (1925.19), 43 (1925.31), 117 (1925.31), 120 (1925.43), 45 (1925.55), 122 (1925.55), 46 (1925.67), 121 (1925.67), 152 (1925.79), 123 (1925.91), 48 (1926.03), 125 (1926.03), 54 (1926.27), 124 (1926.27), 128 (1926.39), 52 (1926.51), 127 (1926.51), 55 (1926.63), 131 (1926.63), 129 (1926.75), 58 (1926.87), 130 (1926.87), 60 (1926.99), 133 (1926.99), 57 (1927.11), 59 (1927.23), 135 (1927.23), 132 (1927.35), 137 (1927.47), 61 (1927.59), 136 (1927.59), 64 (1927.71), 138 (1927.71), 66 (1927.83), 139 (1927.83), 65 (1927.95), 68 (1928.07), 140 (1928.07), 70 (1928.19), 142 (1928.19), 67 (1928.31), 69 (1928.43), 146 (1928.55), 71 (1928.79), 155 (1928.79), 74 (1928.91), 147 (1928.91), 149 (1929.03), 76 (1929.15), 78 (1929.39), 153 (1929.51), 
Result: TEAM 0 WIN*
