Mode: RANDOM
120.24 s > TEAM: 0 	F: 1 	 (1004) 	S: 2 	 (1002) 	T: 3 	 (1000) 	LAP 1
120.24 s > TEAM: 1 	F: 159 	 (1002) 	S: 80 	 (1001) 	T: 81 	 (1000) 	LAP 1
180.24 s > TEAM: 0 	F: 1 	 (2002) 	S: 2 	 (2001) 	T: 3 	 (2000) 	LAP 2
240.24 s > TEAM: 1 	F: 159 	 (2002) 	S: 80 	 (2001) 	T: 81 	 (2000) 	LAP 2
300.24 s > TEAM: 0 	F: 1 	 (3004) 	S: 2 	 (3003) 	T: 3 	 (3000) 	LAP 3
360.24 s > TEAM: 0 	F: 1 	 (4004) 	S: 2 	 (4003) 	T: 3 	 (4000) 	LAP 4
360.24 s > TEAM: 1 	F: 159 	 (3002) 	S: 80 	 (3001) 	T: 81 	 (3000) 	LAP 3
480.24 s > TEAM: 0 	F: 2 	 (5503) 	S: 1 	 (5502) 	T: 3 	 (5000) 	LAP 5
480.24 s > TEAM: 1 	F: 159 	 (4004) 	S: 80 	 (4002) 	T: 81 	 (4000) 	LAP 4
600.24 s > TEAM: 0 	F: 2 	 (7501) 	S: 1 	 (6502) 	T: 3 	 (6000) 	LAP 6
600.24 s > TEAM: 1 	F: 159 	 (6002) 	S: 80 	 (6001) 	T: 81 	 (5000) 	LAP 5
720.24 s > TEAM: 0 	F: 2 	 (8501) 	S: 1 	 (7502) 	T: 3 	 (7000) 	LAP 7
720.24 s > TEAM: 1 	F: 159 	 (7002) 	S: 80 	 (7001) 	T: 81 	 (6000) 	LAP 6
840.24 s > TEAM: 0 	F: 2 	 (9501) 	S: 1 	 (9004) 	T: 3 	 (8000) 	LAP 8
840.24 s > TEAM: 1 	F: 159 	 (8004) 	S: 80 	 (8002) 	T: 81 	 (7000) 	LAP 7
900.24 s > TEAM: 1 	F: 80 	 (9002) 	S: 159 	 (9002) 	T: 81 	 (8000) 	LAP 8
960.24 s > TEAM: 0 	F: 1 	 (10502) 	S: 2 	 (10501) 	T: 3 	 (9000) 	LAP 9
960.24 s > TEAM: 1 	F: 80 	 (10001) 	S: 159 	 (9502) 	T: 81 	 (9000) 	LAP 9
1050.12 s > TEAM: 1 	F: 80 	 (11001) 	S: 159 	 (10502) 	T: 81 	 (10000) 	LAP 10
1080.24 s > TEAM: 0 	F: 1 	 (12004) 	S: 2 	 (12001) 	T: 3 	 (10000) 	LAP 10
1110.12 s > TEAM: 1 	F: 80 	 (12000) 	S: 159 	 (11251) 	T: 81 	 (11000) 	LAP 11
1200.24 s > TEAM: 0 	F: 2 	 (13250) 	S: 1 	 (13125) 	T: 3 	 (11000) 	LAP 11
1230.12 s > TEAM: 1 	F: 80 	 (13000) 	S: 159 	 (12251) 	T: 81 	 (12000) 	LAP 12
1320.24 s > TEAM: 0 	F: 2 	 (14250) 	S: 1 	 (13125) 	T: 3 	 (12000) 	LAP 12
1350.12 s > TEAM: 1 	F: 80 	 (14000) 	S: 159 	 (13251) 	T: 81 	 (13000) 	LAP 13
1410.18 s > TEAM: 0 	F: 2 	 (14999) 	S: 1 	 (13125) 	T: 3 	 (13000) 	LAP 13
1470.12 s > TEAM: 1 	F: 80 	 (15001) 	S: 159 	 (14251) 	T: 81 	 (14000) 	LAP 14
1590.12 s > TEAM: 1 	F: 80 	 (16000) 	S: 159 	 (15498) 	T: 81 	 (15000) 	LAP 15
1650.42 s > TEAM: 1 	F: 81 	 (16000) 	S: 80 	 (16000) 	T: 159 	 (16000) 	LAP 16
1680.36 s > TEAM: 0 	F: 2 	 (16000) 	S: 3 	 (15750) 	T: 4 	 (14000) 	LAP 14
1740.36 s > TEAM: 0 	F: 2 	 (16000) 	S: 3 	 (16000) 	T: 4 	 (15000) 	LAP 15
1830.42 s > TEAM: 0 	F: 2 	 (16000) 	S: 3 	 (16000) 	T: 5 	 (16000) 	LAP 16
Broken Team 0: 1 (13), 6 (14), 12 (7), 15 (14), 24 (7), 32 (2), 34 (2), 35 (0), 36 (6), 40 (5), 41 (1), 43 (13), 44 (8), 48 (15), 53 (2), 55 (12), 56 (15), 58 (8), 60 (6), 62 (3), 64 (10), 65 (9), 69 (5), 78 (1), 79 (8), 
Broken Team 1: 83 (7), 84 (5), 90 (10), 92 (1), 93 (5), 94 (15), 96 (1), 98 (0), 103 (8), 106 (2), 107 (6), 112 (6), 113 (4), 124 (2), 125 (13), 128 (7), 129 (7), 130 (7), 131 (0), 132 (4), 134 (7), 136 (2), 141 (10), 144 (12), 146 (4), 148 (6), 149 (4), 157 (12), 158 (13), 
Finishing order: 2 (1530.27), 80 (1530.33), 159 (1650.39), 81 (1650.45), 86 (1710.15), 3 (1710.33), 85 (1770.21), 87 (1770.27), 82 (1800.39), 5 (1830.45), 4 (1860.39), 88 (1861.11), 7 (1920.75), 0 (1920.87), 9 (1920.99), 8 (1921.11), 10 (1921.23), 89 (1921.23), 11 (1921.47), 91 (1921.47), 13 (1921.59), 14 (1921.71), 16 (1921.95), 95 (1921.95), 17 (1922.07), 18 (1922.19), 97 (1922.31), 99 (1922.43), 19 (1922.55), 100 (1922.55), 21 (1922.67), 101 (1922.67), 20 (1922.79), 22 (1922.91), 102 (1922.91), 23 (1923.03), 104 (1923.03), 105 (1923.15), 26 (1923.27), 25 (1923.39), 108 (1923.39), 29 (1923.51), 27 (1923.63), 109 (1923.63), 28 (1923.75), 110 (1923.75), 30 (1923.87), 111 (1923.87), 31 (1923.99), 118 (1923.99), 33 (1924.11), 114 (1924.23), 115 (1924.35), 116 (1924.47), 38 (1924.59), 39 (1924.71), 119 (1924.71), 37 (1924.83), 117 (1924.83), 120 (1924.95), 122 (1925.07), 42 (1925.19), 123 (1925.19), 121 (1925.31), 45 (1925.55), 126 (1925.55), 49 (1925.67), 47 (1925.79), 127 (1925.79), 46 (1925.91), 66 (1926.15), 51 (1926.27), 52 (1926.39), 133 (1926.39), 50 (1926.51), 54 (1926.75), 135 (1926.75), 57 (1926.99), 137 (1926.99), 138 (1927.11), 63 (1927.23), 140 (1927.23), 59 (1927.35), 139 (1927.35), 142 (1927.47), 61 (1927.59), 68 (1927.71), 143 (1927.71), 145 (1928.07), 70 (1928.19), 71 (1928.31), 72 (1928.43), 147 (1928.43), 74 (1928.55), 150 (1928.55), 73 (1928.67), 151 (1928.67), 76 (1928.79), 152 (1928.79), 75 (1928.91), 153 (1928.91), 155 (1929.03), 156 (1929.15), 154 (1929.27), 77 (1929.39), 67 (1929.51), 
Result: TEAM 0 WIN*
