Mode: RANDOM
120.24 s > TEAM: 0 	F: 1 	 (1004) 	S: 2 	 (1002) 	T: 3 	 (1000) 	LAP 1
120.24 s > TEAM: 1 	F: 159 	 (1004) 	S: 158 	 (1001) 	T: 80 	 (1000) 	LAP 1
180.24 s > TEAM: 0 	F: 1 	 (2002) 	S: 2 	 (2001) 	T: 3 	 (2000) 	LAP 2
240.24 s > TEAM: 1 	F: 159 	 (2502) 	S: 158 	 (2001) 	T: 80 	 (2000) 	LAP 2
300.24 s > TEAM: 0 	F: 1 	 (3002) 	S: 2 	 (3001) 	T: 4 	 (3000) 	LAP 3
360.24 s > TEAM: 1 	F: 159 	 (3502) 	S: 158 	 (3001) 	T: 80 	 (3000) 	LAP 3
420.24 s > TEAM: 0 	F: 1 	 (4002) 	S: 2 	 (4001) 	T: 4 	 (4000) 	LAP 4
480.24 s > TEAM: 1 	F: 159 	 (4502) 	S: 158 	 (4001) 	T: 80 	 (4000) 	LAP 4
540.24 s > TEAM: 0 	F: 1 	 (5002) 	S: 2 	 (5001) 	T: 4 	 (5000) 	LAP 5
600.24 s > TEAM: 1 	F: 159 	 (5998) 	S: 158 	 (5001) 	T: 80 	 (5000) 	LAP 5
660.24 s > TEAM: 0 	F: 1 	 (6002) 	S: 2 	 (6001) 	T: 4 	 (6000) 	LAP 6
720.24 s > TEAM: 1 	F: 159 	 (6998) 	S: 158 	 (6002) 	T: 80 	 (6000) 	LAP 6
780.12 s > TEAM: 0 	F: 3 	 (7248) 	S: 1 	 (7001) 	T: 2 	 (7000) 	LAP 7
780.24 s > TEAM: 1 	F: 159 	 (7998) 	S: 158 	 (7001) 	T: 80 	 (7000) 	LAP 7
900.12 s > TEAM: 0 	F: 3 	 (8248) 	S: 1 	 (8001) 	T: 2 	 (8000) 	LAP 8
900.12 s > TEAM: 1 	F: 80 	 (8998) 	S: 159 	 (8998) 	T: 158 	 (8000) 	LAP 8
1020.12 s > TEAM: 0 	F: 3 	 (9497) 	S: 1 	 (9002) 	T: 2 	 (9000) 	LAP 9
1020.12 s > TEAM: 1 	F: 80 	 (9999) 	S: 159 	 (9998) 	T: 158 	 (9000) 	LAP 9
1080.12 s > TEAM: 0 	F: 3 	 (10248) 	S: 1 	 (10002) 	T: 2 	 (10000) 	LAP 10
1140.12 s > TEAM: 1 	F: 80 	 (11998) 	S: 159 	 (11996) 	T: 158 	 (10000) 	LAP 10
1140.24 s > TEAM: 0 	F: 1 	 (11002) 	S: 2 	 (11001) 	T: 4 	 (11000) 	LAP 11
1260.12 s > TEAM: 0 	F: 4 	 (12499) 	S: 1 	 (12001) 	T: 2 	 (12000) 	LAP 12
1320.36 s > TEAM: 1 	F: 80 	 (14501) 	S: 159 	 (13500) 	T: 81 	 (11000) 	LAP 11
1380.12 s > TEAM: 0 	F: 4 	 (13499) 	S: 1 	 (13001) 	T: 2 	 (13000) 	LAP 13
1440.36 s > TEAM: 1 	F: 80 	 (15501) 	S: 159 	 (14500) 	T: 81 	 (12000) 	LAP 12
1500.12 s > TEAM: 0 	F: 4 	 (14499) 	S: 1 	 (14001) 	T: 2 	 (14000) 	LAP 14
1560.36 s > TEAM: 1 	F: 80 	 (16000) 	S: 159 	 (15500) 	T: 81 	 (13000) 	LAP 13
1650.30 s > TEAM: 0 	F: 1 	 (15252) 	S: 2 	 (15251) 	T: 3 	 (15000) 	LAP 15
1680.36 s > TEAM: 1 	F: 80 	 (16000) 	S: 159 	 (16000) 	T: 81 	 (14000) 	LAP 14
1740.36 s > TEAM: 1 	F: 80 	 (16000) 	S: 159 	 (16000) 	T: 81 	 (15000) 	LAP 15
1770.30 s > TEAM: 0 	F: 1 	 (16000) 	S: 2 	 (16000) 	T: 3 	 (16000) 	LAP 16
1800.36 s > TEAM: 1 	F: 80 	 (16000) 	S: 81 	 (16000) 	T: 159 	 (16000) 	LAP 16
Broken Team 0: 4 (14), 7 (5), 10 (13), 13 (0), 17 (2), 28 (3), 30 (2), 33 (7), 34 (5), 36 (11), 37 (12), 43 (7), 45 (6), 48 (13), 51 (1), 52 (2), 55 (14), 58 (2), 62 (0), 64 (14), 66 (4), 67 (0), 74 (12), 75 (13), 76 (4), 77 (0), 79 (7), 
Broken Team 1: 88 (11), 89 (3), 90 (8), 101 (2), 103 (9), 104 (6), 110 (9), 123 (4), 128 (9), 132 (3), 133 (15), 140 (8), 143 (4), 148 (4), 150 (7), 151 (15), 154 (1), 157 (4), 158 (10), 
Finishing order: 80 (1500.27), 159 (1620.39), 1 (1740.03), 2 (1740.15), 3 (1770.33), 81 (1800.39), 5 (1860.51), 82 (1920.51), 6 (1920.63), 83 (1920.75), 8 (1920.87), 84 (1920.87), 85 (1920.99), 9 (1921.11), 87 (1921.11), 11 (1921.23), 12 (1921.35), 86 (1921.47), 0 (1921.59), 14 (1921.71), 91 (1921.71), 15 (1921.83), 92 (1921.83), 16 (1921.95), 93 (1921.95), 95 (1922.07), 18 (1922.19), 94 (1922.19), 20 (1922.31), 96 (1922.31), 21 (1922.43), 97 (1922.43), 19 (1922.55), 98 (1922.55), 22 (1922.67), 99 (1922.67), 23 (1922.79), 100 (1922.79), 24 (1922.91), 102 (1922.91), 25 (1923.03), 26 (1923.15), 27 (1923.27), 105 (1923.39), 29 (1923.51), 107 (1923.51), 108 (1923.63), 31 (1923.75), 106 (1923.75), 109 (1923.87), 32 (1923.99), 111 (1924.11), 35 (1924.23), 112 (1924.23), 155 (1924.35), 113 (1924.47), 39 (1924.59), 115 (1924.59), 41 (1924.71), 116 (1924.71), 40 (1924.83), 114 (1924.83), 38 (1924.95), 117 (1924.95), 42 (1925.07), 118 (1925.07), 120 (1925.19), 44 (1925.31), 119 (1925.31), 47 (1925.43), 121 (1925.43), 122 (1925.55), 46 (1925.79), 124 (1925.79), 49 (1925.91), 125 (1925.91), 50 (1926.03), 156 (1926.03), 126 (1926.15), 54 (1926.27), 127 (1926.39), 53 (1926.51), 129 (1926.51), 56 (1926.63), 131 (1926.63), 130 (1926.75), 57 (1926.87), 134 (1926.99), 59 (1927.11), 152 (1927.11), 60 (1927.23), 61 (1927.35), 135 (1927.47), 63 (1927.59), 137 (1927.59), 138 (1927.71), 65 (1927.83), 136 (1927.83), 139 (1927.95), 68 (1928.07), 141 (1928.19), 69 (1928.31), 72 (1928.43), 142 (1928.43), 70 (1928.55), 144 (1928.55), 71 (1928.67), 145 (1928.67), 73 (1928.79), 146 (1928.91), 149 (1929.03), 78 (1929.27), 147 (1929.27), 153 (1929.51), 
Result: TEAM 0 WIN*
