Mode: RANDOM
120.24 s > TEAM: 0 	F: 2 	 (1002) 	S: 1 	 (1001) 	T: 3 	 (1000) 	LAP 1
120.24 s > TEAM: 1 	F: 159 	 (1004) 	S: 80 	 (1001) 	T: 158 	 (1000) 	LAP 1
240.24 s > TEAM: 0 	F: 2 	 (2004) 	S: 1 	 (2001) 	T: 3 	 (2000) 	LAP 2
240.24 s > TEAM: 1 	F: 159 	 (3002) 	S: 80 	 (2001) 	T: 158 	 (2000) 	LAP 2
360.24 s > TEAM: 0 	F: 2 	 (4004) 	S: 1 	 (3001) 	T: 3 	 (3000) 	LAP 3
360.24 s > TEAM: 1 	F: 159 	 (4004) 	S: 80 	 (3002) 	T: 158 	 (3000) 	LAP 3
480.24 s > TEAM: 0 	F: 2 	 (6004) 	S: 1 	 (4002) 	T: 3 	 (4000) 	LAP 4
480.24 s > TEAM: 1 	F: 159 	 (5502) 	S: 80 	 (5002) 	T: 158 	 (4000) 	LAP 4
600.24 s > TEAM: 0 	F: 2 	 (6614) 	S: 1 	 (6002) 	T: 3 	 (5000) 	LAP 5
600.24 s > TEAM: 1 	F: 159 	 (6502) 	S: 80 	 (6501) 	T: 158 	 (5000) 	LAP 5
660.24 s > TEAM: 0 	F: 1 	 (7001) 	S: 2 	 (6614) 	T: 3 	 (6000) 	LAP 6
720.24 s > TEAM: 1 	F: 159 	 (7502) 	S: 80 	 (7501) 	T: 158 	 (6000) 	LAP 6
840.24 s > TEAM: 1 	F: 159 	 (8502) 	S: 80 	 (8501) 	T: 158 	 (7000) 	LAP 7
840.36 s > TEAM: 0 	F: 1 	 (9002) 	S: 3 	 (8001) 	T: 4 	 (7000) 	LAP 7
960.24 s > TEAM: 1 	F: 159 	 (10002) 	S: 80 	 (9501) 	T: 158 	 (8000) 	LAP 8
960.36 s > TEAM: 0 	F: 1 	 (10002) 	S: 3 	 (9001) 	T: 4 	 (8000) 	LAP 8
1080.24 s > TEAM: 1 	F: 159 	 (11004) 	S: 80 	 (10501) 	T: 158 	 (9000) 	LAP 9
1080.36 s > TEAM: 0 	F: 1 	 (10703) 	S: 3 	 (10001) 	T: 4 	 (9000) 	LAP 9
1200.24 s > TEAM: 1 	F: 159 	 (13002) 	S: 80 	 (12001) 	T: 158 	 (10000) 	LAP 10
1200.36 s > TEAM: 0 	F: 3 	 (11001) 	S: 1 	 (10703) 	T: 4 	 (10000) 	LAP 10
1320.24 s > TEAM: 1 	F: 159 	 (14004) 	S: 80 	 (13001) 	T: 158 	 (11000) 	LAP 11
1320.48 s > TEAM: 0 	F: 3 	 (12004) 	S: 4 	 (11001) 	T: 5 	 (11000) 	LAP 11
1440.24 s > TEAM: 1 	F: 159 	 (15502) 	S: 80 	 (14001) 	T: 158 	 (12000) 	LAP 12
1440.48 s > TEAM: 0 	F: 3 	 (14004) 	S: 4 	 (12002) 	T: 5 	 (12000) 	LAP 12
1500.48 s > TEAM: 0 	F: 3 	 (15004) 	S: 4 	 (13002) 	T: 5 	 (13000) 	LAP 13
1560.24 s > TEAM: 1 	F: 159 	 (16000) 	S: 80 	 (15002) 	T: 158 	 (13000) 	LAP 13
1620.48 s > TEAM: 0 	F: 3 	 (16000) 	S: 4 	 (15002) 	T: 5 	 (14000) 	LAP 14
1680.24 s > TEAM: 1 	F: 80 	 (16000) 	S: 159 	 (16000) 	T: 158 	 (14000) 	LAP 14
1680.48 s > TEAM: 0 	F: 3 	 (16000) 	S: 4 	 (16000) 	T: 5 	 (15000) 	LAP 15
1800.24 s > TEAM: 1 	F: 80 	 (16000) 	S: 159 	 (16000) 	T: 158 	 (15000) 	LAP 15
1800.48 s > TEAM: 0 	F: 3 	 (16000) 	S: 4 	 (16000) 	T: 5 	 (16000) 	LAP 16
1920.24 s > TEAM: 1 	F: 80 	 (16000) 	S: 158 	 (16000) 	T: 159 	 (16000) 	LAP 16
Broken Team 0: 0 (1), 1 (10), 2 (6), 7 (13), 15 (3), 18 (13), 21 (4), 22 (4), 26 (15), 29 (3), 31 (6), 35 (11), 41 (7), 42 (6), 44 (7), 46 (5), 48 (10), 50 (10), 51 (4), 52 (0), 59 (11), 63 (8), 64 (12), 65 (14), 68 (0), 70 (9), 71 (14), 74 (5), 
Broken Team 1: 82 (1), 83 (6), 86 (6), 87 (15), 88 (12), 93 (0), 95 (9), 98 (12), 105 (7), 112 (8), 116 (12), 117 (0), 120 (4), 121 (13), 122 (10), 123 (11), 124 (9), 126 (1), 128 (3), 131 (15), 135 (13), 141 (13), 144 (9), 146 (0), 147 (5), 148 (13), 152 (0), 153 (1), 157 (1), 
Finishing order: 159 (1500.03), 3 (1560.27), 80 (1620.15), 4 (1680.39), 5 (1800.51), 158 (1920.27), 81 (1920.39), 6 (1920.63), 156 (1920.75), 8 (1920.87), 9 (1920.99), 84 (1920.99), 10 (1921.11), 85 (1921.11), 11 (1921.23), 12 (1921.35), 13 (1921.47), 14 (1921.59), 90 (1921.59), 89 (1921.71), 16 (1921.83), 91 (1921.83), 17 (1921.95), 92 (1921.95), 19 (1922.19), 94 (1922.19), 20 (1922.31), 96 (1922.43), 33 (1922.55), 97 (1922.55), 34 (1922.67), 100 (1922.79), 23 (1922.91), 130 (1922.91), 24 (1923.03), 99 (1923.03), 101 (1923.15), 25 (1923.27), 102 (1923.27), 103 (1923.39), 27 (1923.51), 104 (1923.51), 28 (1923.63), 106 (1923.75), 30 (1923.87), 108 (1923.87), 110 (1923.99), 32 (1924.11), 109 (1924.11), 36 (1924.23), 111 (1924.23), 38 (1924.35), 37 (1924.47), 107 (1924.47), 114 (1924.59), 40 (1924.71), 115 (1924.71), 43 (1924.83), 113 (1924.95), 45 (1925.07), 47 (1925.31), 118 (1925.31), 119 (1925.43), 136 (1925.55), 127 (1925.67), 53 (1926.03), 54 (1926.15), 55 (1926.27), 129 (1926.27), 56 (1926.39), 125 (1926.39), 57 (1926.51), 58 (1926.63), 132 (1926.63), 60 (1926.75), 133 (1926.75), 134 (1926.87), 61 (1926.99), 62 (1927.11), 137 (1927.23), 142 (1927.35), 138 (1927.47), 66 (1927.59), 139 (1927.59), 140 (1927.71), 67 (1927.83), 143 (1927.83), 69 (1928.07), 72 (1928.19), 149 (1928.31), 73 (1928.43), 151 (1928.43), 76 (1928.55), 150 (1928.55), 77 (1928.79), 75 (1928.91), 79 (1929.03), 154 (1929.03), 78 (1929.15), 155 (1929.15), 145 (1929.27), 39 (1929.39), 49 (1929.51), 
Result: TEAM 0 WIN*
