Mode: RANDOM
120.24 s > TEAM: 0 	F: 2 	 (1004) 	S: 1 	 (1002) 	T: 0 	 (1000) 	LAP 1
120.24 s > TEAM: 1 	F: 159 	 (1004) 	S: 80 	 (1001) 	T: 81 	 (1000) 	LAP 1
180.24 s > TEAM: 0 	F: 2 	 (2004) 	S: 1 	 (2001) 	T: 0 	 (2000) 	LAP 2
240.36 s > TEAM: 1 	F: 159 	 (2503) 	S: 80 	 (2002) 	T: 82 	 (2000) 	LAP 2
300.24 s > TEAM: 0 	F: 2 	 (4000) 	S: 1 	 (3002) 	T: 0 	 (3000) 	LAP 3
360.36 s > TEAM: 1 	F: 159 	 (3503) 	S: 80 	 (3002) 	T: 82 	 (3000) 	LAP 3
420.24 s > TEAM: 0 	F: 2 	 (5000) 	S: 1 	 (4999) 	T: 0 	 (4000) 	LAP 4
480.36 s > TEAM: 1 	F: 159 	 (4503) 	S: 80 	 (4002) 	T: 82 	 (4000) 	LAP 4
540.24 s > TEAM: 0 	F: 1 	 (6000) 	S: 2 	 (6000) 	T: 0 	 (5000) 	LAP 5
600.48 s > TEAM: 1 	F: 80 	 (5006) 	S: 82 	 (5001) 	T: 158 	 (5000) 	LAP 5
660.18 s > TEAM: 0 	F: 1 	 (6999) 	S: 2 	 (6999) 	T: 0 	 (6000) 	LAP 6
720.48 s > TEAM: 1 	F: 80 	 (6503) 	S: 82 	 (6001) 	T: 158 	 (6000) 	LAP 6
840.36 s > TEAM: 0 	F: 2 	 (8741) 	S: 1 	 (8501) 	T: 3 	 (7000) 	LAP 7
840.48 s > TEAM: 1 	F: 80 	 (8006) 	S: 82 	 (7002) 	T: 158 	 (7000) 	LAP 7
900.48 s > TEAM: 1 	F: 80 	 (9003) 	S: 82 	 (8002) 	T: 158 	 (8000) 	LAP 8
960.36 s > TEAM: 0 	F: 2 	 (9998) 	S: 1 	 (9501) 	T: 3 	 (8000) 	LAP 8
1020.48 s > TEAM: 1 	F: 80 	 (10006) 	S: 82 	 (9501) 	T: 158 	 (9000) 	LAP 9
1080.36 s > TEAM: 0 	F: 2 	 (10998) 	S: 1 	 (10501) 	T: 3 	 (9000) 	LAP 9
1140.48 s > TEAM: 1 	F: 80 	 (11999) 	S: 82 	 (10998) 	T: 158 	 (10000) 	LAP 10
1200.48 s > TEAM: 0 	F: 2 	 (11999) 	S: 1 	 (11502) 	T: 5 	 (10000) 	LAP 10
1200.48 s > TEAM: 1 	F: 80 	 (12999) 	S: 82 	 (11499) 	T: 158 	 (11000) 	LAP 11
1260.72 s > TEAM: 1 	F: 80 	 (13999) 	S: 82 	 (12001) 	T: 158 	 (12000) 	LAP 12
1320.48 s > TEAM: 0 	F: 2 	 (12999) 	S: 1 	 (12502) 	T: 5 	 (11000) 	LAP 11
1380.72 s > TEAM: 1 	F: 80 	 (14999) 	S: 82 	 (13001) 	T: 158 	 (13000) 	LAP 13
1440.48 s > TEAM: 0 	F: 2 	 (14996) 	S: 1 	 (13997) 	T: 5 	 (12000) 	LAP 12
1500.72 s > TEAM: 1 	F: 80 	 (15999) 	S: 82 	 (14001) 	T: 158 	 (14000) 	LAP 14
1560.48 s > TEAM: 0 	F: 2 	 (15997) 	S: 1 	 (14997) 	T: 5 	 (13000) 	LAP 13
1620.72 s > TEAM: 1 	F: 80 	 (16000) 	S: 82 	 (15001) 	T: 158 	 (15000) 	LAP 15
1680.72 s > TEAM: 0 	F: 2 	 (16000) 	S: 1 	 (15999) 	T: 6 	 (14000) 	LAP 14
1740.72 s > TEAM: 1 	F: 80 	 (16000) 	S: 82 	 (16000) 	T: 158 	 (16000) 	LAP 16
1800.72 s > TEAM: 0 	F: 1 	 (16000) 	S: 2 	 (16000) 	T: 6 	 (15000) 	LAP 15
1860.72 s > TEAM: 0 	F: 1 	 (16000) 	S: 2 	 (16000) 	T: 6 	 (16000) 	LAP 16
Broken Team 0: 0 (6), 3 (9), 4 (0), 5 (13), 7 (1), 12 (0), 15 (3), 22 (0), 24 (4), 29 (9), 30 (14), 37 (14), 39 (11), 43 (8), 48 (3), 54 (1), 55 (0), 57 (4), 61 (13), 62 (3), 65 (7), 66 (6), 67 (11), 69 (4), 71 (12), 77 (5), 
Broken Team 1: 81 (1), 84 (9), 85 (0), 90 (9), 93 (4), 96 (2), 100 (4), 101 (8), 102 (1), 107 (13), 109 (5), 110 (6), 111 (0), 112 (6), 113 (1), 114 (6), 115 (1), 116 (2), 118 (7), 130 (0), 145 (3), 154 (4), 155 (3), 159 (4), 
Finishing order: 80 (1500.87), 2 (1560.87), 1 (1680.87), 82 (1740.63), 158 (1740.75), 83 (1860.63), 6 (1860.75), 157 (1920.75), 156 (1920.87), 8 (1920.99), 9 (1921.11), 153 (1921.11), 10 (1921.23), 11 (1921.35), 152 (1921.35), 13 (1921.47), 14 (1921.59), 86 (1921.59), 16 (1921.83), 89 (1921.83), 88 (1921.95), 19 (1922.07), 87 (1922.07), 17 (1922.19), 38 (1922.31), 91 (1922.31), 18 (1922.43), 21 (1922.55), 92 (1922.55), 94 (1922.67), 20 (1922.79), 95 (1922.79), 23 (1922.91), 97 (1922.91), 25 (1923.03), 143 (1923.03), 98 (1923.27), 27 (1923.39), 149 (1923.39), 26 (1923.51), 99 (1923.51), 31 (1923.75), 32 (1923.87), 76 (1923.99), 105 (1923.99), 75 (1924.11), 103 (1924.11), 72 (1924.23), 106 (1924.23), 104 (1924.35), 35 (1924.47), 34 (1924.59), 40 (1924.71), 33 (1924.83), 108 (1924.83), 28 (1924.95), 41 (1925.07), 36 (1925.31), 45 (1925.55), 42 (1925.67), 44 (1925.79), 120 (1925.79), 49 (1925.91), 46 (1926.03), 119 (1926.03), 47 (1926.15), 117 (1926.15), 51 (1926.27), 151 (1926.27), 122 (1926.39), 50 (1926.51), 123 (1926.51), 121 (1926.63), 53 (1926.75), 124 (1926.75), 126 (1926.87), 52 (1926.99), 125 (1926.99), 56 (1927.11), 58 (1927.23), 127 (1927.23), 60 (1927.35), 148 (1927.35), 128 (1927.47), 131 (1927.59), 59 (1927.71), 129 (1927.71), 133 (1927.83), 64 (1927.95), 147 (1927.95), 63 (1928.07), 135 (1928.07), 150 (1928.19), 132 (1928.31), 134 (1928.43), 68 (1928.55), 139 (1928.55), 144 (1928.67), 73 (1928.79), 146 (1928.79), 70 (1928.91), 137 (1928.91), 136 (1929.03), 78 (1929.15), 138 (1929.15), 74 (1929.27), 140 (1929.27), 141 (1929.39), 79 (1929.51), 142 (1929.51), 
Result: TEAM 0 WIN*
