Mode: RANDOM
120.24 s > TEAM: 0 	F: 1 	 (1002) 	S: 2 	 (1001) 	T: 3 	 (1000) 	LAP 1
120.24 s > TEAM: 1 	F: 156 	 (1002) 	S: 159 	 (1001) 	T: 81 	 (1000) 	LAP 1
240.24 s > TEAM: 0 	F: 1 	 (2004) 	S: 2 	 (2001) 	T: 3 	 (2000) 	LAP 2
240.24 s > TEAM: 1 	F: 156 	 (2004) 	S: 159 	 (2002) 	T: 81 	 (2000) 	LAP 2
300.24 s > TEAM: 1 	F: 156 	 (3004) 	S: 159 	 (3002) 	T: 81 	 (3000) 	LAP 3
360.24 s > TEAM: 0 	F: 1 	 (3999) 	S: 2 	 (3002) 	T: 3 	 (3000) 	LAP 3
420.24 s > TEAM: 0 	F: 1 	 (4999) 	S: 2 	 (4002) 	T: 3 	 (4000) 	LAP 4
420.24 s > TEAM: 1 	F: 156 	 (4502) 	S: 159 	 (4501) 	T: 81 	 (4000) 	LAP 4
480.24 s > TEAM: 0 	F: 1 	 (5999) 	S: 2 	 (5002) 	T: 3 	 (5000) 	LAP 5
540.24 s > TEAM: 1 	F: 156 	 (6002) 	S: 159 	 (6002) 	T: 81 	 (5000) 	LAP 5
660.24 s > TEAM: 1 	F: 159 	 (7495) 	S: 156 	 (7002) 	T: 81 	 (6000) 	LAP 6
660.36 s > TEAM: 0 	F: 1 	 (7997) 	S: 3 	 (6998) 	T: 4 	 (6000) 	LAP 6
780.24 s > TEAM: 1 	F: 159 	 (8495) 	S: 156 	 (8004) 	T: 81 	 (7000) 	LAP 7
780.36 s > TEAM: 0 	F: 1 	 (8997) 	S: 3 	 (7998) 	T: 4 	 (7000) 	LAP 7
900.24 s > TEAM: 1 	F: 156 	 (9495) 	S: 159 	 (9104) 	T: 81 	 (8000) 	LAP 8
900.36 s > TEAM: 0 	F: 1 	 (9997) 	S: 3 	 (8998) 	T: 4 	 (8000) 	LAP 8
1020.24 s > TEAM: 1 	F: 156 	 (10495) 	S: 159 	 (9104) 	T: 81 	 (9000) 	LAP 9
1020.36 s > TEAM: 0 	F: 1 	 (10997) 	S: 3 	 (9998) 	T: 4 	 (9000) 	LAP 9
1140.36 s > TEAM: 0 	F: 1 	 (11998) 	S: 3 	 (10996) 	T: 4 	 (10000) 	LAP 10
1200.36 s > TEAM: 1 	F: 156 	 (11996) 	S: 81 	 (10997) 	T: 80 	 (10000) 	LAP 10
1260.36 s > TEAM: 0 	F: 1 	 (12998) 	S: 3 	 (11001) 	T: 4 	 (11000) 	LAP 11
1320.36 s > TEAM: 1 	F: 156 	 (12996) 	S: 81 	 (11997) 	T: 80 	 (11000) 	LAP 11
1380.48 s > TEAM: 0 	F: 1 	 (13999) 	S: 4 	 (12001) 	T: 7 	 (12000) 	LAP 12
1440.48 s > TEAM: 1 	F: 156 	 (13997) 	S: 81 	 (12998) 	T: 152 	 (12000) 	LAP 12
1500.48 s > TEAM: 0 	F: 1 	 (14999) 	S: 4 	 (13001) 	T: 7 	 (13000) 	LAP 13
1500.48 s > TEAM: 1 	F: 156 	 (14497) 	S: 81 	 (13498) 	T: 152 	 (13000) 	LAP 13
1620.48 s > TEAM: 0 	F: 1 	 (16000) 	S: 4 	 (14002) 	T: 7 	 (14000) 	LAP 14
1620.48 s > TEAM: 1 	F: 156 	 (16000) 	S: 81 	 (15248) 	T: 152 	 (14000) 	LAP 14
1680.48 s > TEAM: 0 	F: 1 	 (16000) 	S: 4 	 (15001) 	T: 7 	 (15000) 	LAP 15
1740.48 s > TEAM: 1 	F: 81 	 (16000) 	S: 156 	 (16000) 	T: 152 	 (15000) 	LAP 15
1800.36 s > TEAM: 0 	F: 1 	 (16000) 	S: 4 	 (16000) 	T: 7 	 (16000) 	LAP 16
1860.48 s > TEAM: 1 	F: 81 	 (16000) 	S: 152 	 (16000) 	T: 156 	 (16000) 	LAP 16
Broken Team 0: 2 (5), 3 (11), 6 (10), 9 (2), 10 (7), 15 (8), 19 (12), 20 (0), 23 (3), 27 (15), 28 (5), 29 (0), 31 (0), 35 (15), 38 (12), 41 (3), 46 (3), 47 (1), 57 (13), 58 (6), 61 (11), 65 (6), 68 (5), 71 (10), 75 (1), 77 (10), 
Broken Team 1: 80 (11), 84 (14), 86 (4), 87 (10), 91 (5), 95 (11), 96 (2), 97 (11), 99 (11), 101 (7), 102 (2), 107 (4), 110 (1), 113 (11), 116 (0), 118 (3), 120 (14), 121 (8), 122 (14), 126 (4), 131 (6), 133 (10), 136 (14), 137 (5), 139 (12), 141 (14), 144 (2), 146 (12), 149 (5), 158 (10), 159 (9), 
Finishing order: 1 (1560.63), 156 (1590.75), 81 (1710.69), 7 (1740.51), 4 (1800.39), 152 (1860.51), 82 (1920.63), 49 (1920.75), 83 (1920.75), 5 (1920.87), 150 (1920.87), 8 (1921.11), 55 (1921.23), 85 (1921.23), 13 (1921.47), 89 (1921.47), 14 (1921.59), 88 (1921.59), 11 (1921.71), 90 (1921.83), 54 (1921.95), 92 (1921.95), 64 (1922.07), 93 (1922.07), 25 (1922.19), 45 (1922.31), 98 (1922.31), 12 (1922.43), 94 (1922.43), 17 (1922.55), 18 (1922.79), 16 (1923.03), 100 (1923.03), 103 (1923.15), 56 (1923.27), 21 (1923.39), 24 (1923.63), 105 (1923.63), 106 (1923.87), 43 (1923.99), 109 (1923.99), 104 (1924.11), 34 (1924.23), 108 (1924.23), 30 (1924.35), 114 (1924.35), 115 (1924.47), 26 (1924.59), 112 (1924.59), 111 (1924.71), 39 (1924.83), 33 (1924.95), 117 (1924.95), 32 (1925.19), 42 (1925.31), 51 (1925.43), 37 (1925.55), 124 (1925.55), 40 (1925.67), 79 (1925.91), 52 (1926.03), 125 (1926.03), 119 (1926.15), 60 (1926.27), 59 (1926.39), 132 (1926.39), 67 (1926.51), 130 (1926.51), 62 (1926.63), 123 (1926.63), 63 (1926.75), 148 (1926.75), 134 (1926.87), 50 (1926.99), 53 (1927.11), 129 (1927.11), 66 (1927.23), 140 (1927.35), 143 (1927.47), 70 (1927.59), 127 (1927.59), 73 (1927.71), 69 (1927.83), 142 (1927.83), 76 (1927.95), 155 (1927.95), 0 (1928.07), 138 (1928.07), 48 (1928.19), 154 (1928.31), 36 (1928.43), 151 (1928.43), 74 (1928.55), 128 (1928.67), 44 (1928.79), 145 (1928.79), 135 (1928.91), 153 (1929.03), 72 (1929.15), 22 (1929.27), 147 (1929.27), 78 (1929.39), 157 (1929.39), 
Result: TEAM 0 WIN*
