Mode: RANDOM
120.24 s > TEAM: 0 	F: 1 	 (1004) 	S: 3 	 (1002) 	T: 4 	 (1000) 	LAP 1
120.24 s > TEAM: 1 	F: 159 	 (1004) 	S: 80 	 (1001) 	T: 81 	 (1000) 	LAP 1
240.24 s > TEAM: 0 	F: 1 	 (3002) 	S: 3 	 (2501) 	T: 4 	 (2000) 	LAP 2
240.24 s > TEAM: 1 	F: 159 	 (3001) 	S: 80 	 (2002) 	T: 81 	 (2000) 	LAP 2
360.24 s > TEAM: 0 	F: 1 	 (4002) 	S: 3 	 (3501) 	T: 4 	 (3000) 	LAP 3
360.24 s > TEAM: 1 	F: 159 	 (5001) 	S: 80 	 (3501) 	T: 81 	 (3000) 	LAP 3
480.24 s > TEAM: 0 	F: 1 	 (5004) 	S: 3 	 (4501) 	T: 4 	 (4000) 	LAP 4
480.24 s > TEAM: 1 	F: 159 	 (7000) 	S: 80 	 (5002) 	T: 81 	 (4000) 	LAP 4
600.24 s > TEAM: 0 	F: 1 	 (6499) 	S: 3 	 (5501) 	T: 4 	 (5000) 	LAP 5
600.24 s > TEAM: 1 	F: 159 	 (8000) 	S: 80 	 (6501) 	T: 81 	 (5000) 	LAP 5
720.24 s > TEAM: 0 	F: 1 	 (7499) 	S: 3 	 (6501) 	T: 4 	 (6000) 	LAP 6
720.24 s > TEAM: 1 	F: 159 	 (9001) 	S: 80 	 (7501) 	T: 81 	 (6000) 	LAP 6
840.24 s > TEAM: 0 	F: 1 	 (8998) 	S: 3 	 (7501) 	T: 4 	 (7000) 	LAP 7
840.24 s > TEAM: 1 	F: 159 	 (10500) 	S: 80 	 (9001) 	T: 81 	 (7000) 	LAP 7
960.24 s > TEAM: 0 	F: 1 	 (9999) 	S: 3 	 (8501) 	T: 4 	 (8000) 	LAP 8
960.24 s > TEAM: 1 	F: 159 	 (11500) 	S: 80 	 (10001) 	T: 81 	 (8000) 	LAP 8
1080.24 s > TEAM: 0 	F: 1 	 (10999) 	S: 3 	 (9501) 	T: 4 	 (9000) 	LAP 9
1080.24 s > TEAM: 1 	F: 159 	 (11822) 	S: 80 	 (11002) 	T: 81 	 (9000) 	LAP 9
1140.60 s > TEAM: 1 	F: 80 	 (12001) 	S: 159 	 (11822) 	T: 81 	 (10000) 	LAP 10
1200.36 s > TEAM: 0 	F: 1 	 (12000) 	S: 4 	 (10001) 	T: 2 	 (10000) 	LAP 10
1230.42 s > TEAM: 1 	F: 80 	 (12999) 	S: 159 	 (11822) 	T: 83 	 (11000) 	LAP 11
1320.36 s > TEAM: 0 	F: 1 	 (14000) 	S: 4 	 (11001) 	T: 2 	 (11000) 	LAP 11
1350.54 s > TEAM: 1 	F: 80 	 (14001) 	S: 83 	 (12001) 	T: 82 	 (12000) 	LAP 12
1440.48 s > TEAM: 0 	F: 1 	 (15002) 	S: 2 	 (12001) 	T: 5 	 (12000) 	LAP 12
1470.54 s > TEAM: 1 	F: 80 	 (14822) 	S: 83 	 (13002) 	T: 82 	 (13000) 	LAP 13
1560.48 s > TEAM: 0 	F: 1 	 (16000) 	S: 2 	 (13001) 	T: 5 	 (13000) 	LAP 13
1590.54 s > TEAM: 1 	F: 83 	 (15001) 	S: 80 	 (14822) 	T: 82 	 (14000) 	LAP 14
1680.48 s > TEAM: 0 	F: 1 	 (16000) 	S: 2 	 (14001) 	T: 5 	 (14000) 	LAP 14
1740.60 s > TEAM: 1 	F: 83 	 (16000) 	S: 82 	 (15501) 	T: 81 	 (15000) 	LAP 15
1800.48 s > TEAM: 0 	F: 1 	 (16000) 	S: 2 	 (15002) 	T: 5 	 (15000) 	LAP 15
1800.60 s > TEAM: 1 	F: 81 	 (16000) 	S: 82 	 (16000) 	T: 83 	 (16000) 	LAP 16
1920.48 s > TEAM: 0 	F: 1 	 (16000) 	S: 2 	 (16000) 	T: 5 	 (16000) 	LAP 16
Broken Team 0: 3 (9), 4 (11), 6 (7), 8 (0), 11 (3), 12 (7), 16 (10), 21 (7), 23 (8), 24 (12), 28 (13), 30 (9), 35 (9), 38 (0), 41 (3), 48 (9), 49 (3), 50 (8), 51 (6), 52 (8), 55 (2), 57 (7), 59 (11), 63 (2), 66 (0), 67 (10), 73 (8), 74 (8), 75 (6), 
Broken Team 1: 80 (14), 87 (10), 94 (5), 97 (1), 98 (6), 99 (12), 101 (12), 107 (4), 109 (11), 112 (14), 113 (15), 115 (6), 118 (7), 120 (9), 124 (7), 126 (10), 128 (4), 133 (6), 135 (7), 136 (4), 137 (8), 138 (14), 142 (8), 143 (9), 147 (11), 149 (0), 158 (8), 159 (11), 
Finishing order: 1 (1500.39), 83 (1710.45), 82 (1770.57), 81 (1800.63), 2 (1860.39), 5 (1920.51), 84 (1920.63), 7 (1920.75), 85 (1920.75), 86 (1920.87), 0 (1920.99), 9 (1921.11), 88 (1921.11), 10 (1921.23), 89 (1921.23), 22 (1921.35), 90 (1921.35), 91 (1921.47), 92 (1921.59), 13 (1921.71), 93 (1921.71), 14 (1921.95), 95 (1921.95), 15 (1922.07), 96 (1922.19), 18 (1922.31), 17 (1922.43), 19 (1922.55), 106 (1922.55), 102 (1922.67), 20 (1922.79), 104 (1922.79), 25 (1923.03), 32 (1923.15), 110 (1923.15), 26 (1923.27), 108 (1923.27), 42 (1923.39), 111 (1923.51), 33 (1923.63), 36 (1923.75), 37 (1923.87), 114 (1923.87), 39 (1923.99), 31 (1924.11), 116 (1924.11), 117 (1924.23), 40 (1924.47), 119 (1924.47), 43 (1924.71), 121 (1924.71), 47 (1924.83), 123 (1924.83), 76 (1924.95), 44 (1925.07), 127 (1925.07), 122 (1925.19), 130 (1925.43), 53 (1925.55), 129 (1925.55), 132 (1925.67), 54 (1925.79), 131 (1925.91), 56 (1926.03), 134 (1926.03), 58 (1926.39), 62 (1926.51), 60 (1926.63), 139 (1926.63), 61 (1926.75), 140 (1926.75), 78 (1926.87), 141 (1926.99), 65 (1927.11), 151 (1927.11), 79 (1927.35), 144 (1927.35), 64 (1927.59), 146 (1927.59), 68 (1927.71), 152 (1927.71), 69 (1927.83), 150 (1927.83), 70 (1927.95), 154 (1927.95), 72 (1928.07), 153 (1928.07), 71 (1928.19), 155 (1928.19), 156 (1928.31), 157 (1928.43), 77 (1928.55), 125 (1928.67), 29 (1928.79), 103 (1928.91), 34 (1929.03), 100 (1929.03), 27 (1929.15), 145 (1929.15), 105 (1929.27), 45 (1929.39), 148 (1929.39), 46 (1929.51), 
Result: TEAM 1 WIN*
