Mode: RANDOM
120.24 s > TEAM: 0 	F: 1 	 (1004) 	S: 0 	 (1001) 	T: 2 	 (1000) 	LAP 1
120.24 s > TEAM: 1 	F: 159 	 (1002) 	S: 80 	 (1001) 	T: 81 	 (1000) 	LAP 1
240.24 s > TEAM: 0 	F: 1 	 (2502) 	S: 0 	 (2001) 	T: 2 	 (2000) 	LAP 2
240.24 s > TEAM: 1 	F: 159 	 (2004) 	S: 80 	 (2001) 	T: 81 	 (2000) 	LAP 2
360.24 s > TEAM: 0 	F: 1 	 (3502) 	S: 0 	 (3001) 	T: 2 	 (3000) 	LAP 3
360.24 s > TEAM: 1 	F: 159 	 (4002) 	S: 80 	 (3001) 	T: 81 	 (3000) 	LAP 3
480.24 s > TEAM: 0 	F: 1 	 (4502) 	S: 0 	 (4001) 	T: 2 	 (4000) 	LAP 4
480.24 s > TEAM: 1 	F: 159 	 (5004) 	S: 80 	 (4002) 	T: 81 	 (4000) 	LAP 4
540.24 s > TEAM: 1 	F: 159 	 (6004) 	S: 80 	 (5002) 	T: 81 	 (5000) 	LAP 5
600.24 s > TEAM: 0 	F: 1 	 (5999) 	S: 0 	 (5002) 	T: 2 	 (5000) 	LAP 5
660.24 s > TEAM: 1 	F: 159 	 (7502) 	S: 80 	 (6501) 	T: 81 	 (6000) 	LAP 6
720.36 s > TEAM: 0 	F: 1 	 (7000) 	S: 2 	 (6999) 	T: 37 	 (6000) 	LAP 6
840.36 s > TEAM: 0 	F: 1 	 (8000) 	S: 2 	 (7999) 	T: 37 	 (7000) 	LAP 7
840.60 s > TEAM: 1 	F: 159 	 (9500) 	S: 81 	 (7503) 	T: 84 	 (7000) 	LAP 7
960.48 s > TEAM: 0 	F: 1 	 (9001) 	S: 2 	 (9001) 	T: 4 	 (8000) 	LAP 8
960.60 s > TEAM: 1 	F: 159 	 (9782) 	S: 81 	 (8503) 	T: 84 	 (8000) 	LAP 8
1080.48 s > TEAM: 0 	F: 1 	 (10003) 	S: 2 	 (10002) 	T: 4 	 (9000) 	LAP 9
1080.60 s > TEAM: 1 	F: 159 	 (9782) 	S: 81 	 (9503) 	T: 84 	 (9000) 	LAP 9
1140.48 s > TEAM: 0 	F: 2 	 (11002) 	S: 1 	 (11001) 	T: 4 	 (10000) 	LAP 10
1200.60 s > TEAM: 0 	F: 2 	 (12004) 	S: 1 	 (11502) 	T: 3 	 (11000) 	LAP 11
1200.72 s > TEAM: 1 	F: 81 	 (10504) 	S: 84 	 (10001) 	T: 125 	 (10000) 	LAP 10
1260.96 s > TEAM: 0 	F: 2 	 (13001) 	S: 1 	 (12005) 	T: 3 	 (12000) 	LAP 12
1320.72 s > TEAM: 1 	F: 81 	 (11504) 	S: 84 	 (11001) 	T: 125 	 (11000) 	LAP 11
1380.96 s > TEAM: 0 	F: 2 	 (14001) 	S: 1 	 (13005) 	T: 3 	 (13000) 	LAP 13
1440.72 s > TEAM: 1 	F: 81 	 (12504) 	S: 84 	 (12001) 	T: 125 	 (12000) 	LAP 12
1500.96 s > TEAM: 0 	F: 2 	 (15001) 	S: 1 	 (14005) 	T: 3 	 (14000) 	LAP 14
1560.72 s > TEAM: 1 	F: 81 	 (13638) 	S: 84 	 (13002) 	T: 125 	 (13000) 	LAP 13
1620.96 s > TEAM: 0 	F: 2 	 (16000) 	S: 1 	 (15011) 	T: 3 	 (15000) 	LAP 15
1680.84 s > TEAM: 1 	F: 84 	 (14502) 	S: 125 	 (14501) 	T: 85 	 (14000) 	LAP 14
1680.96 s > TEAM: 0 	F: 1 	 (16000) 	S: 2 	 (16000) 	T: 3 	 (16000) 	LAP 16
1800.84 s > TEAM: 1 	F: 84 	 (16000) 	S: 125 	 (15501) 	T: 85 	 (15000) 	LAP 15
1920.84 s > TEAM: 1 	F: 84 	 (16000) 	S: 85 	 (16000) 	T: 125 	 (16000) 	LAP 16
Broken Team 0: 0 (5), 4 (14), 5 (4), 7 (7), 8 (10), 9 (5), 11 (2), 12 (0), 16 (7), 18 (15), 23 (11), 29 (9), 35 (9), 37 (7), 38 (4), 40 (9), 42 (1), 46 (0), 48 (2), 49 (14), 51 (9), 52 (0), 57 (1), 58 (14), 64 (9), 66 (13), 69 (5), 72 (11), 73 (15), 
Broken Team 1: 80 (6), 81 (13), 82 (0), 83 (5), 86 (3), 88 (9), 94 (0), 97 (5), 103 (2), 104 (13), 107 (14), 108 (4), 110 (6), 112 (5), 119 (1), 120 (15), 127 (3), 132 (1), 138 (1), 139 (6), 147 (0), 148 (2), 149 (7), 152 (3), 153 (4), 157 (9), 159 (9), 
Finishing order: 2 (1590.81), 1 (1680.33), 3 (1680.99), 84 (1800.63), 6 (1860.75), 125 (1860.75), 85 (1920.87), 87 (1921.11), 41 (1921.35), 89 (1921.35), 124 (1921.47), 39 (1921.59), 123 (1921.59), 34 (1921.71), 158 (1921.71), 43 (1921.83), 106 (1921.83), 154 (1922.07), 10 (1922.19), 155 (1922.19), 151 (1922.31), 140 (1922.43), 15 (1922.55), 142 (1922.67), 13 (1922.79), 14 (1922.91), 135 (1922.91), 19 (1923.03), 137 (1923.03), 21 (1923.27), 24 (1923.39), 22 (1923.51), 133 (1923.51), 20 (1923.63), 98 (1923.63), 45 (1923.75), 129 (1923.75), 141 (1923.87), 28 (1923.99), 114 (1923.99), 27 (1924.11), 156 (1924.11), 17 (1924.35), 144 (1924.35), 32 (1924.47), 30 (1924.59), 96 (1924.59), 25 (1924.71), 99 (1924.71), 26 (1924.83), 91 (1924.83), 36 (1924.95), 31 (1925.07), 100 (1925.07), 47 (1925.19), 95 (1925.19), 50 (1925.31), 101 (1925.31), 105 (1925.43), 33 (1925.55), 118 (1925.55), 53 (1925.79), 117 (1925.79), 102 (1926.03), 109 (1926.27), 55 (1926.39), 111 (1926.39), 44 (1926.51), 60 (1926.63), 93 (1926.63), 62 (1926.75), 145 (1926.75), 59 (1926.87), 121 (1926.87), 61 (1926.99), 116 (1926.99), 115 (1927.23), 67 (1927.47), 146 (1927.59), 68 (1927.71), 128 (1927.71), 63 (1927.83), 65 (1927.95), 90 (1927.95), 71 (1928.07), 74 (1928.31), 134 (1928.31), 77 (1928.43), 150 (1928.43), 78 (1928.55), 131 (1928.55), 75 (1928.67), 92 (1928.67), 70 (1928.79), 136 (1928.79), 76 (1928.91), 130 (1928.91), 79 (1929.03), 126 (1929.03), 113 (1929.27), 56 (1929.39), 122 (1929.39), 54 (1929.51), 143 (1929.51), 
Result: TEAM 1 WIN*
