Mode: RANDOM
120.24 s > TEAM: 0 	F: 1 	 (1002) 	S: 2 	 (1001) 	T: 3 	 (1000) 	LAP 1
120.24 s > TEAM: 1 	F: 159 	 (1004) 	S: 80 	 (1001) 	T: 81 	 (1000) 	LAP 1
240.24 s > TEAM: 0 	F: 1 	 (2002) 	S: 2 	 (2001) 	T: 3 	 (2000) 	LAP 2
240.24 s > TEAM: 1 	F: 159 	 (2502) 	S: 80 	 (2001) 	T: 81 	 (2000) 	LAP 2
360.24 s > TEAM: 0 	F: 1 	 (3004) 	S: 2 	 (3001) 	T: 3 	 (3000) 	LAP 3
360.24 s > TEAM: 1 	F: 159 	 (3036) 	S: 80 	 (3001) 	T: 81 	 (3000) 	LAP 3
480.24 s > TEAM: 0 	F: 1 	 (4502) 	S: 2 	 (4001) 	T: 3 	 (4000) 	LAP 4
480.36 s > TEAM: 1 	F: 80 	 (4002) 	S: 81 	 (4001) 	T: 82 	 (4000) 	LAP 4
600.24 s > TEAM: 0 	F: 1 	 (6002) 	S: 2 	 (5001) 	T: 3 	 (5000) 	LAP 5
600.36 s > TEAM: 1 	F: 80 	 (5004) 	S: 81 	 (5002) 	T: 82 	 (5000) 	LAP 5
720.36 s > TEAM: 0 	F: 1 	 (7003) 	S: 3 	 (6001) 	T: 4 	 (6000) 	LAP 6
720.36 s > TEAM: 1 	F: 80 	 (6502) 	S: 81 	 (6501) 	T: 82 	 (6000) 	LAP 6
840.36 s > TEAM: 0 	F: 1 	 (8006) 	S: 3 	 (7002) 	T: 4 	 (7000) 	LAP 7
840.36 s > TEAM: 1 	F: 80 	 (7502) 	S: 81 	 (7501) 	T: 82 	 (7000) 	LAP 7
960.36 s > TEAM: 0 	F: 1 	 (10003) 	S: 3 	 (9001) 	T: 4 	 (8000) 	LAP 8
960.36 s > TEAM: 1 	F: 80 	 (9002) 	S: 81 	 (9001) 	T: 82 	 (8000) 	LAP 8
1080.36 s > TEAM: 0 	F: 1 	 (11003) 	S: 3 	 (10001) 	T: 4 	 (9000) 	LAP 9
1080.36 s > TEAM: 1 	F: 80 	 (10004) 	S: 81 	 (10001) 	T: 82 	 (9000) 	LAP 9
1200.36 s > TEAM: 0 	F: 1 	 (12003) 	S: 3 	 (11001) 	T: 4 	 (10000) 	LAP 10
1200.36 s > TEAM: 1 	F: 80 	 (12004) 	S: 81 	 (11001) 	T: 82 	 (10000) 	LAP 10
1320.36 s > TEAM: 0 	F: 1 	 (13003) 	S: 3 	 (12001) 	T: 4 	 (11000) 	LAP 11
1320.36 s > TEAM: 1 	F: 80 	 (13768) 	S: 81 	 (12002) 	T: 82 	 (11000) 	LAP 11
1380.36 s > TEAM: 1 	F: 80 	 (13768) 	S: 81 	 (13002) 	T: 82 	 (12000) 	LAP 12
1440.36 s > TEAM: 0 	F: 1 	 (14003) 	S: 3 	 (13001) 	T: 4 	 (12000) 	LAP 12
1440.36 s > TEAM: 1 	F: 81 	 (14001) 	S: 80 	 (13768) 	T: 82 	 (13000) 	LAP 13
1560.36 s > TEAM: 0 	F: 1 	 (15003) 	S: 3 	 (14001) 	T: 4 	 (13000) 	LAP 13
1680.36 s > TEAM: 0 	F: 1 	 (16000) 	S: 3 	 (15002) 	T: 4 	 (14000) 	LAP 14
1680.48 s > TEAM: 1 	F: 81 	 (16000) 	S: 82 	 (15001) 	T: 83 	 (14000) 	LAP 14
1800.36 s > TEAM: 0 	F: 1 	 (16000) 	S: 3 	 (16000) 	T: 4 	 (15000) 	LAP 15
1800.48 s > TEAM: 1 	F: 81 	 (16000) 	S: 82 	 (16000) 	T: 83 	 (15000) 	LAP 15
1860.60 s > TEAM: 0 	F: 1 	 (16000) 	S: 3 	 (16000) 	T: 6 	 (16000) 	LAP 16
1920.48 s > TEAM: 1 	F: 81 	 (16000) 	S: 82 	 (16000) 	T: 83 	 (16000) 	LAP 16
Broken Team 0: 2 (5), 4 (15), 5 (10), 7 (13), 9 (10), 11 (12), 16 (0), 18 (3), 20 (5), 21 (1), 23 (12), 29 (13), 31 (4), 34 (14), 35 (0), 40 (8), 42 (2), 44 (15), 48 (10), 49 (10), 57 (4), 61 (3), 62 (2), 63 (9), 65 (9), 67 (7), 68 (12), 70 (15), 77 (6), 
Broken Team 1: 80 (13), 84 (4), 85 (4), 86 (4), 88 (13), 90 (6), 95 (0), 96 (1), 98 (5), 101 (13), 105 (6), 109 (9), 113 (2), 117 (3), 119 (3), 120 (4), 121 (8), 122 (12), 125 (13), 137 (6), 141 (9), 143 (12), 146 (8), 147 (11), 150 (3), 151 (5), 157 (14), 159 (3), 
Finishing order: 1 (1680.03), 81 (1680.27), 3 (1740.27), 82 (1800.39), 6 (1860.63), 8 (1860.87), 83 (1920.51), 87 (1920.99), 10 (1921.11), 89 (1921.23), 12 (1921.35), 126 (1921.35), 13 (1921.47), 14 (1921.59), 91 (1921.59), 15 (1921.71), 92 (1921.71), 93 (1921.83), 94 (1921.95), 19 (1922.07), 97 (1922.31), 22 (1922.43), 99 (1922.55), 24 (1922.67), 100 (1922.67), 25 (1922.79), 17 (1922.91), 102 (1922.91), 26 (1923.03), 103 (1923.03), 27 (1923.15), 104 (1923.15), 28 (1923.27), 30 (1923.39), 107 (1923.39), 106 (1923.51), 108 (1923.63), 32 (1923.75), 33 (1923.87), 110 (1923.87), 0 (1923.99), 111 (1923.99), 112 (1924.11), 36 (1924.35), 114 (1924.35), 37 (1924.47), 115 (1924.47), 38 (1924.59), 116 (1924.59), 39 (1924.83), 41 (1924.95), 118 (1924.95), 156 (1925.07), 43 (1925.19), 45 (1925.43), 46 (1925.55), 47 (1925.67), 123 (1925.79), 127 (1925.91), 50 (1926.03), 128 (1926.03), 54 (1926.15), 124 (1926.15), 51 (1926.27), 129 (1926.27), 52 (1926.39), 130 (1926.39), 53 (1926.51), 131 (1926.51), 56 (1926.63), 132 (1926.63), 133 (1926.75), 55 (1926.87), 134 (1926.87), 58 (1926.99), 60 (1927.11), 135 (1927.11), 59 (1927.23), 136 (1927.23), 138 (1927.35), 139 (1927.47), 64 (1927.59), 140 (1927.59), 66 (1927.83), 142 (1927.83), 144 (1927.95), 145 (1928.07), 69 (1928.43), 149 (1928.43), 72 (1928.55), 71 (1928.67), 148 (1928.67), 73 (1928.79), 75 (1928.91), 152 (1928.91), 78 (1929.03), 158 (1929.03), 74 (1929.15), 79 (1929.27), 155 (1929.27), 76 (1929.39), 154 (1929.39), 153 (1929.51), 
Result: TEAM 1 WIN*
