Mode: RANDOM
120.24 s > TEAM: 0 	F: 2 	 (1002) 	S: 1 	 (1001) 	T: 3 	 (1000) 	LAP 1
120.24 s > TEAM: 1 	F: 159 	 (1002) 	S: 80 	 (1001) 	T: 81 	 (1000) 	LAP 1
240.24 s > TEAM: 0 	F: 2 	 (2004) 	S: 1 	 (2001) 	T: 3 	 (2000) 	LAP 2
240.24 s > TEAM: 1 	F: 159 	 (2004) 	S: 80 	 (2002) 	T: 81 	 (2000) 	LAP 2
360.24 s > TEAM: 0 	F: 2 	 (4001) 	S: 1 	 (3002) 	T: 3 	 (3000) 	LAP 3
360.24 s > TEAM: 1 	F: 159 	 (4002) 	S: 80 	 (3501) 	T: 81 	 (3000) 	LAP 3
420.24 s > TEAM: 0 	F: 2 	 (5001) 	S: 1 	 (4002) 	T: 3 	 (4000) 	LAP 4
480.24 s > TEAM: 1 	F: 159 	 (5004) 	S: 80 	 (4501) 	T: 81 	 (4000) 	LAP 4
540.24 s > TEAM: 0 	F: 2 	 (6998) 	S: 1 	 (5996) 	T: 3 	 (5000) 	LAP 5
600.24 s > TEAM: 1 	F: 159 	 (6994) 	S: 80 	 (5993) 	T: 81 	 (5000) 	LAP 5
630.30 s > TEAM: 0 	F: 2 	 (7748) 	S: 1 	 (6994) 	T: 6 	 (6000) 	LAP 6
660.24 s > TEAM: 1 	F: 159 	 (7494) 	S: 80 	 (6493) 	T: 81 	 (6000) 	LAP 6
690.54 s > TEAM: 0 	F: 2 	 (8250) 	S: 1 	 (7998) 	T: 7 	 (7000) 	LAP 7
721.14 s > TEAM: 1 	F: 159 	 (8001) 	S: 80 	 (7001) 	T: 81 	 (7000) 	LAP 7
810.54 s > TEAM: 0 	F: 2 	 (9250) 	S: 1 	 (8999) 	T: 7 	 (8000) 	LAP 8
841.20 s > TEAM: 1 	F: 159 	 (9001) 	S: 158 	 (8002) 	T: 83 	 (8000) 	LAP 8
930.54 s > TEAM: 0 	F: 2 	 (10250) 	S: 1 	 (9999) 	T: 7 	 (9000) 	LAP 9
961.20 s > TEAM: 1 	F: 159 	 (10001) 	S: 158 	 (9002) 	T: 83 	 (9000) 	LAP 9
1050.54 s > TEAM: 0 	F: 2 	 (11501) 	S: 1 	 (10999) 	T: 7 	 (10000) 	LAP 10
1081.20 s > TEAM: 1 	F: 159 	 (11001) 	S: 158 	 (10002) 	T: 83 	 (10000) 	LAP 10
1170.54 s > TEAM: 0 	F: 2 	 (13243) 	S: 1 	 (12243) 	T: 7 	 (11000) 	LAP 11
1201.20 s > TEAM: 1 	F: 159 	 (12001) 	S: 158 	 (11002) 	T: 83 	 (11000) 	LAP 11
1290.54 s > TEAM: 0 	F: 2 	 (14243) 	S: 1 	 (13243) 	T: 7 	 (12000) 	LAP 12
1321.20 s > TEAM: 1 	F: 159 	 (13001) 	S: 158 	 (12002) 	T: 83 	 (12000) 	LAP 12
1410.54 s > TEAM: 0 	F: 2 	 (15243) 	S: 1 	 (14243) 	T: 7 	 (13000) 	LAP 13
1441.20 s > TEAM: 1 	F: 159 	 (14001) 	S: 158 	 (13002) 	T: 83 	 (13000) 	LAP 13
1530.54 s > TEAM: 0 	F: 2 	 (16000) 	S: 1 	 (15243) 	T: 7 	 (14000) 	LAP 14
1561.44 s > TEAM: 1 	F: 159 	 (15003) 	S: 83 	 (14002) 	T: 80 	 (14000) 	LAP 14
1650.54 s > TEAM: 0 	F: 1 	 (16000) 	S: 2 	 (16000) 	T: 7 	 (15000) 	LAP 15
1681.44 s > TEAM: 1 	F: 159 	 (16000) 	S: 83 	 (15002) 	T: 80 	 (15000) 	LAP 15
1741.68 s > TEAM: 0 	F: 1 	 (16000) 	S: 2 	 (16000) 	T: 7 	 (16000) 	LAP 16
1801.44 s > TEAM: 1 	F: 80 	 (16000) 	S: 82 	 (16000) 	T: 83 	 (16000) 	LAP 16
Broken Team 0: 4 (13), 5 (3), 6 (10), 11 (5), 12 (2), 13 (10), 15 (1), 20 (14), 31 (7), 32 (10), 36 (0), 37 (12), 48 (13), 49 (7), 51 (5), 57 (2), 60 (13), 61 (9), 65 (2), 67 (15), 69 (2), 72 (3), 73 (0), 76 (12), 77 (9), 78 (14), 79 (10), 
Broken Team 1: 86 (13), 89 (6), 90 (2), 92 (13), 94 (4), 95 (8), 96 (14), 97 (1), 101 (12), 109 (13), 110 (12), 112 (14), 119 (8), 121 (2), 125 (10), 127 (9), 131 (8), 132 (4), 134 (14), 138 (8), 140 (7), 146 (1), 148 (10), 153 (4), 156 (1), 158 (13), 
Finishing order: 2 (1501.35), 1 (1621.35), 159 (1681.11), 7 (1741.71), 83 (1801.23), 80 (1801.47), 82 (1801.47), 81 (1801.59), 3 (1860.27), 84 (1920.75), 8 (1920.87), 85 (1920.87), 9 (1920.99), 10 (1921.11), 87 (1921.11), 88 (1921.23), 14 (1921.59), 91 (1921.59), 16 (1921.83), 93 (1921.83), 17 (1921.95), 0 (1922.07), 18 (1922.19), 21 (1922.43), 98 (1922.43), 19 (1922.55), 99 (1922.55), 22 (1922.67), 23 (1922.79), 155 (1922.79), 25 (1922.91), 100 (1922.91), 27 (1923.03), 128 (1923.03), 26 (1923.15), 102 (1923.15), 28 (1923.27), 105 (1923.27), 53 (1923.39), 104 (1923.39), 24 (1923.51), 103 (1923.51), 29 (1923.63), 106 (1923.63), 30 (1923.75), 107 (1923.75), 108 (1923.99), 33 (1924.11), 34 (1924.23), 111 (1924.23), 35 (1924.35), 113 (1924.47), 114 (1924.59), 75 (1924.71), 115 (1924.71), 52 (1924.83), 116 (1924.83), 40 (1924.95), 117 (1924.95), 44 (1925.07), 118 (1925.07), 45 (1925.31), 120 (1925.31), 50 (1925.43), 46 (1925.55), 74 (1925.67), 122 (1925.67), 47 (1925.79), 124 (1926.03), 54 (1926.15), 56 (1926.27), 133 (1926.27), 55 (1926.51), 136 (1926.51), 58 (1926.63), 135 (1926.63), 137 (1926.75), 59 (1926.87), 139 (1926.99), 62 (1927.11), 63 (1927.23), 141 (1927.23), 64 (1927.35), 142 (1927.35), 144 (1927.47), 66 (1927.59), 143 (1927.59), 71 (1927.83), 145 (1927.83), 68 (1927.95), 147 (1927.95), 70 (1928.19), 150 (1928.19), 149 (1928.31), 152 (1928.43), 157 (1928.55), 123 (1928.79), 39 (1928.91), 130 (1928.91), 38 (1929.03), 151 (1929.03), 43 (1929.15), 126 (1929.15), 42 (1929.27), 129 (1929.27), 41 (1929.39), 154 (1929.39), 
Result: TEAM 0 WIN
