Mode: RANDOM
120.24 s > TEAM: 0 	F: 0 	 (1004) 	S: 2 	 (1002) 	T: 3 	 (1000) 	LAP 1
120.24 s > TEAM: 1 	F: 159 	 (1004) 	S: 80 	 (1002) 	T: 81 	 (1000) 	LAP 1
180.24 s > TEAM: 1 	F: 80 	 (2002) 	S: 159 	 (2002) 	T: 81 	 (2000) 	LAP 2
240.24 s > TEAM: 0 	F: 0 	 (3002) 	S: 2 	 (2501) 	T: 3 	 (2000) 	LAP 2
300.00 s > TEAM: 1 	F: 80 	 (3499) 	S: 81 	 (3498) 	T: 159 	 (3000) 	LAP 3
360.24 s > TEAM: 0 	F: 0 	 (4002) 	S: 2 	 (3501) 	T: 3 	 (3000) 	LAP 3
420.00 s > TEAM: 1 	F: 80 	 (4998) 	S: 81 	 (4997) 	T: 159 	 (4000) 	LAP 4
480.00 s > TEAM: 1 	F: 81 	 (5997) 	S: 80 	 (5499) 	T: 159 	 (5000) 	LAP 5
480.24 s > TEAM: 0 	F: 0 	 (5004) 	S: 2 	 (4501) 	T: 3 	 (4000) 	LAP 4
540.12 s > TEAM: 1 	F: 81 	 (6499) 	S: 159 	 (6001) 	T: 80 	 (6000) 	LAP 6
600.24 s > TEAM: 0 	F: 0 	 (6500) 	S: 2 	 (6001) 	T: 3 	 (5000) 	LAP 5
660.12 s > TEAM: 1 	F: 81 	 (7999) 	S: 159 	 (7002) 	T: 80 	 (7000) 	LAP 7
720.12 s > TEAM: 1 	F: 81 	 (8999) 	S: 159 	 (8002) 	T: 80 	 (8000) 	LAP 8
720.24 s > TEAM: 0 	F: 0 	 (7500) 	S: 2 	 (7001) 	T: 3 	 (6000) 	LAP 6
840.12 s > TEAM: 1 	F: 81 	 (10498) 	S: 159 	 (10002) 	T: 80 	 (9000) 	LAP 9
840.24 s > TEAM: 0 	F: 0 	 (8999) 	S: 2 	 (8002) 	T: 3 	 (7000) 	LAP 7
900.12 s > TEAM: 1 	F: 81 	 (11249) 	S: 159 	 (10752) 	T: 80 	 (10000) 	LAP 10
960.24 s > TEAM: 0 	F: 0 	 (10500) 	S: 2 	 (8828) 	T: 3 	 (8000) 	LAP 8
1080.36 s > TEAM: 0 	F: 0 	 (12001) 	S: 3 	 (9001) 	T: 1 	 (9000) 	LAP 9
1200.36 s > TEAM: 0 	F: 0 	 (13001) 	S: 3 	 (10001) 	T: 1 	 (10000) 	LAP 10
1260.60 s > TEAM: 1 	F: 81 	 (15001) 	S: 80 	 (14002) 	T: 82 	 (11000) 	LAP 11
1320.36 s > TEAM: 0 	F: 0 	 (14001) 	S: 3 	 (11001) 	T: 1 	 (11000) 	LAP 11
1440.36 s > TEAM: 0 	F: 0 	 (15001) 	S: 3 	 (12001) 	T: 1 	 (12000) 	LAP 12
1440.48 s > TEAM: 1 	F: 81 	 (16000) 	S: 80 	 (15501) 	T: 158 	 (12000) 	LAP 12
1560.36 s > TEAM: 0 	F: 0 	 (16000) 	S: 3 	 (13002) 	T: 1 	 (13000) 	LAP 13
1560.48 s > TEAM: 1 	F: 80 	 (16000) 	S: 81 	 (16000) 	T: 158 	 (13000) 	LAP 13
1680.36 s > TEAM: 0 	F: 0 	 (16000) 	S: 3 	 (14501) 	T: 1 	 (14000) 	LAP 14
1680.48 s > TEAM: 1 	F: 80 	 (16000) 	S: 81 	 (16000) 	T: 158 	 (14000) 	LAP 14
1800.36 s > TEAM: 0 	F: 0 	 (16000) 	S: 3 	 (15501) 	T: 1 	 (15000) 	LAP 15
1800.48 s > TEAM: 1 	F: 80 	 (16000) 	S: 81 	 (16000) 	T: 158 	 (15000) 	LAP 15
1860.48 s > TEAM: 1 	F: 80 	 (16000) 	S: 81 	 (16000) 	T: 158 	 (16000) 	LAP 16
1920.36 s > TEAM: 0 	F: 0 	 (16000) 	S: 1 	 (16000) 	T: 3 	 (16000) 	LAP 16
Broken Team 0: 2 (8), 4 (11), 15 (8), 17 (9), 19 (14), 24 (8), 29 (9), 30 (14), 32 (10), 33 (14), 36 (12), 37 (5), 42 (4), 46 (15), 55 (13), 58 (9), 60 (13), 61 (9), 63 (15), 64 (1), 65 (7), 67 (4), 70 (11), 77 (13), 79 (4), 
Broken Team 1: 82 (11), 87 (12), 93 (0), 97 (4), 102 (0), 104 (15), 108 (2), 110 (9), 111 (0), 114 (12), 115 (7), 119 (11), 120 (7), 122 (0), 124 (0), 125 (7), 126 (11), 128 (5), 131 (9), 134 (3), 137 (11), 138 (12), 139 (9), 140 (8), 152 (5), 154 (3), 159 (10), 
Finishing order: 81 (1380.51), 80 (1500.39), 0 (1560.27), 3 (1860.27), 158 (1860.51), 1 (1920.39), 5 (1920.63), 153 (1920.63), 6 (1920.75), 8 (1920.87), 7 (1920.99), 155 (1920.99), 9 (1921.11), 156 (1921.11), 14 (1921.23), 151 (1921.23), 10 (1921.35), 83 (1921.35), 85 (1921.47), 16 (1921.59), 84 (1921.59), 12 (1921.71), 157 (1921.71), 11 (1921.83), 13 (1921.95), 86 (1921.95), 18 (1922.07), 89 (1922.07), 20 (1922.19), 88 (1922.19), 90 (1922.31), 21 (1922.43), 91 (1922.43), 92 (1922.55), 23 (1922.67), 129 (1922.79), 25 (1922.91), 142 (1922.91), 22 (1923.03), 130 (1923.03), 27 (1923.15), 148 (1923.15), 49 (1923.27), 123 (1923.27), 51 (1923.39), 133 (1923.39), 31 (1923.51), 149 (1923.51), 150 (1923.63), 26 (1923.75), 94 (1923.87), 95 (1923.99), 99 (1924.11), 35 (1924.35), 28 (1924.47), 98 (1924.47), 38 (1924.59), 96 (1924.59), 100 (1924.71), 39 (1924.83), 141 (1924.83), 101 (1924.95), 41 (1925.07), 105 (1925.07), 44 (1925.19), 103 (1925.19), 45 (1925.31), 43 (1925.43), 109 (1925.55), 47 (1925.67), 112 (1925.67), 50 (1925.79), 52 (1925.91), 54 (1926.03), 118 (1926.15), 40 (1926.27), 53 (1926.39), 106 (1926.39), 56 (1926.51), 48 (1926.63), 34 (1926.75), 107 (1926.75), 127 (1926.99), 57 (1927.11), 59 (1927.23), 121 (1927.35), 132 (1927.47), 68 (1927.59), 135 (1927.59), 117 (1927.71), 62 (1927.83), 136 (1927.83), 72 (1928.07), 66 (1928.19), 147 (1928.19), 71 (1928.31), 143 (1928.31), 76 (1928.43), 146 (1928.43), 69 (1928.79), 113 (1928.79), 73 (1928.91), 116 (1928.91), 75 (1929.03), 74 (1929.27), 144 (1929.27), 78 (1929.39), 145 (1929.39), 
Result: TEAM 1 WIN*
