Mode: RANDOM
120.24 s > TEAM: 0 	F: 2 	 (1004) 	S: 0 	 (1001) 	T: 3 	 (1000) 	LAP 1
120.24 s > TEAM: 1 	F: 159 	 (1002) 	S: 80 	 (1001) 	T: 81 	 (1000) 	LAP 1
240.24 s > TEAM: 0 	F: 2 	 (3004) 	S: 0 	 (2001) 	T: 3 	 (2000) 	LAP 2
240.24 s > TEAM: 1 	F: 159 	 (2004) 	S: 80 	 (2001) 	T: 81 	 (2000) 	LAP 2
360.24 s > TEAM: 0 	F: 2 	 (5004) 	S: 0 	 (3002) 	T: 3 	 (3000) 	LAP 3
360.36 s > TEAM: 1 	F: 159 	 (3503) 	S: 80 	 (3002) 	T: 82 	 (3000) 	LAP 3
420.24 s > TEAM: 0 	F: 2 	 (6002) 	S: 0 	 (4001) 	T: 3 	 (4000) 	LAP 4
480.36 s > TEAM: 1 	F: 159 	 (4503) 	S: 80 	 (4002) 	T: 82 	 (4000) 	LAP 4
540.18 s > TEAM: 0 	F: 2 	 (7003) 	S: 0 	 (5001) 	T: 3 	 (5000) 	LAP 5
600.18 s > TEAM: 0 	F: 2 	 (8001) 	S: 0 	 (6000) 	T: 3 	 (6000) 	LAP 6
600.36 s > TEAM: 1 	F: 159 	 (5503) 	S: 80 	 (5002) 	T: 82 	 (5000) 	LAP 5
720.12 s > TEAM: 0 	F: 2 	 (9001) 	S: 0 	 (7000) 	T: 3 	 (7000) 	LAP 7
720.36 s > TEAM: 1 	F: 159 	 (6503) 	S: 80 	 (6002) 	T: 82 	 (6000) 	LAP 6
810.12 s > TEAM: 0 	F: 2 	 (9751) 	S: 1 	 (8000) 	T: 3 	 (8000) 	LAP 8
840.36 s > TEAM: 1 	F: 159 	 (8006) 	S: 80 	 (7002) 	T: 82 	 (7000) 	LAP 7
930.12 s > TEAM: 0 	F: 2 	 (11000) 	S: 1 	 (9001) 	T: 3 	 (9000) 	LAP 9
960.36 s > TEAM: 1 	F: 159 	 (10003) 	S: 80 	 (8004) 	T: 82 	 (8000) 	LAP 8
1050.12 s > TEAM: 0 	F: 2 	 (12999) 	S: 1 	 (11000) 	T: 3 	 (10000) 	LAP 10
1080.36 s > TEAM: 1 	F: 159 	 (11751) 	S: 80 	 (9751) 	T: 82 	 (9000) 	LAP 9
1200.12 s > TEAM: 0 	F: 2 	 (14351) 	S: 1 	 (12250) 	T: 0 	 (11000) 	LAP 11
1200.36 s > TEAM: 1 	F: 159 	 (13102) 	S: 80 	 (11207) 	T: 82 	 (10000) 	LAP 10
1320.12 s > TEAM: 0 	F: 2 	 (15351) 	S: 1 	 (13250) 	T: 0 	 (12000) 	LAP 12
1320.36 s > TEAM: 1 	F: 159 	 (14102) 	S: 80 	 (12146) 	T: 82 	 (11000) 	LAP 11
1440.12 s > TEAM: 0 	F: 2 	 (15846) 	S: 1 	 (14250) 	T: 0 	 (13000) 	LAP 13
1440.36 s > TEAM: 1 	F: 159 	 (15205) 	S: 80 	 (12146) 	T: 82 	 (12000) 	LAP 12
1560.12 s > TEAM: 0 	F: 2 	 (15846) 	S: 1 	 (15250) 	T: 0 	 (14000) 	LAP 14
1560.48 s > TEAM: 1 	F: 159 	 (16000) 	S: 82 	 (13001) 	T: 83 	 (13000) 	LAP 13
1680.12 s > TEAM: 0 	F: 1 	 (16000) 	S: 2 	 (15846) 	T: 0 	 (15000) 	LAP 15
1680.48 s > TEAM: 1 	F: 159 	 (16000) 	S: 82 	 (14002) 	T: 83 	 (14000) 	LAP 14
1740.48 s > TEAM: 1 	F: 159 	 (16000) 	S: 82 	 (15002) 	T: 83 	 (15000) 	LAP 15
1800.48 s > TEAM: 1 	F: 82 	 (16000) 	S: 83 	 (16000) 	T: 159 	 (16000) 	LAP 16
1860.48 s > TEAM: 0 	F: 0 	 (16000) 	S: 1 	 (16000) 	T: 4 	 (16000) 	LAP 16
Broken Team 0: 2 (15), 3 (10), 5 (0), 6 (15), 11 (8), 13 (4), 14 (8), 15 (12), 18 (14), 21 (11), 22 (15), 23 (12), 36 (6), 38 (0), 39 (15), 41 (15), 42 (13), 46 (5), 47 (2), 58 (8), 60 (10), 62 (3), 63 (1), 64 (1), 70 (12), 71 (0), 72 (1), 74 (5), 75 (2), 
Broken Team 1: 80 (12), 81 (2), 84 (1), 86 (10), 87 (0), 89 (4), 91 (10), 94 (5), 95 (1), 99 (6), 103 (0), 104 (11), 105 (12), 109 (5), 114 (11), 115 (7), 121 (9), 122 (4), 125 (4), 126 (4), 134 (8), 138 (3), 139 (7), 141 (13), 143 (9), 145 (1), 147 (6), 150 (4), 153 (0), 157 (4), 158 (13), 
Finishing order: 159 (1488.09), 1 (1650.09), 0 (1800.15), 82 (1800.39), 83 (1800.51), 85 (1800.63), 4 (1860.51), 7 (1920.87), 156 (1920.87), 8 (1920.99), 9 (1921.11), 66 (1921.23), 10 (1921.47), 88 (1921.47), 12 (1921.59), 90 (1921.59), 16 (1921.95), 93 (1921.95), 92 (1922.07), 17 (1922.19), 20 (1922.43), 96 (1922.43), 19 (1922.55), 97 (1922.67), 98 (1922.79), 100 (1922.91), 25 (1923.03), 101 (1923.03), 24 (1923.15), 102 (1923.15), 43 (1923.27), 40 (1923.39), 151 (1923.39), 27 (1923.51), 29 (1923.63), 30 (1923.75), 106 (1923.75), 32 (1923.87), 107 (1923.87), 26 (1923.99), 31 (1924.11), 108 (1924.11), 35 (1924.23), 128 (1924.23), 34 (1924.35), 28 (1924.47), 110 (1924.47), 33 (1924.59), 112 (1924.59), 37 (1924.71), 111 (1924.83), 113 (1924.95), 118 (1925.07), 120 (1925.31), 45 (1925.43), 124 (1925.43), 44 (1925.67), 49 (1925.79), 127 (1925.79), 130 (1925.91), 51 (1926.03), 131 (1926.03), 54 (1926.15), 48 (1926.27), 132 (1926.27), 50 (1926.39), 133 (1926.39), 53 (1926.51), 136 (1926.51), 52 (1926.63), 135 (1926.63), 55 (1926.75), 142 (1926.75), 57 (1926.87), 137 (1926.87), 59 (1926.99), 140 (1927.11), 56 (1927.35), 61 (1927.47), 65 (1927.59), 146 (1927.59), 129 (1927.71), 148 (1927.95), 67 (1928.07), 144 (1928.07), 68 (1928.19), 69 (1928.31), 149 (1928.31), 154 (1928.55), 73 (1928.67), 152 (1928.67), 77 (1928.91), 117 (1928.91), 155 (1929.03), 79 (1929.15), 119 (1929.15), 76 (1929.27), 116 (1929.27), 78 (1929.39), 123 (1929.39), 
Result: TEAM 0 WIN*
