Mode: RANDOM
120.24 s > TEAM: 0 	F: 1 	 (1002) 	S: 2 	 (1001) 	T: 3 	 (1000) 	LAP 1
120.24 s > TEAM: 1 	F: 159 	 (1002) 	S: 80 	 (1001) 	T: 97 	 (1000) 	LAP 1
240.24 s > TEAM: 0 	F: 1 	 (2002) 	S: 2 	 (2001) 	T: 3 	 (2000) 	LAP 2
240.24 s > TEAM: 1 	F: 159 	 (2002) 	S: 80 	 (2001) 	T: 97 	 (2000) 	LAP 2
360.24 s > TEAM: 0 	F: 1 	 (3002) 	S: 2 	 (3001) 	T: 3 	 (3000) 	LAP 3
360.24 s > TEAM: 1 	F: 159 	 (3004) 	S: 80 	 (3001) 	T: 97 	 (3000) 	LAP 3
480.24 s > TEAM: 0 	F: 1 	 (4002) 	S: 2 	 (4001) 	T: 3 	 (4000) 	LAP 4
480.24 s > TEAM: 1 	F: 159 	 (4502) 	S: 80 	 (4001) 	T: 97 	 (4000) 	LAP 4
600.24 s > TEAM: 0 	F: 1 	 (5002) 	S: 2 	 (5001) 	T: 3 	 (5000) 	LAP 5
600.24 s > TEAM: 1 	F: 159 	 (5502) 	S: 80 	 (5001) 	T: 97 	 (5000) 	LAP 5
720.24 s > TEAM: 0 	F: 1 	 (6002) 	S: 2 	 (6001) 	T: 3 	 (6000) 	LAP 6
720.24 s > TEAM: 1 	F: 159 	 (6502) 	S: 80 	 (6001) 	T: 97 	 (6000) 	LAP 6
840.24 s > TEAM: 0 	F: 1 	 (7004) 	S: 2 	 (7001) 	T: 3 	 (7000) 	LAP 7
840.36 s > TEAM: 1 	F: 159 	 (8003) 	S: 80 	 (7002) 	T: 82 	 (7000) 	LAP 7
960.24 s > TEAM: 0 	F: 1 	 (8502) 	S: 2 	 (8001) 	T: 3 	 (8000) 	LAP 8
960.36 s > TEAM: 1 	F: 159 	 (9003) 	S: 80 	 (8002) 	T: 82 	 (8000) 	LAP 8
1080.24 s > TEAM: 0 	F: 1 	 (9502) 	S: 2 	 (9001) 	T: 3 	 (9000) 	LAP 9
1080.36 s > TEAM: 1 	F: 159 	 (10006) 	S: 80 	 (9004) 	T: 82 	 (9000) 	LAP 9
1140.36 s > TEAM: 1 	F: 159 	 (11006) 	S: 80 	 (10004) 	T: 82 	 (10000) 	LAP 10
1200.24 s > TEAM: 0 	F: 1 	 (10502) 	S: 2 	 (10001) 	T: 3 	 (10000) 	LAP 10
1200.36 s > TEAM: 1 	F: 159 	 (12006) 	S: 80 	 (11004) 	T: 82 	 (11000) 	LAP 11
1320.24 s > TEAM: 0 	F: 1 	 (11502) 	S: 2 	 (11001) 	T: 3 	 (11000) 	LAP 11
1320.36 s > TEAM: 1 	F: 159 	 (13495) 	S: 80 	 (12496) 	T: 82 	 (12000) 	LAP 12
1440.36 s > TEAM: 0 	F: 2 	 (12002) 	S: 3 	 (12001) 	T: 4 	 (12000) 	LAP 12
1440.36 s > TEAM: 1 	F: 159 	 (14495) 	S: 80 	 (13496) 	T: 82 	 (13000) 	LAP 13
1560.36 s > TEAM: 0 	F: 2 	 (13002) 	S: 3 	 (13001) 	T: 4 	 (13000) 	LAP 13
1560.36 s > TEAM: 1 	F: 159 	 (15495) 	S: 80 	 (14496) 	T: 82 	 (14000) 	LAP 14
1680.36 s > TEAM: 0 	F: 2 	 (14004) 	S: 3 	 (14002) 	T: 4 	 (14000) 	LAP 14
1680.36 s > TEAM: 1 	F: 159 	 (16000) 	S: 80 	 (15495) 	T: 82 	 (15000) 	LAP 15
1800.36 s > TEAM: 0 	F: 2 	 (15996) 	S: 3 	 (15071) 	T: 4 	 (15000) 	LAP 15
1800.36 s > TEAM: 1 	F: 80 	 (16000) 	S: 82 	 (16000) 	T: 159 	 (16000) 	LAP 16
1860.60 s > TEAM: 0 	F: 2 	 (16000) 	S: 4 	 (16000) 	T: 6 	 (16000) 	LAP 16
Broken Team 0: 1 (11), 3 (15), 5 (7), 10 (1), 14 (1), 15 (4), 18 (6), 19 (11), 20 (4), 22 (8), 24 (2), 26 (11), 27 (8), 36 (2), 41 (13), 44 (7), 45 (0), 47 (15), 48 (0), 49 (6), 50 (15), 52 (2), 53 (3), 55 (1), 60 (13), 61 (2), 64 (6), 65 (9), 66 (5), 72 (8), 73 (2), 74 (15), 
Broken Team 1: 81 (4), 83 (9), 85 (14), 86 (13), 89 (1), 90 (4), 94 (0), 97 (6), 98 (5), 102 (12), 104 (0), 107 (5), 108 (8), 109 (6), 110 (12), 113 (12), 120 (1), 122 (15), 128 (6), 129 (0), 130 (7), 139 (0), 141 (7), 142 (11), 147 (0), 152 (8), 157 (12), 158 (4), 
Finishing order: 159 (1620.87), 80 (1740.93), 82 (1800.39), 2 (1800.87), 4 (1860.39), 6 (1860.63), 84 (1860.75), 8 (1920.75), 9 (1920.99), 11 (1921.11), 88 (1921.11), 13 (1921.23), 87 (1921.23), 57 (1921.47), 12 (1921.59), 91 (1921.71), 93 (1921.83), 0 (1921.95), 92 (1921.95), 16 (1922.07), 17 (1922.19), 95 (1922.19), 101 (1922.31), 21 (1922.55), 103 (1922.55), 105 (1922.79), 23 (1922.91), 106 (1922.91), 25 (1923.15), 28 (1923.27), 29 (1923.51), 111 (1923.51), 30 (1923.63), 112 (1923.63), 33 (1923.75), 115 (1923.75), 31 (1923.87), 114 (1923.87), 32 (1923.99), 116 (1923.99), 35 (1924.11), 34 (1924.23), 117 (1924.23), 118 (1924.35), 38 (1924.47), 119 (1924.47), 40 (1924.59), 37 (1924.71), 121 (1924.71), 39 (1924.83), 123 (1924.95), 42 (1925.07), 124 (1925.07), 127 (1925.19), 43 (1925.31), 125 (1925.31), 137 (1925.43), 126 (1925.55), 46 (1925.67), 131 (1926.03), 51 (1926.15), 56 (1926.27), 132 (1926.27), 133 (1926.39), 54 (1926.51), 134 (1926.51), 135 (1926.63), 138 (1926.75), 63 (1926.87), 62 (1926.99), 144 (1926.99), 100 (1927.11), 143 (1927.23), 140 (1927.35), 70 (1927.47), 68 (1927.59), 145 (1927.59), 7 (1927.71), 146 (1927.71), 69 (1927.83), 148 (1927.83), 67 (1927.95), 149 (1927.95), 150 (1928.07), 151 (1928.19), 75 (1928.43), 154 (1928.43), 71 (1928.55), 153 (1928.55), 76 (1928.67), 156 (1928.67), 77 (1928.79), 78 (1928.91), 79 (1929.03), 96 (1929.15), 99 (1929.27), 58 (1929.39), 155 (1929.39), 59 (1929.51), 136 (1929.51), 
Result: TEAM 1 WIN*
