Mode: RANDOM
120.24 s > TEAM: 1 	F: 159 	 (1004) 	S: 157 	 (1002) 	T: 156 	 (1000) 	LAP 1
120.36 s > TEAM: 0 	F: 2 	 (1002) 	S: 0 	 (1001) 	T: 3 	 (1000) 	LAP 1
240.36 s > TEAM: 0 	F: 2 	 (2004) 	S: 0 	 (2002) 	T: 3 	 (2000) 	LAP 2
240.36 s > TEAM: 1 	F: 159 	 (2503) 	S: 157 	 (2502) 	T: 127 	 (2000) 	LAP 2
300.36 s > TEAM: 0 	F: 2 	 (3004) 	S: 0 	 (3002) 	T: 3 	 (3000) 	LAP 3
360.36 s > TEAM: 1 	F: 159 	 (3503) 	S: 157 	 (3502) 	T: 127 	 (3000) 	LAP 3
420.36 s > TEAM: 0 	F: 2 	 (4502) 	S: 0 	 (4501) 	T: 3 	 (4000) 	LAP 4
480.36 s > TEAM: 1 	F: 159 	 (4999) 	S: 157 	 (4502) 	T: 127 	 (4000) 	LAP 4
540.36 s > TEAM: 0 	F: 0 	 (5999) 	S: 2 	 (5997) 	T: 3 	 (5000) 	LAP 5
600.36 s > TEAM: 1 	F: 159 	 (5998) 	S: 157 	 (5996) 	T: 127 	 (5000) 	LAP 5
660.36 s > TEAM: 0 	F: 0 	 (7249) 	S: 2 	 (6997) 	T: 3 	 (6000) 	LAP 6
660.36 s > TEAM: 1 	F: 159 	 (6499) 	S: 157 	 (6496) 	T: 127 	 (6000) 	LAP 6
720.96 s > TEAM: 1 	F: 159 	 (7004) 	S: 157 	 (7001) 	T: 116 	 (7000) 	LAP 7
780.36 s > TEAM: 0 	F: 0 	 (8249) 	S: 2 	 (7997) 	T: 3 	 (7000) 	LAP 7
840.96 s > TEAM: 1 	F: 159 	 (8004) 	S: 157 	 (8001) 	T: 116 	 (8000) 	LAP 8
900.36 s > TEAM: 0 	F: 0 	 (9499) 	S: 2 	 (8997) 	T: 3 	 (8000) 	LAP 8
960.96 s > TEAM: 1 	F: 159 	 (9008) 	S: 157 	 (9001) 	T: 116 	 (9000) 	LAP 9
1020.36 s > TEAM: 0 	F: 0 	 (10995) 	S: 2 	 (9997) 	T: 3 	 (9000) 	LAP 9
1080.96 s > TEAM: 1 	F: 159 	 (10504) 	S: 157 	 (10001) 	T: 127 	 (10000) 	LAP 10
1140.36 s > TEAM: 0 	F: 0 	 (11995) 	S: 2 	 (10997) 	T: 3 	 (10000) 	LAP 10
1200.96 s > TEAM: 1 	F: 159 	 (12000) 	S: 157 	 (11001) 	T: 127 	 (11000) 	LAP 11
1260.36 s > TEAM: 0 	F: 0 	 (12098) 	S: 2 	 (11997) 	T: 3 	 (11000) 	LAP 11
1320.96 s > TEAM: 1 	F: 159 	 (13000) 	S: 157 	 (12001) 	T: 127 	 (12000) 	LAP 12
1380.36 s > TEAM: 0 	F: 2 	 (12997) 	S: 0 	 (12098) 	T: 3 	 (12000) 	LAP 12
1440.96 s > TEAM: 1 	F: 159 	 (14000) 	S: 157 	 (13002) 	T: 127 	 (13000) 	LAP 13
1560.48 s > TEAM: 0 	F: 2 	 (15495) 	S: 3 	 (13501) 	T: 4 	 (13000) 	LAP 13
1560.96 s > TEAM: 1 	F: 159 	 (15001) 	S: 157 	 (14998) 	T: 127 	 (14000) 	LAP 14
1620.96 s > TEAM: 1 	F: 159 	 (16000) 	S: 157 	 (15498) 	T: 127 	 (15000) 	LAP 15
1680.48 s > TEAM: 0 	F: 2 	 (16000) 	S: 3 	 (14501) 	T: 4 	 (14000) 	LAP 14
1740.96 s > TEAM: 1 	F: 127 	 (16000) 	S: 157 	 (16000) 	T: 159 	 (16000) 	LAP 16
1800.48 s > TEAM: 0 	F: 2 	 (16000) 	S: 3 	 (15501) 	T: 4 	 (15000) 	LAP 15
1920.48 s > TEAM: 0 	F: 2 	 (16000) 	S: 3 	 (16000) 	T: 4 	 (16000) 	LAP 16
Broken Team 0: 0 (12), 1 (0), 7 (13), 9 (13), 11 (4), 12 (4), 14 (4), 18 (13), 20 (4), 21 (15), 29 (7), 31 (3), 33 (8), 34 (6), 36 (7), 40 (5), 41 (9), 43 (9), 44 (1), 51 (0), 52 (2), 53 (15), 60 (1), 64 (9), 65 (9), 66 (2), 70 (12), 73 (13), 75 (4), 78 (1), 
Broken Team 1: 84 (10), 86 (7), 87 (7), 94 (7), 103 (4), 108 (13), 109 (3), 116 (9), 119 (6), 120 (15), 122 (12), 124 (0), 125 (10), 126 (0), 128 (2), 132 (14), 134 (7), 136 (12), 138 (1), 140 (4), 143 (13), 144 (12), 148 (14), 150 (2), 152 (7), 156 (1), 
Finishing order: 159 (1620.93), 2 (1621.11), 157 (1651.17), 127 (1740.99), 3 (1860.39), 158 (1860.63), 4 (1920.51), 5 (1920.63), 80 (1920.75), 8 (1920.87), 81 (1920.87), 6 (1920.99), 10 (1921.11), 118 (1921.11), 151 (1921.23), 83 (1921.35), 13 (1921.47), 155 (1921.47), 130 (1921.59), 15 (1921.71), 153 (1921.71), 82 (1921.95), 16 (1922.07), 85 (1922.07), 17 (1922.19), 88 (1922.19), 23 (1922.43), 22 (1922.55), 89 (1922.55), 26 (1922.67), 28 (1922.79), 91 (1922.79), 61 (1922.91), 92 (1922.91), 24 (1923.03), 98 (1923.03), 62 (1923.15), 97 (1923.15), 96 (1923.27), 30 (1923.39), 95 (1923.39), 100 (1923.51), 35 (1923.63), 101 (1923.63), 149 (1923.75), 32 (1923.87), 147 (1923.87), 38 (1923.99), 107 (1923.99), 99 (1924.11), 37 (1924.23), 137 (1924.23), 39 (1924.47), 111 (1924.47), 110 (1924.59), 114 (1924.71), 42 (1924.83), 105 (1924.83), 45 (1924.95), 112 (1925.07), 46 (1925.19), 49 (1925.31), 115 (1925.31), 47 (1925.43), 48 (1925.55), 117 (1925.55), 121 (1925.67), 113 (1925.79), 55 (1926.15), 56 (1926.39), 123 (1926.39), 54 (1926.51), 50 (1926.63), 57 (1926.75), 59 (1926.87), 135 (1926.87), 72 (1927.35), 129 (1927.47), 68 (1927.71), 146 (1927.71), 74 (1927.83), 145 (1927.83), 77 (1927.95), 19 (1928.07), 154 (1928.07), 79 (1928.19), 131 (1928.19), 67 (1928.31), 93 (1928.31), 76 (1928.43), 71 (1928.55), 90 (1928.67), 58 (1928.79), 104 (1928.79), 133 (1928.91), 25 (1929.03), 102 (1929.03), 27 (1929.15), 106 (1929.15), 63 (1929.27), 139 (1929.27), 142 (1929.39), 69 (1929.51), 141 (1929.51), 
Result: TEAM 1 WIN*
