Mode: RANDOM
120.24 s > TEAM: 0 	F: 1 	 (1004) 	S: 2 	 (1001) 	T: 62 	 (1000) 	LAP 1
120.24 s > TEAM: 1 	F: 159 	 (1002) 	S: 80 	 (1001) 	T: 81 	 (1000) 	LAP 1
240.24 s > TEAM: 0 	F: 1 	 (3002) 	S: 2 	 (2001) 	T: 62 	 (2000) 	LAP 2
240.24 s > TEAM: 1 	F: 159 	 (2002) 	S: 80 	 (2001) 	T: 81 	 (2000) 	LAP 2
360.24 s > TEAM: 0 	F: 1 	 (4002) 	S: 2 	 (3001) 	T: 62 	 (3000) 	LAP 3
360.24 s > TEAM: 1 	F: 159 	 (3002) 	S: 80 	 (3001) 	T: 81 	 (3000) 	LAP 3
480.24 s > TEAM: 0 	F: 1 	 (5002) 	S: 2 	 (4001) 	T: 62 	 (4000) 	LAP 4
480.24 s > TEAM: 1 	F: 159 	 (4002) 	S: 80 	 (4001) 	T: 81 	 (4000) 	LAP 4
600.24 s > TEAM: 0 	F: 1 	 (6002) 	S: 2 	 (5001) 	T: 62 	 (5000) 	LAP 5
600.24 s > TEAM: 1 	F: 159 	 (5002) 	S: 80 	 (5001) 	T: 81 	 (5000) 	LAP 5
720.24 s > TEAM: 0 	F: 1 	 (7004) 	S: 2 	 (6001) 	T: 62 	 (6000) 	LAP 6
720.24 s > TEAM: 1 	F: 159 	 (6002) 	S: 80 	 (6001) 	T: 81 	 (6000) 	LAP 6
840.24 s > TEAM: 0 	F: 1 	 (8502) 	S: 2 	 (7001) 	T: 62 	 (7000) 	LAP 7
840.24 s > TEAM: 1 	F: 159 	 (7002) 	S: 80 	 (7001) 	T: 81 	 (7000) 	LAP 7
960.24 s > TEAM: 0 	F: 1 	 (9502) 	S: 2 	 (8001) 	T: 62 	 (8000) 	LAP 8
960.24 s > TEAM: 1 	F: 159 	 (8004) 	S: 80 	 (8002) 	T: 81 	 (8000) 	LAP 8
1080.24 s > TEAM: 0 	F: 1 	 (11001) 	S: 2 	 (9002) 	T: 62 	 (9000) 	LAP 9
1080.24 s > TEAM: 1 	F: 159 	 (9502) 	S: 80 	 (9501) 	T: 81 	 (9000) 	LAP 9
1140.36 s > TEAM: 0 	F: 1 	 (12001) 	S: 2 	 (10004) 	T: 62 	 (10000) 	LAP 10
1200.24 s > TEAM: 1 	F: 159 	 (10999) 	S: 80 	 (10998) 	T: 81 	 (10000) 	LAP 10
1260.36 s > TEAM: 0 	F: 1 	 (13003) 	S: 2 	 (12001) 	T: 62 	 (11000) 	LAP 11
1320.24 s > TEAM: 1 	F: 159 	 (11998) 	S: 80 	 (11218) 	T: 81 	 (11000) 	LAP 11
1380.36 s > TEAM: 0 	F: 1 	 (14999) 	S: 2 	 (13001) 	T: 62 	 (12000) 	LAP 12
1380.36 s > TEAM: 1 	F: 159 	 (12499) 	S: 81 	 (12001) 	T: 82 	 (12000) 	LAP 12
1500.24 s > TEAM: 1 	F: 159 	 (13498) 	S: 82 	 (13498) 	T: 81 	 (13000) 	LAP 13
1500.36 s > TEAM: 0 	F: 1 	 (15998) 	S: 2 	 (14001) 	T: 62 	 (13000) 	LAP 13
1620.24 s > TEAM: 1 	F: 159 	 (14498) 	S: 82 	 (14498) 	T: 81 	 (14000) 	LAP 14
1620.36 s > TEAM: 0 	F: 1 	 (16000) 	S: 2 	 (14533) 	T: 62 	 (14000) 	LAP 14
1740.24 s > TEAM: 1 	F: 159 	 (15498) 	S: 82 	 (15498) 	T: 81 	 (15000) 	LAP 15
1800.60 s > TEAM: 0 	F: 1 	 (16000) 	S: 62 	 (16000) 	T: 5 	 (15000) 	LAP 15
1860.24 s > TEAM: 1 	F: 81 	 (16000) 	S: 82 	 (16000) 	T: 159 	 (16000) 	LAP 16
1920.60 s > TEAM: 0 	F: 1 	 (16000) 	S: 5 	 (16000) 	T: 62 	 (16000) 	LAP 16
Broken Team 0: 2 (14), 3 (1), 4 (4), 6 (4), 7 (2), 8 (8), 13 (2), 14 (4), 16 (10), 17 (4), 21 (8), 22 (14), 27 (11), 29 (4), 34 (5), 35 (14), 43 (5), 44 (4), 50 (3), 51 (0), 52 (10), 54 (4), 55 (5), 58 (5), 61 (14), 63 (14), 65 (2), 66 (11), 67 (11), 68 (2), 72 (4), 
Broken Team 1: 80 (11), 83 (9), 84 (12), 86 (7), 89 (9), 90 (13), 94 (7), 98 (0), 99 (13), 102 (8), 103 (14), 109 (10), 111 (7), 112 (7), 113 (15), 114 (2), 115 (2), 116 (6), 130 (1), 135 (4), 137 (11), 139 (4), 141 (4), 142 (15), 143 (7), 146 (12), 148 (6), 149 (1), 
Finishing order: 1 (1500.57), 62 (1800.39), 159 (1800.45), 82 (1800.51), 81 (1860.27), 5 (1920.63), 85 (1920.75), 9 (1920.99), 87 (1920.99), 10 (1921.11), 88 (1921.11), 11 (1921.35), 12 (1921.47), 91 (1921.47), 92 (1921.59), 93 (1921.71), 15 (1921.83), 95 (1921.95), 96 (1922.07), 97 (1922.19), 18 (1922.31), 19 (1922.43), 20 (1922.55), 100 (1922.55), 0 (1922.67), 104 (1922.79), 105 (1922.91), 23 (1923.03), 106 (1923.03), 24 (1923.15), 107 (1923.15), 108 (1923.27), 26 (1923.39), 25 (1923.51), 110 (1923.51), 28 (1923.63), 30 (1923.87), 32 (1923.99), 33 (1924.11), 117 (1924.35), 31 (1924.47), 118 (1924.47), 37 (1924.59), 119 (1924.59), 36 (1924.71), 120 (1924.71), 39 (1924.83), 121 (1924.83), 38 (1924.95), 122 (1924.95), 40 (1925.07), 123 (1925.07), 124 (1925.19), 42 (1925.31), 125 (1925.31), 45 (1925.43), 126 (1925.43), 48 (1925.55), 127 (1925.55), 47 (1925.67), 128 (1925.67), 46 (1925.79), 129 (1925.79), 49 (1925.91), 131 (1926.03), 134 (1926.15), 53 (1926.27), 133 (1926.27), 132 (1926.51), 56 (1926.63), 57 (1926.75), 136 (1926.75), 140 (1926.99), 59 (1927.11), 138 (1927.11), 60 (1927.47), 145 (1927.59), 144 (1927.71), 69 (1927.83), 70 (1927.95), 71 (1928.07), 147 (1928.07), 152 (1928.19), 73 (1928.31), 150 (1928.31), 75 (1928.43), 151 (1928.43), 74 (1928.55), 76 (1928.67), 153 (1928.67), 77 (1928.79), 154 (1928.79), 78 (1928.91), 156 (1928.91), 79 (1929.03), 155 (1929.03), 158 (1929.15), 64 (1929.27), 101 (1929.27), 41 (1929.39), 157 (1929.51), 
Result: TEAM 1 WIN*
