Mode: RANDOM
120.24 s > TEAM: 0 	F: 0 	 (1004) 	S: 45 	 (1002) 	T: 2 	 (1000) 	LAP 1
120.24 s > TEAM: 1 	F: 159 	 (1004) 	S: 80 	 (1002) 	T: 81 	 (1000) 	LAP 1
180.24 s > TEAM: 0 	F: 0 	 (2002) 	S: 45 	 (2001) 	T: 2 	 (2000) 	LAP 2
180.24 s > TEAM: 1 	F: 159 	 (2002) 	S: 80 	 (2001) 	T: 81 	 (2000) 	LAP 2
300.00 s > TEAM: 0 	F: 2 	 (3996) 	S: 1 	 (3497) 	T: 0 	 (3000) 	LAP 3
300.00 s > TEAM: 1 	F: 83 	 (3994) 	S: 82 	 (3495) 	T: 159 	 (3000) 	LAP 3
420.00 s > TEAM: 0 	F: 2 	 (5498) 	S: 1 	 (4497) 	T: 0 	 (4000) 	LAP 4
420.00 s > TEAM: 1 	F: 83 	 (5497) 	S: 82 	 (4495) 	T: 159 	 (4000) 	LAP 4
540.00 s > TEAM: 0 	F: 2 	 (6498) 	S: 1 	 (5497) 	T: 0 	 (5000) 	LAP 5
540.00 s > TEAM: 1 	F: 83 	 (6994) 	S: 82 	 (5990) 	T: 159 	 (5000) 	LAP 5
600.00 s > TEAM: 1 	F: 83 	 (7496) 	S: 82 	 (6497) 	T: 159 	 (6000) 	LAP 6
660.00 s > TEAM: 0 	F: 2 	 (7996) 	S: 1 	 (6994) 	T: 0 	 (6000) 	LAP 6
660.00 s > TEAM: 1 	F: 83 	 (8493) 	S: 82 	 (7495) 	T: 159 	 (7000) 	LAP 7
720.00 s > TEAM: 0 	F: 2 	 (8497) 	S: 1 	 (7497) 	T: 0 	 (7000) 	LAP 7
780.00 s > TEAM: 1 	F: 83 	 (9498) 	S: 82 	 (8498) 	T: 159 	 (8000) 	LAP 8
840.00 s > TEAM: 0 	F: 2 	 (9497) 	S: 1 	 (8497) 	T: 0 	 (8000) 	LAP 8
900.00 s > TEAM: 1 	F: 83 	 (10498) 	S: 82 	 (9498) 	T: 159 	 (9000) 	LAP 9
960.00 s > TEAM: 0 	F: 2 	 (10498) 	S: 1 	 (9497) 	T: 0 	 (9000) 	LAP 9
1020.00 s > TEAM: 1 	F: 83 	 (11497) 	S: 82 	 (10498) 	T: 159 	 (10000) 	LAP 10
1080.00 s > TEAM: 0 	F: 2 	 (11498) 	S: 1 	 (10497) 	T: 0 	 (10000) 	LAP 10
1140.00 s > TEAM: 1 	F: 83 	 (12497) 	S: 82 	 (11498) 	T: 159 	 (11000) 	LAP 11
1200.00 s > TEAM: 0 	F: 2 	 (12498) 	S: 1 	 (11497) 	T: 0 	 (11000) 	LAP 11
1260.00 s > TEAM: 1 	F: 83 	 (13497) 	S: 82 	 (12498) 	T: 159 	 (12000) 	LAP 12
1320.00 s > TEAM: 0 	F: 2 	 (13498) 	S: 1 	 (12497) 	T: 0 	 (12000) 	LAP 12
1320.48 s > TEAM: 1 	F: 83 	 (14002) 	S: 159 	 (13001) 	T: 82 	 (13000) 	LAP 13
1440.00 s > TEAM: 0 	F: 2 	 (14498) 	S: 1 	 (13497) 	T: 0 	 (13000) 	LAP 13
1440.48 s > TEAM: 1 	F: 83 	 (15002) 	S: 159 	 (14001) 	T: 80 	 (14000) 	LAP 14
1560.00 s > TEAM: 0 	F: 2 	 (15498) 	S: 1 	 (14497) 	T: 0 	 (14000) 	LAP 14
1560.48 s > TEAM: 1 	F: 83 	 (16000) 	S: 159 	 (15002) 	T: 80 	 (15000) 	LAP 15
1680.00 s > TEAM: 0 	F: 2 	 (16000) 	S: 1 	 (15994) 	T: 0 	 (15000) 	LAP 15
1680.48 s > TEAM: 1 	F: 80 	 (16000) 	S: 82 	 (16000) 	T: 83 	 (16000) 	LAP 16
1800.00 s > TEAM: 0 	F: 2 	 (16000) 	S: 0 	 (16000) 	T: 1 	 (16000) 	LAP 16
Broken Team 0: 4 (11), 11 (11), 18 (13), 23 (2), 26 (5), 30 (5), 31 (2), 32 (9), 33 (8), 35 (15), 38 (3), 39 (11), 41 (7), 52 (1), 54 (8), 56 (15), 59 (3), 68 (10), 69 (12), 70 (2), 72 (5), 
Broken Team 1: 85 (13), 87 (0), 93 (1), 100 (4), 113 (10), 114 (13), 117 (9), 121 (8), 127 (4), 128 (14), 129 (9), 131 (4), 136 (2), 137 (8), 138 (11), 141 (5), 147 (2), 152 (12), 156 (12), 157 (2), 158 (4), 
Finishing order: 83 (1560.21), 2 (1590.27), 159 (1620.39), 1 (1680.39), 80 (1680.51), 82 (1680.51), 0 (1800.03), 45 (1860.15), 81 (1860.27), 3 (1920.63), 5 (1920.75), 84 (1920.75), 7 (1920.87), 46 (1920.99), 6 (1921.11), 51 (1921.23), 88 (1921.23), 8 (1921.35), 89 (1921.35), 10 (1921.47), 90 (1921.47), 9 (1921.59), 13 (1921.71), 155 (1921.71), 14 (1921.83), 145 (1921.83), 12 (1921.95), 146 (1921.95), 16 (1922.07), 15 (1922.19), 153 (1922.19), 91 (1922.31), 154 (1922.43), 17 (1922.55), 151 (1922.55), 19 (1922.67), 95 (1922.67), 20 (1922.79), 92 (1922.79), 24 (1923.03), 96 (1923.03), 21 (1923.15), 86 (1923.15), 22 (1923.27), 101 (1923.27), 94 (1923.39), 25 (1923.51), 150 (1923.51), 28 (1923.63), 29 (1923.75), 111 (1923.75), 97 (1923.87), 27 (1923.99), 102 (1923.99), 105 (1924.11), 98 (1924.35), 103 (1924.47), 36 (1924.59), 106 (1924.59), 34 (1924.71), 122 (1924.71), 104 (1924.83), 107 (1924.95), 37 (1925.07), 142 (1925.07), 40 (1925.19), 108 (1925.19), 44 (1925.31), 149 (1925.31), 99 (1925.43), 78 (1925.55), 109 (1925.55), 42 (1925.67), 140 (1925.67), 47 (1925.79), 115 (1925.79), 112 (1925.91), 43 (1926.03), 49 (1926.15), 123 (1926.15), 53 (1926.27), 116 (1926.27), 144 (1926.51), 55 (1926.63), 119 (1926.63), 48 (1926.75), 120 (1926.75), 110 (1926.87), 61 (1926.99), 62 (1927.11), 125 (1927.11), 50 (1927.23), 63 (1927.35), 126 (1927.35), 58 (1927.47), 124 (1927.47), 60 (1927.71), 118 (1927.71), 65 (1927.83), 67 (1927.95), 130 (1927.95), 134 (1928.07), 57 (1928.19), 135 (1928.31), 66 (1928.43), 74 (1928.55), 133 (1928.55), 132 (1928.67), 76 (1928.79), 77 (1928.91), 73 (1929.03), 139 (1929.03), 71 (1929.15), 79 (1929.27), 143 (1929.27), 75 (1929.39), 64 (1929.51), 148 (1929.51), 
Result: TEAM 1 WIN*
