Mode: RANDOM
120.24 s > TEAM: 0 	F: 1 	 (1004) 	S: 3 	 (1001) 	T: 4 	 (1000) 	LAP 1
120.24 s > TEAM: 1 	F: 159 	 (1002) 	S: 80 	 (1001) 	T: 81 	 (1000) 	LAP 1
240.24 s > TEAM: 0 	F: 1 	 (2502) 	S: 3 	 (2001) 	T: 4 	 (2000) 	LAP 2
240.24 s > TEAM: 1 	F: 159 	 (2004) 	S: 80 	 (2001) 	T: 81 	 (2000) 	LAP 2
360.24 s > TEAM: 0 	F: 1 	 (3502) 	S: 3 	 (3001) 	T: 4 	 (3000) 	LAP 3
360.24 s > TEAM: 1 	F: 159 	 (3502) 	S: 80 	 (3001) 	T: 81 	 (3000) 	LAP 3
480.24 s > TEAM: 1 	F: 159 	 (4502) 	S: 80 	 (4001) 	T: 81 	 (4000) 	LAP 4
480.60 s > TEAM: 0 	F: 1 	 (4505) 	S: 4 	 (4003) 	T: 0 	 (4000) 	LAP 4
600.24 s > TEAM: 1 	F: 159 	 (5502) 	S: 80 	 (5001) 	T: 81 	 (5000) 	LAP 5
600.60 s > TEAM: 0 	F: 1 	 (5505) 	S: 4 	 (5003) 	T: 0 	 (5000) 	LAP 5
720.24 s > TEAM: 1 	F: 159 	 (6502) 	S: 80 	 (6001) 	T: 81 	 (6000) 	LAP 6
720.60 s > TEAM: 0 	F: 1 	 (7005) 	S: 4 	 (6003) 	T: 0 	 (6000) 	LAP 6
840.24 s > TEAM: 1 	F: 159 	 (7502) 	S: 80 	 (7001) 	T: 81 	 (7000) 	LAP 7
840.60 s > TEAM: 0 	F: 1 	 (8005) 	S: 4 	 (7003) 	T: 0 	 (7000) 	LAP 7
960.24 s > TEAM: 1 	F: 159 	 (8502) 	S: 80 	 (8001) 	T: 81 	 (8000) 	LAP 8
960.60 s > TEAM: 0 	F: 1 	 (8366) 	S: 4 	 (8003) 	T: 0 	 (8000) 	LAP 8
1080.24 s > TEAM: 1 	F: 159 	 (10004) 	S: 80 	 (9001) 	T: 81 	 (9000) 	LAP 9
1080.72 s > TEAM: 0 	F: 4 	 (9008) 	S: 0 	 (9001) 	T: 2 	 (9000) 	LAP 9
1200.24 s > TEAM: 1 	F: 159 	 (11502) 	S: 80 	 (10001) 	T: 81 	 (10000) 	LAP 10
1200.72 s > TEAM: 0 	F: 4 	 (11004) 	S: 0 	 (10001) 	T: 2 	 (10000) 	LAP 10
1320.24 s > TEAM: 1 	F: 159 	 (12502) 	S: 80 	 (11001) 	T: 81 	 (11000) 	LAP 11
1320.72 s > TEAM: 0 	F: 4 	 (12008) 	S: 0 	 (11001) 	T: 2 	 (11000) 	LAP 11
1440.24 s > TEAM: 1 	F: 159 	 (13502) 	S: 80 	 (12001) 	T: 81 	 (12000) 	LAP 12
1440.72 s > TEAM: 0 	F: 4 	 (13504) 	S: 0 	 (12001) 	T: 2 	 (12000) 	LAP 12
1560.24 s > TEAM: 1 	F: 159 	 (14502) 	S: 80 	 (13001) 	T: 81 	 (13000) 	LAP 13
1560.72 s > TEAM: 0 	F: 4 	 (14504) 	S: 0 	 (13001) 	T: 2 	 (13000) 	LAP 13
1680.24 s > TEAM: 1 	F: 159 	 (16000) 	S: 80 	 (14002) 	T: 81 	 (14000) 	LAP 14
1680.72 s > TEAM: 0 	F: 4 	 (15109) 	S: 0 	 (14001) 	T: 2 	 (14000) 	LAP 14
1800.36 s > TEAM: 1 	F: 80 	 (16000) 	S: 159 	 (16000) 	T: 82 	 (15000) 	LAP 15
1800.72 s > TEAM: 0 	F: 4 	 (15109) 	S: 0 	 (15002) 	T: 2 	 (15000) 	LAP 15
1920.36 s > TEAM: 1 	F: 80 	 (16000) 	S: 82 	 (16000) 	T: 159 	 (16000) 	LAP 16
1921.20 s > TEAM: 0 	F: 0 	 (16000) 	S: 2 	 (16000) 	T: 10 	 (16000) 	LAP 16
Broken Team 0: 1 (8), 3 (3), 4 (15), 5 (0), 6 (0), 7 (4), 8 (1), 9 (14), 12 (9), 14 (4), 23 (6), 25 (8), 27 (0), 29 (11), 31 (1), 33 (8), 35 (5), 39 (9), 42 (10), 46 (12), 51 (11), 53 (14), 55 (8), 59 (12), 69 (0), 71 (7), 73 (0), 75 (3), 79 (4), 
Broken Team 1: 81 (14), 85 (6), 88 (4), 90 (15), 99 (11), 102 (6), 105 (1), 106 (9), 107 (5), 111 (5), 117 (9), 122 (1), 123 (12), 126 (13), 131 (15), 132 (1), 133 (11), 135 (0), 138 (7), 141 (13), 142 (3), 143 (13), 148 (10), 150 (10), 153 (13), 154 (13), 155 (6), 158 (14), 
Finishing order: 159 (1680.03), 80 (1800.15), 0 (1860.63), 82 (1920.39), 83 (1920.51), 84 (1920.63), 2 (1920.75), 86 (1920.87), 87 (1920.99), 10 (1921.23), 11 (1921.35), 146 (1921.35), 89 (1921.47), 91 (1921.59), 92 (1921.71), 13 (1921.83), 93 (1921.83), 15 (1921.95), 94 (1921.95), 17 (1922.07), 96 (1922.07), 20 (1922.19), 95 (1922.19), 97 (1922.31), 18 (1922.43), 19 (1922.55), 98 (1922.55), 16 (1922.67), 21 (1922.79), 145 (1922.79), 28 (1922.91), 100 (1922.91), 49 (1923.03), 112 (1923.03), 22 (1923.15), 101 (1923.27), 24 (1923.39), 103 (1923.39), 30 (1923.51), 104 (1923.51), 108 (1923.87), 26 (1923.99), 109 (1923.99), 32 (1924.11), 34 (1924.23), 110 (1924.23), 113 (1924.35), 38 (1924.47), 115 (1924.47), 44 (1924.59), 118 (1924.59), 43 (1924.71), 128 (1924.71), 120 (1924.83), 48 (1924.95), 45 (1925.07), 116 (1925.07), 47 (1925.19), 119 (1925.19), 121 (1925.31), 54 (1925.43), 124 (1925.43), 57 (1925.55), 125 (1925.67), 58 (1925.79), 129 (1925.79), 56 (1925.91), 127 (1925.91), 130 (1926.03), 60 (1926.15), 61 (1926.27), 134 (1926.27), 62 (1926.39), 63 (1926.51), 65 (1926.63), 66 (1926.75), 67 (1926.87), 136 (1926.87), 139 (1926.99), 64 (1927.11), 137 (1927.11), 72 (1927.23), 74 (1927.35), 140 (1927.35), 144 (1927.47), 76 (1927.71), 78 (1927.83), 151 (1927.83), 149 (1928.07), 77 (1928.31), 152 (1928.31), 70 (1928.43), 156 (1928.43), 68 (1928.55), 157 (1928.55), 40 (1928.67), 52 (1928.91), 147 (1928.91), 36 (1929.03), 50 (1929.15), 41 (1929.27), 114 (1929.27), 37 (1929.39), 
Result: TEAM 1 WIN
