Mode: RANDOM
120.24 s > TEAM: 0 	F: 1 	 (1004) 	S: 2 	 (1002) 	T: 3 	 (1000) 	LAP 1
120.24 s > TEAM: 1 	F: 159 	 (1002) 	S: 80 	 (1001) 	T: 81 	 (1000) 	LAP 1
240.24 s > TEAM: 0 	F: 1 	 (3002) 	S: 2 	 (2501) 	T: 3 	 (2000) 	LAP 2
240.24 s > TEAM: 1 	F: 159 	 (2004) 	S: 80 	 (2002) 	T: 81 	 (2000) 	LAP 2
300.24 s > TEAM: 1 	F: 159 	 (3004) 	S: 80 	 (3001) 	T: 81 	 (3000) 	LAP 3
360.24 s > TEAM: 0 	F: 1 	 (4002) 	S: 2 	 (3501) 	T: 3 	 (3000) 	LAP 3
420.12 s > TEAM: 1 	F: 159 	 (4997) 	S: 81 	 (4499) 	T: 80 	 (4000) 	LAP 4
480.24 s > TEAM: 0 	F: 1 	 (5002) 	S: 2 	 (4501) 	T: 3 	 (4000) 	LAP 4
540.12 s > TEAM: 1 	F: 159 	 (5997) 	S: 81 	 (5499) 	T: 80 	 (5000) 	LAP 5
600.24 s > TEAM: 0 	F: 1 	 (6002) 	S: 2 	 (5501) 	T: 3 	 (5000) 	LAP 5
660.12 s > TEAM: 1 	F: 159 	 (6997) 	S: 81 	 (6499) 	T: 80 	 (6000) 	LAP 6
720.24 s > TEAM: 0 	F: 1 	 (7002) 	S: 2 	 (6501) 	T: 3 	 (6000) 	LAP 6
780.12 s > TEAM: 1 	F: 159 	 (7997) 	S: 81 	 (7995) 	T: 80 	 (7000) 	LAP 7
840.12 s > TEAM: 1 	F: 159 	 (8497) 	S: 81 	 (8495) 	T: 80 	 (8000) 	LAP 8
840.24 s > TEAM: 0 	F: 1 	 (8004) 	S: 2 	 (7501) 	T: 3 	 (7000) 	LAP 7
960.12 s > TEAM: 1 	F: 159 	 (9497) 	S: 81 	 (9495) 	T: 80 	 (9000) 	LAP 9
960.24 s > TEAM: 0 	F: 1 	 (9994) 	S: 2 	 (8995) 	T: 3 	 (8000) 	LAP 8
1020.24 s > TEAM: 0 	F: 1 	 (10494) 	S: 2 	 (9495) 	T: 3 	 (9000) 	LAP 9
1080.12 s > TEAM: 1 	F: 159 	 (10995) 	S: 81 	 (10495) 	T: 80 	 (10000) 	LAP 10
1080.96 s > TEAM: 0 	F: 1 	 (10999) 	S: 4 	 (10001) 	T: 2 	 (10000) 	LAP 10
1200.12 s > TEAM: 1 	F: 159 	 (12490) 	S: 81 	 (11495) 	T: 80 	 (11000) 	LAP 11
1200.96 s > TEAM: 0 	F: 1 	 (11998) 	S: 4 	 (11001) 	T: 2 	 (11000) 	LAP 11
1320.12 s > TEAM: 1 	F: 159 	 (12676) 	S: 81 	 (12495) 	T: 80 	 (12000) 	LAP 12
1320.96 s > TEAM: 0 	F: 1 	 (13000) 	S: 4 	 (12002) 	T: 2 	 (12000) 	LAP 12
1440.36 s > TEAM: 1 	F: 81 	 (13496) 	S: 80 	 (13004) 	T: 82 	 (13000) 	LAP 13
1440.96 s > TEAM: 0 	F: 1 	 (13057) 	S: 4 	 (13002) 	T: 2 	 (13000) 	LAP 13
1501.08 s > TEAM: 1 	F: 80 	 (14001) 	S: 81 	 (14001) 	T: 82 	 (14000) 	LAP 14
1561.20 s > TEAM: 0 	F: 4 	 (14004) 	S: 3 	 (14003) 	T: 2 	 (14000) 	LAP 14
1621.08 s > TEAM: 1 	F: 80 	 (15002) 	S: 81 	 (15001) 	T: 82 	 (15000) 	LAP 15
1681.20 s > TEAM: 0 	F: 4 	 (15009) 	S: 3 	 (15004) 	T: 2 	 (15000) 	LAP 15
1741.08 s > TEAM: 1 	F: 80 	 (16000) 	S: 81 	 (16000) 	T: 82 	 (16000) 	LAP 16
1801.20 s > TEAM: 0 	F: 2 	 (16000) 	S: 3 	 (16000) 	T: 4 	 (16000) 	LAP 16
Broken Team 0: 1 (13), 5 (4), 6 (14), 9 (10), 11 (10), 14 (11), 15 (10), 17 (12), 18 (5), 20 (12), 24 (7), 29 (15), 36 (11), 38 (10), 41 (10), 42 (13), 45 (4), 50 (9), 54 (7), 55 (0), 59 (13), 62 (10), 67 (0), 68 (5), 69 (2), 
Broken Team 1: 84 (3), 91 (4), 93 (9), 96 (0), 98 (5), 99 (11), 100 (3), 101 (13), 103 (15), 106 (12), 109 (2), 111 (8), 113 (2), 114 (6), 115 (1), 120 (7), 122 (2), 128 (10), 130 (8), 131 (10), 132 (8), 133 (4), 134 (6), 140 (8), 145 (7), 146 (13), 151 (8), 152 (15), 155 (7), 158 (11), 159 (12), 
Finishing order: 80 (1710.87), 4 (1740.69), 81 (1740.99), 82 (1741.11), 3 (1800.75), 2 (1801.23), 7 (1801.29), 83 (1860.63), 8 (1920.87), 85 (1920.87), 86 (1920.99), 0 (1921.11), 87 (1921.11), 88 (1921.23), 10 (1921.29), 89 (1921.35), 12 (1921.47), 90 (1921.47), 13 (1921.59), 141 (1921.71), 157 (1921.83), 16 (1921.95), 92 (1921.95), 19 (1922.31), 94 (1922.31), 97 (1922.43), 21 (1922.67), 23 (1922.79), 95 (1922.79), 25 (1923.03), 143 (1923.03), 22 (1923.15), 27 (1923.27), 102 (1923.27), 26 (1923.39), 28 (1923.51), 105 (1923.63), 30 (1923.75), 107 (1923.75), 53 (1923.87), 104 (1923.87), 31 (1923.99), 108 (1923.99), 32 (1924.11), 61 (1924.35), 112 (1924.47), 40 (1924.59), 110 (1924.59), 75 (1924.71), 33 (1924.83), 34 (1924.95), 39 (1925.07), 116 (1925.07), 35 (1925.19), 117 (1925.19), 74 (1925.31), 118 (1925.31), 119 (1925.43), 43 (1925.55), 121 (1925.55), 48 (1925.67), 123 (1925.67), 47 (1925.79), 77 (1925.91), 71 (1926.03), 126 (1926.03), 127 (1926.15), 57 (1926.27), 125 (1926.27), 73 (1926.39), 124 (1926.39), 49 (1926.63), 129 (1926.75), 51 (1926.87), 58 (1926.99), 56 (1927.11), 135 (1927.11), 137 (1927.23), 63 (1927.35), 139 (1927.35), 60 (1927.47), 138 (1927.47), 66 (1927.59), 144 (1927.59), 64 (1927.71), 148 (1927.83), 65 (1928.07), 72 (1928.19), 147 (1928.19), 76 (1928.43), 150 (1928.43), 70 (1928.55), 153 (1928.55), 78 (1928.67), 154 (1928.67), 79 (1928.79), 37 (1928.91), 156 (1928.91), 149 (1929.03), 52 (1929.15), 142 (1929.15), 46 (1929.39), 136 (1929.39), 44 (1929.51), 
Result: TEAM 1 WIN*
AM 1 WIN
.27), 61 (1929.39), 148 (1929.39), 34 (1929.51), 
Result: TEAM 0 WIN*
