Mode: RANDOM
120.24 s > TEAM: 0 	F: 0 	 (1002) 	S: 2 	 (1001) 	T: 3 	 (1000) 	LAP 1
120.36 s > TEAM: 1 	F: 159 	 (1006) 	S: 80 	 (1004) 	T: 82 	 (1000) 	LAP 1
240.24 s > TEAM: 0 	F: 0 	 (2002) 	S: 2 	 (2001) 	T: 3 	 (2000) 	LAP 2
240.36 s > TEAM: 1 	F: 159 	 (3006) 	S: 80 	 (2502) 	T: 82 	 (2000) 	LAP 2
360.24 s > TEAM: 0 	F: 0 	 (3002) 	S: 2 	 (3001) 	T: 3 	 (3000) 	LAP 3
360.48 s > TEAM: 1 	F: 159 	 (5008) 	S: 82 	 (3001) 	T: 83 	 (3000) 	LAP 3
480.24 s > TEAM: 0 	F: 0 	 (4002) 	S: 2 	 (4001) 	T: 3 	 (4000) 	LAP 4
480.48 s > TEAM: 1 	F: 159 	 (7004) 	S: 82 	 (4001) 	T: 83 	 (4000) 	LAP 4
600.24 s > TEAM: 0 	F: 0 	 (5002) 	S: 2 	 (5001) 	T: 3 	 (5000) 	LAP 5
600.60 s > TEAM: 1 	F: 159 	 (8010) 	S: 83 	 (5002) 	T: 84 	 (5000) 	LAP 5
720.24 s > TEAM: 0 	F: 0 	 (6004) 	S: 2 	 (6002) 	T: 3 	 (6000) 	LAP 6
720.60 s > TEAM: 1 	F: 159 	 (10010) 	S: 83 	 (7002) 	T: 84 	 (6000) 	LAP 6
780.24 s > TEAM: 0 	F: 0 	 (7004) 	S: 2 	 (7002) 	T: 3 	 (7000) 	LAP 7
840.24 s > TEAM: 0 	F: 0 	 (8004) 	S: 2 	 (8002) 	T: 3 	 (8000) 	LAP 8
840.60 s > TEAM: 1 	F: 159 	 (12005) 	S: 83 	 (9001) 	T: 84 	 (7000) 	LAP 7
960.24 s > TEAM: 0 	F: 2 	 (9503) 	S: 0 	 (9502) 	T: 3 	 (9000) 	LAP 9
960.60 s > TEAM: 1 	F: 159 	 (13010) 	S: 83 	 (10002) 	T: 84 	 (8000) 	LAP 8
1080.24 s > TEAM: 0 	F: 2 	 (10751) 	S: 0 	 (10502) 	T: 3 	 (10000) 	LAP 10
1080.60 s > TEAM: 1 	F: 159 	 (14505) 	S: 83 	 (11501) 	T: 84 	 (9000) 	LAP 9
1200.24 s > TEAM: 0 	F: 2 	 (12247) 	S: 0 	 (11502) 	T: 3 	 (11000) 	LAP 11
1200.60 s > TEAM: 1 	F: 159 	 (16000) 	S: 83 	 (13002) 	T: 84 	 (10000) 	LAP 10
1320.24 s > TEAM: 0 	F: 2 	 (13495) 	S: 0 	 (12502) 	T: 3 	 (12000) 	LAP 12
1320.60 s > TEAM: 1 	F: 159 	 (16000) 	S: 83 	 (14501) 	T: 84 	 (11000) 	LAP 11
1440.24 s > TEAM: 0 	F: 2 	 (14747) 	S: 0 	 (13502) 	T: 3 	 (13000) 	LAP 13
1440.60 s > TEAM: 1 	F: 159 	 (16000) 	S: 83 	 (15501) 	T: 84 	 (12000) 	LAP 12
1560.24 s > TEAM: 0 	F: 2 	 (15747) 	S: 0 	 (14502) 	T: 3 	 (14000) 	LAP 14
1560.60 s > TEAM: 1 	F: 83 	 (16000) 	S: 159 	 (16000) 	T: 84 	 (13000) 	LAP 13
1620.60 s > TEAM: 1 	F: 83 	 (16000) 	S: 159 	 (16000) 	T: 84 	 (14000) 	LAP 14
1680.24 s > TEAM: 0 	F: 2 	 (16000) 	S: 0 	 (15502) 	T: 3 	 (15000) 	LAP 15
1740.60 s > TEAM: 1 	F: 83 	 (16000) 	S: 159 	 (16000) 	T: 84 	 (15000) 	LAP 15
1800.24 s > TEAM: 0 	F: 0 	 (16000) 	S: 2 	 (16000) 	T: 3 	 (16000) 	LAP 16
1800.60 s > TEAM: 1 	F: 83 	 (16000) 	S: 84 	 (16000) 	T: 159 	 (16000) 	LAP 16
Broken Team 0: 6 (10), 8 (4), 17 (7), 20 (1), 26 (2), 27 (5), 28 (4), 30 (5), 33 (2), 34 (13), 36 (8), 39 (10), 44 (14), 47 (0), 49 (14), 51 (10), 58 (2), 59 (2), 69 (3), 71 (6), 75 (6), 76 (0), 
Broken Team 1: 80 (2), 81 (0), 82 (4), 86 (10), 89 (7), 93 (3), 94 (14), 95 (4), 111 (11), 116 (6), 121 (9), 123 (8), 127 (15), 128 (9), 131 (15), 132 (6), 133 (6), 138 (2), 140 (15), 141 (0), 144 (12), 145 (0), 146 (3), 148 (12), 151 (1), 153 (11), 155 (8), 
Finishing order: 159 (1200.03), 83 (1500.51), 2 (1590.57), 0 (1740.03), 3 (1800.27), 84 (1800.63), 4 (1860.39), 5 (1920.63), 7 (1920.75), 85 (1920.75), 9 (1920.87), 158 (1920.87), 11 (1921.11), 87 (1921.11), 10 (1921.23), 88 (1921.23), 12 (1921.35), 13 (1921.47), 90 (1921.47), 14 (1921.59), 92 (1921.59), 15 (1921.71), 91 (1921.71), 16 (1921.83), 19 (1922.07), 18 (1922.19), 96 (1922.19), 97 (1922.31), 98 (1922.43), 21 (1922.55), 99 (1922.55), 22 (1922.67), 100 (1922.67), 23 (1922.79), 101 (1922.79), 24 (1922.91), 102 (1922.91), 25 (1923.03), 103 (1923.03), 104 (1923.15), 105 (1923.27), 107 (1923.39), 29 (1923.51), 106 (1923.51), 108 (1923.63), 31 (1923.75), 109 (1923.75), 32 (1923.87), 110 (1923.87), 157 (1924.11), 35 (1924.23), 112 (1924.23), 37 (1924.35), 113 (1924.35), 38 (1924.47), 129 (1924.47), 115 (1924.59), 114 (1924.71), 40 (1924.83), 41 (1924.95), 118 (1924.95), 1 (1925.07), 119 (1925.07), 42 (1925.19), 120 (1925.19), 43 (1925.31), 124 (1925.43), 46 (1925.55), 45 (1925.67), 125 (1925.67), 48 (1925.79), 126 (1926.03), 50 (1926.27), 52 (1926.39), 134 (1926.39), 53 (1926.51), 135 (1926.51), 54 (1926.63), 136 (1926.63), 55 (1926.75), 137 (1926.75), 56 (1926.87), 139 (1926.99), 57 (1927.11), 60 (1927.23), 63 (1927.35), 143 (1927.35), 62 (1927.47), 142 (1927.47), 61 (1927.59), 64 (1927.71), 67 (1927.83), 66 (1927.95), 117 (1927.95), 70 (1928.07), 147 (1928.07), 65 (1928.19), 150 (1928.31), 149 (1928.43), 68 (1928.55), 152 (1928.55), 72 (1928.67), 73 (1928.79), 154 (1928.91), 74 (1929.03), 122 (1929.15), 77 (1929.27), 156 (1929.27), 78 (1929.39), 130 (1929.39), 79 (1929.51), 
Result: TEAM 0 WIN*
