Mode: RANDOM
120.24 s > TEAM: 0 	F: 2 	 (1002) 	S: 1 	 (1001) 	T: 3 	 (1000) 	LAP 1
120.24 s > TEAM: 1 	F: 159 	 (1002) 	S: 80 	 (1001) 	T: 81 	 (1000) 	LAP 1
240.24 s > TEAM: 0 	F: 2 	 (2004) 	S: 1 	 (2002) 	T: 3 	 (2000) 	LAP 2
240.24 s > TEAM: 1 	F: 159 	 (2002) 	S: 80 	 (2001) 	T: 81 	 (2000) 	LAP 2
360.24 s > TEAM: 0 	F: 2 	 (4004) 	S: 1 	 (3501) 	T: 3 	 (3000) 	LAP 3
360.24 s > TEAM: 1 	F: 159 	 (3002) 	S: 80 	 (3001) 	T: 81 	 (3000) 	LAP 3
480.24 s > TEAM: 0 	F: 2 	 (6000) 	S: 1 	 (5001) 	T: 3 	 (4000) 	LAP 4
480.24 s > TEAM: 1 	F: 159 	 (4004) 	S: 80 	 (4002) 	T: 81 	 (4000) 	LAP 4
540.54 s > TEAM: 1 	F: 159 	 (5002) 	S: 80 	 (5001) 	T: 82 	 (5000) 	LAP 5
600.24 s > TEAM: 0 	F: 2 	 (7001) 	S: 1 	 (6001) 	T: 3 	 (5000) 	LAP 5
630.42 s > TEAM: 1 	F: 159 	 (6002) 	S: 81 	 (6001) 	T: 82 	 (6000) 	LAP 6
720.24 s > TEAM: 0 	F: 2 	 (8500) 	S: 1 	 (7001) 	T: 3 	 (6000) 	LAP 6
750.36 s > TEAM: 1 	F: 159 	 (7748) 	S: 81 	 (7001) 	T: 82 	 (7000) 	LAP 7
810.36 s > TEAM: 1 	F: 159 	 (8203) 	S: 81 	 (8000) 	T: 82 	 (8000) 	LAP 8
840.24 s > TEAM: 0 	F: 2 	 (9997) 	S: 1 	 (8001) 	T: 3 	 (7000) 	LAP 7
960.24 s > TEAM: 0 	F: 2 	 (10997) 	S: 1 	 (9001) 	T: 3 	 (8000) 	LAP 8
1020.48 s > TEAM: 1 	F: 82 	 (9999) 	S: 81 	 (9751) 	T: 83 	 (9000) 	LAP 9
1080.24 s > TEAM: 0 	F: 2 	 (12447) 	S: 1 	 (10001) 	T: 3 	 (9000) 	LAP 9
1140.48 s > TEAM: 1 	F: 82 	 (10999) 	S: 81 	 (10751) 	T: 83 	 (10000) 	LAP 10
1200.24 s > TEAM: 0 	F: 2 	 (12528) 	S: 1 	 (11001) 	T: 3 	 (10000) 	LAP 10
1260.48 s > TEAM: 1 	F: 82 	 (11999) 	S: 81 	 (11751) 	T: 83 	 (11000) 	LAP 11
1320.24 s > TEAM: 0 	F: 2 	 (12528) 	S: 1 	 (12001) 	T: 3 	 (11000) 	LAP 11
1380.48 s > TEAM: 1 	F: 82 	 (13998) 	S: 81 	 (12751) 	T: 83 	 (12000) 	LAP 12
1440.24 s > TEAM: 0 	F: 1 	 (13001) 	S: 2 	 (12528) 	T: 3 	 (12000) 	LAP 12
1500.48 s > TEAM: 1 	F: 82 	 (14999) 	S: 81 	 (13751) 	T: 83 	 (13000) 	LAP 13
1560.36 s > TEAM: 0 	F: 1 	 (14002) 	S: 3 	 (13001) 	T: 4 	 (13000) 	LAP 13
1620.48 s > TEAM: 1 	F: 82 	 (15999) 	S: 81 	 (14751) 	T: 83 	 (14000) 	LAP 14
1680.36 s > TEAM: 0 	F: 1 	 (15002) 	S: 3 	 (14001) 	T: 4 	 (14000) 	LAP 14
1740.48 s > TEAM: 1 	F: 82 	 (16000) 	S: 81 	 (15751) 	T: 83 	 (15000) 	LAP 15
1800.36 s > TEAM: 0 	F: 1 	 (16000) 	S: 3 	 (15002) 	T: 4 	 (15000) 	LAP 15
1860.48 s > TEAM: 1 	F: 81 	 (16000) 	S: 82 	 (16000) 	T: 83 	 (16000) 	LAP 16
1920.36 s > TEAM: 0 	F: 1 	 (16000) 	S: 3 	 (16000) 	T: 4 	 (16000) 	LAP 16
Broken Team 0: 2 (12), 5 (8), 7 (3), 8 (11), 11 (2), 14 (11), 17 (4), 26 (3), 28 (10), 29 (1), 30 (15), 33 (10), 36 (4), 39 (7), 43 (9), 49 (8), 60 (3), 64 (11), 66 (12), 70 (5), 74 (6), 76 (1), 79 (12), 
Broken Team 1: 80 (5), 84 (11), 86 (0), 88 (11), 89 (2), 90 (11), 94 (1), 99 (14), 101 (0), 103 (8), 104 (13), 105 (6), 112 (10), 115 (11), 119 (14), 129 (5), 131 (9), 139 (11), 140 (10), 142 (5), 148 (4), 149 (15), 150 (13), 151 (8), 152 (15), 159 (8), 
Finishing order: 82 (1620.63), 81 (1770.33), 1 (1800.15), 3 (1860.27), 83 (1860.51), 4 (1920.39), 6 (1920.75), 85 (1920.75), 0 (1920.99), 98 (1920.99), 113 (1921.11), 10 (1921.23), 87 (1921.23), 102 (1921.35), 144 (1921.47), 9 (1921.59), 12 (1921.71), 13 (1921.83), 15 (1922.07), 92 (1922.07), 16 (1922.19), 18 (1922.31), 93 (1922.31), 19 (1922.43), 91 (1922.55), 20 (1922.67), 97 (1922.67), 21 (1922.79), 96 (1922.79), 24 (1922.91), 147 (1922.91), 23 (1923.03), 107 (1923.03), 22 (1923.15), 31 (1923.27), 27 (1923.39), 109 (1923.51), 32 (1923.63), 100 (1923.63), 25 (1923.87), 155 (1923.87), 34 (1923.99), 95 (1923.99), 35 (1924.11), 110 (1924.11), 106 (1924.35), 40 (1924.47), 108 (1924.47), 38 (1924.59), 156 (1924.59), 41 (1924.71), 117 (1924.71), 37 (1924.83), 111 (1924.83), 44 (1924.95), 118 (1924.95), 42 (1925.31), 114 (1925.31), 47 (1925.43), 116 (1925.43), 48 (1925.55), 153 (1925.55), 53 (1925.67), 50 (1925.79), 157 (1925.79), 45 (1925.91), 158 (1925.91), 46 (1926.03), 121 (1926.03), 154 (1926.15), 54 (1926.27), 123 (1926.27), 56 (1926.39), 51 (1926.51), 125 (1926.51), 52 (1926.63), 122 (1926.63), 55 (1926.75), 58 (1926.87), 146 (1926.87), 59 (1926.99), 143 (1926.99), 141 (1927.11), 57 (1927.23), 136 (1927.23), 62 (1927.35), 135 (1927.35), 67 (1927.47), 145 (1927.47), 65 (1927.59), 68 (1927.71), 63 (1927.83), 61 (1927.95), 134 (1927.95), 138 (1928.07), 69 (1928.19), 126 (1928.19), 128 (1928.43), 72 (1928.55), 137 (1928.55), 71 (1928.67), 127 (1928.67), 130 (1928.91), 77 (1929.03), 124 (1929.03), 75 (1929.27), 132 (1929.27), 73 (1929.39), 133 (1929.39), 78 (1929.51), 120 (1929.51), 
Result: TEAM 1 WIN*
