Mode: RANDOM
120.24 s > TEAM: 0 	F: 1 	 (1004) 	S: 2 	 (1002) 	T: 0 	 (1000) 	LAP 1
120.24 s > TEAM: 1 	F: 159 	 (1002) 	S: 158 	 (1001) 	T: 80 	 (1000) 	LAP 1
180.24 s > TEAM: 0 	F: 1 	 (2004) 	S: 2 	 (2002) 	T: 0 	 (2000) 	LAP 2
240.24 s > TEAM: 0 	F: 1 	 (3004) 	S: 2 	 (3001) 	T: 0 	 (3000) 	LAP 3
240.24 s > TEAM: 1 	F: 159 	 (2004) 	S: 158 	 (2001) 	T: 80 	 (2000) 	LAP 2
360.24 s > TEAM: 1 	F: 159 	 (3999) 	S: 158 	 (3002) 	T: 80 	 (3000) 	LAP 3
420.24 s > TEAM: 1 	F: 159 	 (4999) 	S: 158 	 (4002) 	T: 80 	 (4000) 	LAP 4
480.36 s > TEAM: 0 	F: 1 	 (6006) 	S: 0 	 (5501) 	T: 3 	 (4000) 	LAP 4
540.24 s > TEAM: 1 	F: 159 	 (5999) 	S: 158 	 (5501) 	T: 80 	 (5000) 	LAP 5
600.36 s > TEAM: 0 	F: 1 	 (7996) 	S: 0 	 (6501) 	T: 3 	 (5000) 	LAP 5
660.24 s > TEAM: 1 	F: 159 	 (6999) 	S: 158 	 (6501) 	T: 80 	 (6000) 	LAP 6
720.36 s > TEAM: 0 	F: 1 	 (8996) 	S: 0 	 (7501) 	T: 3 	 (6000) 	LAP 6
780.24 s > TEAM: 1 	F: 159 	 (8499) 	S: 158 	 (7501) 	T: 80 	 (7000) 	LAP 7
840.36 s > TEAM: 0 	F: 1 	 (9996) 	S: 0 	 (8501) 	T: 3 	 (7000) 	LAP 7
900.24 s > TEAM: 1 	F: 159 	 (9994) 	S: 158 	 (8501) 	T: 80 	 (8000) 	LAP 8
960.36 s > TEAM: 0 	F: 1 	 (10996) 	S: 0 	 (9501) 	T: 3 	 (8000) 	LAP 8
1020.54 s > TEAM: 1 	F: 159 	 (10996) 	S: 158 	 (9503) 	T: 156 	 (9000) 	LAP 9
1080.36 s > TEAM: 0 	F: 1 	 (11996) 	S: 0 	 (10995) 	T: 3 	 (9000) 	LAP 9
1140.36 s > TEAM: 0 	F: 1 	 (12496) 	S: 0 	 (11495) 	T: 3 	 (10000) 	LAP 10
1140.54 s > TEAM: 1 	F: 159 	 (11996) 	S: 158 	 (10503) 	T: 156 	 (10000) 	LAP 10
1260.36 s > TEAM: 0 	F: 1 	 (13495) 	S: 0 	 (12495) 	T: 3 	 (11000) 	LAP 11
1260.54 s > TEAM: 1 	F: 159 	 (12997) 	S: 158 	 (11995) 	T: 156 	 (11000) 	LAP 11
1380.36 s > TEAM: 0 	F: 1 	 (14495) 	S: 0 	 (13495) 	T: 3 	 (12000) 	LAP 12
1380.54 s > TEAM: 1 	F: 159 	 (13997) 	S: 158 	 (12995) 	T: 156 	 (12000) 	LAP 12
1500.36 s > TEAM: 0 	F: 1 	 (15495) 	S: 0 	 (14495) 	T: 3 	 (13000) 	LAP 13
1500.54 s > TEAM: 1 	F: 159 	 (14997) 	S: 158 	 (13995) 	T: 156 	 (13000) 	LAP 13
1620.36 s > TEAM: 0 	F: 1 	 (16000) 	S: 0 	 (14847) 	T: 3 	 (14000) 	LAP 14
1620.54 s > TEAM: 1 	F: 159 	 (15997) 	S: 158 	 (14995) 	T: 156 	 (14000) 	LAP 14
1740.54 s > TEAM: 1 	F: 159 	 (16000) 	S: 158 	 (15995) 	T: 156 	 (15000) 	LAP 15
1800.48 s > TEAM: 0 	F: 1 	 (16000) 	S: 3 	 (15997) 	T: 4 	 (15000) 	LAP 15
1860.48 s > TEAM: 0 	F: 1 	 (16000) 	S: 3 	 (16000) 	T: 4 	 (16000) 	LAP 16
1860.54 s > TEAM: 1 	F: 156 	 (16000) 	S: 158 	 (16000) 	T: 159 	 (16000) 	LAP 16
Broken Team 0: 0 (14), 2 (3), 8 (4), 10 (11), 11 (4), 15 (0), 17 (10), 22 (15), 31 (3), 33 (14), 37 (6), 39 (2), 41 (9), 42 (3), 45 (12), 47 (7), 48 (6), 49 (9), 50 (11), 69 (11), 70 (0), 71 (12), 73 (0), 75 (15), 76 (8), 77 (1), 79 (11), 
Broken Team 1: 80 (8), 84 (14), 85 (12), 87 (0), 92 (13), 93 (10), 104 (1), 110 (10), 118 (11), 120 (4), 122 (6), 125 (11), 127 (15), 128 (10), 130 (9), 135 (1), 141 (1), 142 (14), 143 (2), 145 (0), 146 (12), 148 (13), 149 (6), 
Finishing order: 1 (1560.99), 159 (1620.87), 158 (1741.11), 3 (1800.87), 4 (1860.51), 156 (1860.57), 157 (1860.75), 5 (1920.63), 154 (1920.63), 7 (1920.75), 153 (1920.75), 38 (1920.87), 83 (1920.87), 54 (1921.11), 152 (1921.23), 53 (1921.35), 155 (1921.35), 18 (1921.47), 81 (1921.47), 6 (1921.71), 86 (1921.71), 13 (1921.83), 124 (1921.83), 9 (1921.95), 123 (1921.95), 14 (1922.07), 112 (1922.07), 113 (1922.19), 16 (1922.31), 121 (1922.31), 19 (1922.43), 138 (1922.43), 12 (1922.55), 139 (1922.55), 109 (1922.67), 20 (1922.79), 82 (1922.79), 89 (1922.91), 56 (1923.03), 32 (1923.15), 88 (1923.15), 23 (1923.27), 90 (1923.27), 91 (1923.39), 21 (1923.51), 24 (1923.63), 95 (1923.63), 25 (1923.75), 26 (1923.87), 94 (1923.87), 28 (1923.99), 97 (1923.99), 30 (1924.11), 96 (1924.11), 27 (1924.23), 101 (1924.23), 29 (1924.35), 98 (1924.35), 34 (1924.47), 99 (1924.47), 40 (1924.59), 102 (1924.71), 35 (1924.83), 100 (1924.83), 106 (1924.95), 44 (1925.07), 105 (1925.07), 46 (1925.19), 107 (1925.19), 108 (1925.31), 43 (1925.43), 103 (1925.43), 111 (1925.67), 115 (1925.79), 116 (1925.91), 55 (1926.03), 117 (1926.03), 51 (1926.15), 52 (1926.27), 119 (1926.27), 57 (1926.39), 114 (1926.39), 60 (1926.51), 126 (1926.63), 59 (1926.75), 63 (1926.87), 61 (1926.99), 64 (1927.23), 129 (1927.23), 65 (1927.35), 131 (1927.35), 62 (1927.47), 133 (1927.59), 68 (1927.71), 134 (1927.71), 67 (1927.83), 132 (1927.83), 72 (1927.95), 137 (1928.19), 74 (1928.31), 136 (1928.31), 144 (1928.43), 78 (1928.55), 36 (1928.67), 140 (1928.79), 66 (1929.03), 58 (1929.15), 147 (1929.15), 150 (1929.39), 151 (1929.51), 
Result: TEAM 0 WIN*
