Mode: RANDOM
120.24 s > TEAM: 1 	F: 159 	 (1002) 	S: 80 	 (1001) 	T: 158 	 (1000) 	LAP 1
120.36 s > TEAM: 0 	F: 2 	 (1002) 	S: 32 	 (1001) 	T: 0 	 (1000) 	LAP 1
240.24 s > TEAM: 1 	F: 159 	 (2004) 	S: 80 	 (2001) 	T: 158 	 (2000) 	LAP 2
240.36 s > TEAM: 0 	F: 2 	 (2004) 	S: 32 	 (2002) 	T: 0 	 (2000) 	LAP 2
360.24 s > TEAM: 1 	F: 159 	 (3999) 	S: 80 	 (3001) 	T: 158 	 (3000) 	LAP 3
360.36 s > TEAM: 0 	F: 2 	 (4004) 	S: 32 	 (3501) 	T: 0 	 (3000) 	LAP 3
480.24 s > TEAM: 1 	F: 159 	 (5499) 	S: 80 	 (4002) 	T: 158 	 (4000) 	LAP 4
480.36 s > TEAM: 0 	F: 2 	 (6000) 	S: 32 	 (5001) 	T: 0 	 (4000) 	LAP 4
540.60 s > TEAM: 1 	F: 159 	 (6505) 	S: 81 	 (5001) 	T: 83 	 (5000) 	LAP 5
600.36 s > TEAM: 0 	F: 2 	 (7000) 	S: 32 	 (6001) 	T: 0 	 (5000) 	LAP 5
660.60 s > TEAM: 1 	F: 159 	 (7999) 	S: 80 	 (6001) 	T: 158 	 (6000) 	LAP 6
720.36 s > TEAM: 0 	F: 2 	 (8000) 	S: 32 	 (7001) 	T: 0 	 (6000) 	LAP 6
750.48 s > TEAM: 1 	F: 159 	 (8748) 	S: 80 	 (7000) 	T: 158 	 (7000) 	LAP 7
840.36 s > TEAM: 0 	F: 2 	 (9500) 	S: 32 	 (8001) 	T: 0 	 (7000) 	LAP 7
870.48 s > TEAM: 1 	F: 159 	 (9748) 	S: 80 	 (8000) 	T: 158 	 (8000) 	LAP 8
960.36 s > TEAM: 0 	F: 2 	 (10995) 	S: 32 	 (9002) 	T: 0 	 (8000) 	LAP 8
990.48 s > TEAM: 1 	F: 159 	 (10748) 	S: 80 	 (9000) 	T: 158 	 (9000) 	LAP 9
1050.60 s > TEAM: 0 	F: 2 	 (11747) 	S: 32 	 (9999) 	T: 3 	 (9000) 	LAP 9
1110.48 s > TEAM: 1 	F: 159 	 (11998) 	S: 80 	 (10000) 	T: 158 	 (10000) 	LAP 10
1170.66 s > TEAM: 0 	F: 2 	 (12999) 	S: 32 	 (11000) 	T: 29 	 (10000) 	LAP 10
1230.48 s > TEAM: 1 	F: 159 	 (12996) 	S: 80 	 (11001) 	T: 158 	 (11000) 	LAP 11
1290.48 s > TEAM: 1 	F: 159 	 (13496) 	S: 80 	 (12001) 	T: 158 	 (12000) 	LAP 12
1290.66 s > TEAM: 0 	F: 2 	 (13999) 	S: 32 	 (12000) 	T: 29 	 (11000) 	LAP 11
1351.02 s > TEAM: 1 	F: 159 	 (14001) 	S: 80 	 (13000) 	T: 158 	 (13000) 	LAP 13
1410.66 s > TEAM: 0 	F: 2 	 (14999) 	S: 32 	 (13000) 	T: 29 	 (12000) 	LAP 12
1471.02 s > TEAM: 1 	F: 159 	 (15001) 	S: 80 	 (14000) 	T: 158 	 (14000) 	LAP 14
1530.66 s > TEAM: 0 	F: 2 	 (15999) 	S: 32 	 (14000) 	T: 29 	 (13000) 	LAP 13
1591.02 s > TEAM: 1 	F: 159 	 (16000) 	S: 80 	 (15000) 	T: 158 	 (15000) 	LAP 15
1650.66 s > TEAM: 0 	F: 2 	 (16000) 	S: 32 	 (15000) 	T: 29 	 (14000) 	LAP 14
1711.02 s > TEAM: 1 	F: 80 	 (16000) 	S: 158 	 (16000) 	T: 159 	 (16000) 	LAP 16
1770.66 s > TEAM: 0 	F: 2 	 (16000) 	S: 32 	 (16000) 	T: 29 	 (15000) 	LAP 15
1830.66 s > TEAM: 0 	F: 2 	 (16000) 	S: 29 	 (16000) 	T: 32 	 (16000) 	LAP 16
Broken Team 0: 1 (0), 5 (2), 6 (5), 10 (7), 18 (11), 21 (11), 22 (7), 27 (12), 28 (9), 30 (7), 31 (0), 33 (2), 34 (10), 35 (4), 42 (4), 43 (12), 44 (10), 45 (14), 47 (14), 55 (13), 64 (7), 65 (11), 67 (1), 69 (10), 70 (6), 71 (12), 74 (9), 
Broken Team 1: 89 (14), 91 (10), 96 (11), 99 (9), 103 (12), 110 (12), 112 (6), 114 (5), 117 (7), 121 (12), 128 (0), 131 (4), 133 (3), 140 (11), 145 (11), 147 (9), 149 (14), 151 (15), 152 (1), 153 (2), 
Finishing order: 2 (1530.81), 159 (1590.93), 32 (1710.69), 80 (1710.99), 158 (1711.05), 83 (1770.57), 29 (1830.69), 0 (1830.81), 81 (1860.87), 3 (1890.93), 82 (1920.63), 84 (1920.75), 85 (1920.87), 109 (1920.99), 4 (1921.23), 86 (1921.23), 87 (1921.35), 16 (1921.47), 88 (1921.47), 15 (1921.59), 8 (1921.71), 104 (1921.71), 76 (1921.83), 90 (1921.95), 79 (1922.07), 14 (1922.19), 92 (1922.19), 77 (1922.31), 93 (1922.31), 11 (1922.43), 94 (1922.43), 60 (1922.55), 95 (1922.55), 57 (1922.67), 9 (1922.79), 97 (1922.79), 7 (1922.91), 98 (1922.91), 19 (1923.03), 12 (1923.15), 100 (1923.15), 101 (1923.27), 20 (1923.39), 105 (1923.39), 17 (1923.51), 106 (1923.51), 111 (1923.63), 49 (1923.75), 107 (1923.75), 24 (1923.99), 113 (1923.99), 48 (1924.11), 115 (1924.11), 25 (1924.23), 26 (1924.35), 116 (1924.35), 23 (1924.47), 130 (1924.47), 118 (1924.71), 119 (1924.83), 120 (1925.07), 38 (1925.19), 122 (1925.19), 36 (1925.31), 132 (1925.31), 37 (1925.43), 124 (1925.43), 41 (1925.55), 123 (1925.67), 40 (1925.79), 129 (1925.91), 125 (1926.03), 126 (1926.15), 50 (1926.27), 134 (1926.27), 127 (1926.39), 52 (1926.51), 51 (1926.63), 135 (1926.63), 53 (1926.75), 136 (1926.75), 56 (1926.87), 138 (1926.87), 58 (1926.99), 139 (1926.99), 62 (1927.11), 141 (1927.11), 59 (1927.23), 54 (1927.35), 144 (1927.35), 46 (1927.47), 137 (1927.47), 66 (1927.59), 143 (1927.59), 68 (1927.83), 142 (1927.83), 146 (1927.95), 73 (1928.31), 148 (1928.31), 61 (1928.43), 150 (1928.43), 72 (1928.55), 155 (1928.67), 157 (1928.79), 75 (1928.91), 63 (1929.03), 156 (1929.03), 39 (1929.15), 108 (1929.15), 13 (1929.27), 102 (1929.27), 154 (1929.39), 78 (1929.51), 
Result: TEAM 1 WIN*
