Mode: RANDOM
120.24 s > TEAM: 0 	F: 1 	 (1002) 	S: 2 	 (1001) 	T: 3 	 (1000) 	LAP 1
120.24 s > TEAM: 1 	F: 159 	 (1002) 	S: 80 	 (1001) 	T: 81 	 (1000) 	LAP 1
240.24 s > TEAM: 0 	F: 1 	 (2004) 	S: 2 	 (2002) 	T: 3 	 (2000) 	LAP 2
240.24 s > TEAM: 1 	F: 159 	 (2004) 	S: 80 	 (2001) 	T: 81 	 (2000) 	LAP 2
300.24 s > TEAM: 0 	F: 1 	 (3004) 	S: 2 	 (3001) 	T: 3 	 (3000) 	LAP 3
360.24 s > TEAM: 1 	F: 159 	 (3502) 	S: 80 	 (3001) 	T: 81 	 (3000) 	LAP 3
420.24 s > TEAM: 0 	F: 1 	 (4502) 	S: 2 	 (4001) 	T: 3 	 (4000) 	LAP 4
480.24 s > TEAM: 1 	F: 159 	 (4995) 	S: 80 	 (4001) 	T: 81 	 (4000) 	LAP 4
540.24 s > TEAM: 0 	F: 1 	 (5994) 	S: 2 	 (5002) 	T: 3 	 (5000) 	LAP 5
600.24 s > TEAM: 1 	F: 159 	 (5996) 	S: 80 	 (5001) 	T: 81 	 (5000) 	LAP 5
660.24 s > TEAM: 0 	F: 1 	 (6995) 	S: 2 	 (6501) 	T: 3 	 (6000) 	LAP 6
720.24 s > TEAM: 1 	F: 159 	 (6996) 	S: 80 	 (6001) 	T: 81 	 (6000) 	LAP 6
780.24 s > TEAM: 0 	F: 1 	 (7995) 	S: 2 	 (7994) 	T: 3 	 (7000) 	LAP 7
840.24 s > TEAM: 0 	F: 1 	 (8495) 	S: 2 	 (8494) 	T: 3 	 (8000) 	LAP 8
840.24 s > TEAM: 1 	F: 159 	 (7996) 	S: 80 	 (7001) 	T: 81 	 (7000) 	LAP 7
960.24 s > TEAM: 0 	F: 1 	 (9495) 	S: 2 	 (9494) 	T: 3 	 (9000) 	LAP 9
960.24 s > TEAM: 1 	F: 159 	 (8996) 	S: 80 	 (8001) 	T: 81 	 (8000) 	LAP 8
1080.24 s > TEAM: 0 	F: 1 	 (10495) 	S: 2 	 (10494) 	T: 3 	 (10000) 	LAP 10
1080.24 s > TEAM: 1 	F: 159 	 (9996) 	S: 80 	 (9001) 	T: 81 	 (9000) 	LAP 9
1200.24 s > TEAM: 0 	F: 1 	 (11495) 	S: 2 	 (11494) 	T: 3 	 (11000) 	LAP 11
1200.24 s > TEAM: 1 	F: 159 	 (10996) 	S: 80 	 (10001) 	T: 81 	 (10000) 	LAP 10
1320.24 s > TEAM: 0 	F: 1 	 (12495) 	S: 2 	 (12494) 	T: 3 	 (12000) 	LAP 12
1320.24 s > TEAM: 1 	F: 159 	 (11997) 	S: 80 	 (11001) 	T: 81 	 (11000) 	LAP 11
1440.24 s > TEAM: 0 	F: 1 	 (13497) 	S: 2 	 (13494) 	T: 3 	 (13000) 	LAP 13
1440.24 s > TEAM: 1 	F: 159 	 (12996) 	S: 80 	 (12002) 	T: 81 	 (12000) 	LAP 12
1560.24 s > TEAM: 0 	F: 1 	 (14497) 	S: 2 	 (14494) 	T: 3 	 (14000) 	LAP 14
1560.24 s > TEAM: 1 	F: 159 	 (13996) 	S: 80 	 (13501) 	T: 81 	 (13000) 	LAP 13
1680.24 s > TEAM: 0 	F: 1 	 (15497) 	S: 2 	 (15110) 	T: 3 	 (15000) 	LAP 15
1680.24 s > TEAM: 1 	F: 159 	 (14996) 	S: 80 	 (14995) 	T: 81 	 (14000) 	LAP 14
1800.24 s > TEAM: 1 	F: 159 	 (15997) 	S: 80 	 (15995) 	T: 81 	 (15000) 	LAP 15
1860.48 s > TEAM: 0 	F: 1 	 (16000) 	S: 3 	 (16000) 	T: 4 	 (16000) 	LAP 16
1920.24 s > TEAM: 1 	F: 80 	 (16000) 	S: 81 	 (16000) 	T: 159 	 (16000) 	LAP 16
Broken Team 0: 0 (14), 2 (15), 6 (1), 8 (6), 9 (9), 10 (12), 11 (14), 14 (7), 22 (4), 26 (2), 27 (0), 29 (5), 30 (10), 39 (0), 43 (6), 44 (5), 46 (9), 48 (9), 49 (6), 50 (7), 52 (0), 55 (3), 56 (0), 57 (13), 60 (5), 74 (10), 
Broken Team 1: 84 (10), 87 (8), 93 (12), 97 (8), 98 (14), 100 (4), 104 (2), 106 (1), 107 (9), 109 (7), 115 (11), 116 (1), 120 (4), 128 (12), 131 (1), 132 (3), 133 (9), 136 (1), 138 (6), 141 (2), 142 (13), 143 (12), 145 (13), 147 (14), 150 (6), 151 (3), 155 (8), 158 (11), 
Finishing order: 1 (1740.75), 3 (1740.99), 159 (1800.63), 80 (1800.87), 4 (1860.51), 5 (1860.63), 81 (1920.27), 82 (1920.39), 83 (1920.51), 85 (1920.75), 18 (1920.87), 86 (1920.87), 7 (1921.11), 88 (1921.11), 90 (1921.23), 89 (1921.35), 92 (1921.47), 91 (1921.59), 13 (1921.71), 12 (1921.83), 101 (1921.83), 94 (1921.95), 15 (1922.07), 95 (1922.07), 16 (1922.19), 19 (1922.31), 96 (1922.31), 17 (1922.43), 21 (1922.55), 102 (1922.55), 99 (1922.67), 23 (1922.79), 103 (1922.79), 25 (1922.91), 24 (1923.03), 105 (1923.03), 28 (1923.39), 108 (1923.39), 33 (1923.51), 110 (1923.51), 34 (1923.75), 112 (1923.75), 35 (1923.87), 113 (1923.87), 37 (1923.99), 111 (1923.99), 36 (1924.11), 114 (1924.11), 38 (1924.23), 40 (1924.35), 117 (1924.47), 41 (1924.59), 118 (1924.59), 42 (1924.71), 119 (1924.83), 45 (1925.07), 122 (1925.07), 121 (1925.19), 47 (1925.31), 123 (1925.31), 124 (1925.43), 126 (1925.55), 125 (1925.67), 51 (1925.79), 127 (1925.79), 53 (1925.91), 130 (1926.03), 54 (1926.15), 129 (1926.15), 134 (1926.51), 58 (1926.63), 135 (1926.63), 59 (1926.75), 137 (1926.87), 62 (1926.99), 61 (1927.11), 139 (1927.11), 63 (1927.23), 140 (1927.23), 65 (1927.35), 64 (1927.47), 68 (1927.59), 69 (1927.71), 144 (1927.71), 70 (1927.83), 71 (1927.95), 148 (1927.95), 72 (1928.07), 146 (1928.07), 75 (1928.19), 149 (1928.19), 73 (1928.31), 67 (1928.43), 77 (1928.55), 152 (1928.55), 78 (1928.67), 153 (1928.67), 79 (1928.79), 31 (1928.91), 20 (1929.03), 154 (1929.15), 32 (1929.27), 156 (1929.27), 76 (1929.39), 157 (1929.39), 66 (1929.51), 
Result: TEAM 0 WIN*
