Mode: RANDOM
120.24 s > TEAM: 0 	F: 1 	 (1004) 	S: 2 	 (1001) 	T: 3 	 (1000) 	LAP 1
120.24 s > TEAM: 1 	F: 159 	 (1002) 	S: 80 	 (1001) 	T: 81 	 (1000) 	LAP 1
240.36 s > TEAM: 0 	F: 1 	 (3003) 	S: 3 	 (2001) 	T: 4 	 (2000) 	LAP 2
240.36 s > TEAM: 1 	F: 159 	 (2003) 	S: 81 	 (2001) 	T: 82 	 (2000) 	LAP 2
360.36 s > TEAM: 0 	F: 1 	 (4006) 	S: 3 	 (3002) 	T: 4 	 (3000) 	LAP 3
360.36 s > TEAM: 1 	F: 159 	 (3003) 	S: 81 	 (3001) 	T: 82 	 (3000) 	LAP 3
420.36 s > TEAM: 0 	F: 1 	 (5003) 	S: 3 	 (4001) 	T: 4 	 (4000) 	LAP 4
480.36 s > TEAM: 1 	F: 159 	 (4006) 	S: 81 	 (4002) 	T: 82 	 (4000) 	LAP 4
540.36 s > TEAM: 0 	F: 1 	 (6003) 	S: 3 	 (5001) 	T: 4 	 (5000) 	LAP 5
540.36 s > TEAM: 1 	F: 159 	 (5006) 	S: 81 	 (5001) 	T: 82 	 (5000) 	LAP 5
600.48 s > TEAM: 1 	F: 159 	 (6008) 	S: 82 	 (6002) 	T: 83 	 (6000) 	LAP 6
660.48 s > TEAM: 1 	F: 159 	 (7004) 	S: 82 	 (7002) 	T: 83 	 (7000) 	LAP 7
660.60 s > TEAM: 0 	F: 1 	 (7010) 	S: 4 	 (6002) 	T: 6 	 (6000) 	LAP 6
780.00 s > TEAM: 1 	F: 83 	 (8494) 	S: 82 	 (8228) 	T: 159 	 (8000) 	LAP 8
780.60 s > TEAM: 0 	F: 1 	 (8505) 	S: 4 	 (7002) 	T: 6 	 (7000) 	LAP 7
900.60 s > TEAM: 0 	F: 1 	 (9505) 	S: 4 	 (8002) 	T: 6 	 (8000) 	LAP 8
960.60 s > TEAM: 1 	F: 159 	 (9999) 	S: 83 	 (9998) 	T: 84 	 (9000) 	LAP 9
1020.60 s > TEAM: 1 	F: 159 	 (10499) 	S: 83 	 (10498) 	T: 84 	 (10000) 	LAP 10
1080.72 s > TEAM: 0 	F: 1 	 (11006) 	S: 6 	 (9501) 	T: 7 	 (9000) 	LAP 9
1140.60 s > TEAM: 1 	F: 159 	 (11999) 	S: 83 	 (11996) 	T: 84 	 (11000) 	LAP 11
1200.72 s > TEAM: 0 	F: 1 	 (12006) 	S: 6 	 (10501) 	T: 7 	 (10000) 	LAP 10
1260.60 s > TEAM: 1 	F: 159 	 (12999) 	S: 83 	 (12998) 	T: 84 	 (12000) 	LAP 12
1320.72 s > TEAM: 0 	F: 1 	 (13006) 	S: 6 	 (11501) 	T: 7 	 (11000) 	LAP 11
1380.60 s > TEAM: 1 	F: 159 	 (14499) 	S: 83 	 (13998) 	T: 84 	 (13000) 	LAP 13
1440.72 s > TEAM: 0 	F: 1 	 (14006) 	S: 6 	 (12501) 	T: 7 	 (12000) 	LAP 12
1500.60 s > TEAM: 1 	F: 159 	 (15499) 	S: 83 	 (14998) 	T: 84 	 (14000) 	LAP 14
1560.72 s > TEAM: 0 	F: 1 	 (15012) 	S: 6 	 (13501) 	T: 7 	 (13000) 	LAP 13
1620.60 s > TEAM: 1 	F: 159 	 (16000) 	S: 83 	 (15998) 	T: 84 	 (15000) 	LAP 15
1680.72 s > TEAM: 0 	F: 1 	 (16000) 	S: 6 	 (15001) 	T: 7 	 (14000) 	LAP 14
1740.60 s > TEAM: 1 	F: 83 	 (16000) 	S: 84 	 (16000) 	T: 159 	 (16000) 	LAP 16
1800.72 s > TEAM: 0 	F: 1 	 (16000) 	S: 6 	 (16000) 	T: 7 	 (15000) 	LAP 15
1860.72 s > TEAM: 0 	F: 1 	 (16000) 	S: 6 	 (16000) 	T: 7 	 (16000) 	LAP 16
Broken Team 0: 0 (7), 2 (1), 3 (5), 4 (8), 5 (4), 12 (2), 18 (11), 24 (10), 25 (0), 28 (3), 29 (4), 30 (4), 31 (2), 45 (6), 48 (4), 49 (13), 50 (4), 52 (10), 55 (4), 56 (2), 57 (6), 60 (10), 68 (7), 69 (0), 70 (8), 73 (7), 79 (14), 
Broken Team 1: 80 (1), 82 (8), 87 (0), 90 (10), 91 (13), 93 (11), 97 (13), 101 (8), 103 (9), 105 (14), 107 (14), 113 (15), 114 (5), 115 (11), 121 (1), 123 (8), 124 (0), 126 (0), 127 (14), 128 (8), 129 (5), 130 (8), 136 (1), 143 (1), 145 (7), 148 (7), 151 (5), 154 (13), 156 (6), 157 (10), 
Finishing order: 159 (1560.69), 1 (1620.03), 83 (1620.87), 84 (1740.63), 6 (1800.63), 81 (1860.27), 7 (1860.75), 8 (1860.87), 85 (1920.75), 86 (1920.87), 9 (1920.99), 10 (1921.11), 88 (1921.11), 11 (1921.23), 89 (1921.23), 13 (1921.47), 14 (1921.59), 92 (1921.59), 15 (1921.71), 16 (1921.83), 94 (1921.83), 17 (1921.95), 95 (1921.95), 96 (1922.19), 19 (1922.31), 98 (1922.31), 20 (1922.43), 99 (1922.43), 21 (1922.55), 100 (1922.55), 22 (1922.67), 23 (1922.79), 102 (1922.79), 26 (1923.03), 104 (1923.03), 27 (1923.15), 108 (1923.15), 106 (1923.39), 110 (1923.51), 109 (1923.63), 32 (1923.75), 111 (1923.75), 112 (1923.87), 33 (1923.99), 116 (1923.99), 34 (1924.11), 35 (1924.23), 117 (1924.23), 36 (1924.35), 37 (1924.47), 118 (1924.47), 38 (1924.59), 119 (1924.59), 40 (1924.71), 120 (1924.71), 41 (1924.83), 122 (1924.83), 39 (1924.95), 43 (1925.07), 42 (1925.19), 44 (1925.31), 125 (1925.31), 46 (1925.55), 47 (1925.79), 131 (1925.79), 132 (1926.03), 51 (1926.15), 133 (1926.27), 53 (1926.39), 134 (1926.39), 54 (1926.63), 135 (1926.63), 138 (1926.87), 58 (1926.99), 137 (1926.99), 59 (1927.11), 139 (1927.11), 140 (1927.23), 62 (1927.35), 158 (1927.35), 61 (1927.47), 141 (1927.47), 64 (1927.59), 142 (1927.59), 63 (1927.71), 67 (1927.83), 144 (1927.83), 66 (1927.95), 65 (1928.19), 146 (1928.19), 71 (1928.31), 147 (1928.43), 72 (1928.55), 149 (1928.79), 75 (1928.91), 150 (1928.91), 74 (1929.03), 76 (1929.15), 152 (1929.15), 153 (1929.27), 78 (1929.39), 77 (1929.51), 155 (1929.51), 
Result: TEAM 1 WIN*
