Mode: RANDOM
120.24 s > TEAM: 0 	F: 1 	 (1004) 	S: 2 	 (1002) 	T: 3 	 (1000) 	LAP 1
120.24 s > TEAM: 1 	F: 159 	 (1004) 	S: 80 	 (1002) 	T: 81 	 (1000) 	LAP 1
180.24 s > TEAM: 0 	F: 1 	 (2004) 	S: 2 	 (2002) 	T: 3 	 (2000) 	LAP 2
240.24 s > TEAM: 1 	F: 159 	 (2998) 	S: 80 	 (2997) 	T: 81 	 (2000) 	LAP 2
300.24 s > TEAM: 0 	F: 1 	 (3996) 	S: 2 	 (3995) 	T: 3 	 (3000) 	LAP 3
360.24 s > TEAM: 1 	F: 80 	 (3998) 	S: 159 	 (3997) 	T: 81 	 (3000) 	LAP 3
420.24 s > TEAM: 0 	F: 1 	 (4996) 	S: 2 	 (4995) 	T: 3 	 (4000) 	LAP 4
480.36 s > TEAM: 1 	F: 80 	 (4999) 	S: 159 	 (4998) 	T: 82 	 (4000) 	LAP 4
540.24 s > TEAM: 0 	F: 1 	 (5996) 	S: 2 	 (5995) 	T: 3 	 (5000) 	LAP 5
600.36 s > TEAM: 1 	F: 80 	 (5999) 	S: 159 	 (5998) 	T: 82 	 (5000) 	LAP 5
660.24 s > TEAM: 0 	F: 1 	 (6996) 	S: 2 	 (6995) 	T: 3 	 (6000) 	LAP 6
720.36 s > TEAM: 1 	F: 159 	 (6999) 	S: 80 	 (6998) 	T: 82 	 (6000) 	LAP 6
780.24 s > TEAM: 0 	F: 1 	 (7996) 	S: 2 	 (7995) 	T: 3 	 (7000) 	LAP 7
840.36 s > TEAM: 1 	F: 80 	 (7998) 	S: 159 	 (7997) 	T: 82 	 (7000) 	LAP 7
900.24 s > TEAM: 0 	F: 1 	 (8997) 	S: 2 	 (8995) 	T: 3 	 (8000) 	LAP 8
960.36 s > TEAM: 1 	F: 80 	 (8998) 	S: 159 	 (8997) 	T: 82 	 (8000) 	LAP 8
1020.24 s > TEAM: 0 	F: 1 	 (9998) 	S: 2 	 (9995) 	T: 3 	 (9000) 	LAP 9
1080.36 s > TEAM: 1 	F: 80 	 (9999) 	S: 159 	 (9279) 	T: 82 	 (9000) 	LAP 9
1140.24 s > TEAM: 0 	F: 2 	 (11496) 	S: 1 	 (10229) 	T: 3 	 (10000) 	LAP 10
1200.48 s > TEAM: 1 	F: 80 	 (11500) 	S: 82 	 (11002) 	T: 83 	 (10000) 	LAP 10
1200.60 s > TEAM: 0 	F: 2 	 (12000) 	S: 3 	 (11001) 	T: 4 	 (11000) 	LAP 11
1320.48 s > TEAM: 1 	F: 80 	 (12500) 	S: 82 	 (12498) 	T: 83 	 (11000) 	LAP 11
1320.60 s > TEAM: 0 	F: 2 	 (13000) 	S: 3 	 (12001) 	T: 4 	 (12000) 	LAP 12
1440.48 s > TEAM: 1 	F: 80 	 (14000) 	S: 82 	 (13498) 	T: 83 	 (12000) 	LAP 12
1440.60 s > TEAM: 0 	F: 2 	 (14000) 	S: 3 	 (13001) 	T: 4 	 (13000) 	LAP 13
1560.48 s > TEAM: 1 	F: 80 	 (15001) 	S: 82 	 (14498) 	T: 83 	 (13000) 	LAP 13
1560.60 s > TEAM: 0 	F: 2 	 (15000) 	S: 3 	 (14001) 	T: 4 	 (14000) 	LAP 14
1680.48 s > TEAM: 1 	F: 80 	 (16000) 	S: 82 	 (15498) 	T: 83 	 (14000) 	LAP 14
1680.60 s > TEAM: 0 	F: 2 	 (16000) 	S: 3 	 (15002) 	T: 4 	 (15000) 	LAP 15
1740.60 s > TEAM: 0 	F: 2 	 (16000) 	S: 3 	 (16000) 	T: 4 	 (16000) 	LAP 16
1800.48 s > TEAM: 1 	F: 80 	 (16000) 	S: 82 	 (16000) 	T: 83 	 (15000) 	LAP 15
1920.48 s > TEAM: 1 	F: 80 	 (16000) 	S: 82 	 (16000) 	T: 83 	 (16000) 	LAP 16
Broken Team 0: 0 (9), 1 (10), 6 (8), 8 (1), 9 (3), 11 (14), 15 (10), 19 (1), 21 (8), 23 (5), 30 (6), 33 (0), 35 (11), 37 (15), 41 (14), 43 (8), 47 (10), 48 (1), 52 (15), 63 (3), 69 (8), 71 (0), 73 (5), 74 (0), 75 (5), 76 (2), 
Broken Team 1: 81 (3), 86 (14), 90 (13), 93 (2), 101 (0), 102 (3), 104 (8), 105 (13), 109 (9), 110 (5), 117 (5), 119 (8), 120 (13), 121 (7), 126 (1), 127 (5), 129 (13), 132 (1), 139 (4), 140 (2), 141 (3), 142 (12), 143 (12), 151 (4), 156 (3), 158 (9), 159 (9), 
Finishing order: 2 (1620.63), 80 (1620.87), 3 (1740.51), 4 (1740.63), 82 (1740.75), 5 (1860.75), 83 (1920.51), 84 (1920.63), 85 (1920.75), 7 (1920.87), 87 (1920.99), 91 (1921.11), 10 (1921.23), 88 (1921.23), 92 (1921.35), 12 (1921.47), 14 (1921.59), 147 (1921.59), 13 (1921.71), 157 (1921.71), 94 (1921.83), 16 (1921.95), 95 (1921.95), 18 (1922.07), 96 (1922.07), 97 (1922.19), 17 (1922.31), 89 (1922.31), 20 (1922.55), 98 (1922.55), 99 (1922.67), 100 (1922.79), 29 (1922.91), 31 (1923.03), 32 (1923.15), 103 (1923.15), 38 (1923.27), 40 (1923.51), 107 (1923.51), 108 (1923.63), 106 (1923.75), 39 (1923.87), 112 (1923.99), 36 (1924.11), 50 (1924.23), 111 (1924.23), 45 (1924.35), 113 (1924.35), 115 (1924.47), 49 (1924.59), 114 (1924.59), 53 (1924.71), 54 (1924.83), 116 (1924.83), 55 (1924.95), 51 (1925.07), 118 (1925.07), 56 (1925.19), 57 (1925.31), 58 (1925.43), 123 (1925.43), 67 (1925.55), 124 (1925.55), 65 (1925.67), 122 (1925.67), 66 (1925.79), 64 (1925.91), 125 (1925.91), 68 (1926.03), 128 (1926.15), 70 (1926.39), 131 (1926.39), 72 (1926.51), 133 (1926.63), 77 (1926.75), 137 (1926.87), 78 (1926.99), 130 (1926.99), 79 (1927.11), 27 (1927.35), 138 (1927.35), 28 (1927.47), 59 (1927.59), 144 (1927.59), 25 (1927.71), 145 (1927.71), 60 (1927.83), 61 (1927.95), 146 (1927.95), 62 (1928.07), 152 (1928.07), 26 (1928.19), 153 (1928.19), 135 (1928.31), 24 (1928.55), 154 (1928.55), 34 (1928.67), 134 (1928.67), 22 (1928.79), 136 (1928.79), 46 (1928.91), 149 (1928.91), 42 (1929.03), 150 (1929.03), 44 (1929.15), 148 (1929.15), 155 (1929.27), 
Result: TEAM 0 WIN*
