Mode: RANDOM
120.24 s > TEAM: 0 	F: 1 	 (1002) 	S: 2 	 (1001) 	T: 3 	 (1000) 	LAP 1
120.24 s > TEAM: 1 	F: 159 	 (1004) 	S: 80 	 (1001) 	T: 81 	 (1000) 	LAP 1
240.24 s > TEAM: 0 	F: 1 	 (2002) 	S: 2 	 (2001) 	T: 3 	 (2000) 	LAP 2
240.24 s > TEAM: 1 	F: 159 	 (3002) 	S: 80 	 (2001) 	T: 81 	 (2000) 	LAP 2
360.24 s > TEAM: 0 	F: 1 	 (3002) 	S: 2 	 (3001) 	T: 3 	 (3000) 	LAP 3
360.24 s > TEAM: 1 	F: 159 	 (4002) 	S: 80 	 (3001) 	T: 81 	 (3000) 	LAP 3
480.24 s > TEAM: 0 	F: 1 	 (4002) 	S: 2 	 (4001) 	T: 3 	 (4000) 	LAP 4
480.24 s > TEAM: 1 	F: 159 	 (5002) 	S: 80 	 (4001) 	T: 81 	 (4000) 	LAP 4
600.24 s > TEAM: 0 	F: 1 	 (5002) 	S: 2 	 (5001) 	T: 3 	 (5000) 	LAP 5
600.24 s > TEAM: 1 	F: 159 	 (6002) 	S: 80 	 (5001) 	T: 81 	 (5000) 	LAP 5
720.24 s > TEAM: 1 	F: 159 	 (7002) 	S: 80 	 (6001) 	T: 81 	 (6000) 	LAP 6
720.36 s > TEAM: 0 	F: 1 	 (6006) 	S: 2 	 (6002) 	T: 4 	 (6000) 	LAP 6
840.24 s > TEAM: 1 	F: 159 	 (8004) 	S: 80 	 (7002) 	T: 81 	 (7000) 	LAP 7
840.36 s > TEAM: 0 	F: 1 	 (7503) 	S: 2 	 (7002) 	T: 4 	 (7000) 	LAP 7
960.24 s > TEAM: 1 	F: 159 	 (9502) 	S: 80 	 (8501) 	T: 81 	 (8000) 	LAP 8
960.36 s > TEAM: 0 	F: 1 	 (9003) 	S: 2 	 (8004) 	T: 4 	 (8000) 	LAP 8
1080.24 s > TEAM: 1 	F: 159 	 (11002) 	S: 80 	 (9501) 	T: 81 	 (9000) 	LAP 9
1080.36 s > TEAM: 0 	F: 1 	 (11001) 	S: 2 	 (9502) 	T: 4 	 (9000) 	LAP 9
1200.24 s > TEAM: 1 	F: 159 	 (12002) 	S: 80 	 (10501) 	T: 81 	 (10000) 	LAP 10
1200.36 s > TEAM: 0 	F: 1 	 (12001) 	S: 2 	 (10502) 	T: 4 	 (10000) 	LAP 10
1320.24 s > TEAM: 1 	F: 159 	 (13004) 	S: 80 	 (11501) 	T: 81 	 (11000) 	LAP 11
1320.36 s > TEAM: 0 	F: 1 	 (13003) 	S: 2 	 (11502) 	T: 4 	 (11000) 	LAP 11
1440.24 s > TEAM: 1 	F: 159 	 (14502) 	S: 80 	 (12501) 	T: 81 	 (12000) 	LAP 12
1440.36 s > TEAM: 0 	F: 1 	 (15003) 	S: 2 	 (12502) 	T: 4 	 (12000) 	LAP 12
1560.24 s > TEAM: 1 	F: 159 	 (15502) 	S: 80 	 (13501) 	T: 81 	 (13000) 	LAP 13
1560.36 s > TEAM: 0 	F: 1 	 (16000) 	S: 2 	 (14002) 	T: 4 	 (13000) 	LAP 13
1680.24 s > TEAM: 1 	F: 159 	 (16000) 	S: 80 	 (15002) 	T: 81 	 (14000) 	LAP 14
1680.36 s > TEAM: 0 	F: 1 	 (16000) 	S: 2 	 (15002) 	T: 4 	 (14000) 	LAP 14
1740.24 s > TEAM: 1 	F: 80 	 (16000) 	S: 159 	 (16000) 	T: 81 	 (15000) 	LAP 15
1800.36 s > TEAM: 0 	F: 1 	 (16000) 	S: 2 	 (16000) 	T: 4 	 (15000) 	LAP 15
1920.36 s > TEAM: 0 	F: 1 	 (16000) 	S: 2 	 (16000) 	T: 4 	 (16000) 	LAP 16
1920.36 s > TEAM: 1 	F: 80 	 (16000) 	S: 82 	 (16000) 	T: 159 	 (16000) 	LAP 16
Broken Team 0: 3 (5), 6 (6), 13 (11), 14 (1), 16 (9), 18 (15), 20 (15), 22 (11), 24 (7), 26 (3), 27 (0), 30 (4), 32 (1), 33 (9), 35 (10), 39 (7), 45 (2), 58 (1), 63 (5), 65 (0), 70 (0), 78 (9), 79 (6), 
Broken Team 1: 81 (15), 85 (12), 88 (7), 91 (8), 92 (12), 94 (8), 95 (5), 97 (13), 98 (11), 104 (11), 107 (13), 110 (10), 111 (15), 113 (11), 117 (5), 118 (8), 120 (7), 121 (3), 123 (14), 125 (3), 130 (12), 131 (2), 133 (0), 136 (11), 138 (2), 140 (10), 142 (9), 148 (4), 154 (2), 157 (11), 
Finishing order: 1 (1500.21), 159 (1620.03), 80 (1740.15), 2 (1800.15), 4 (1920.39), 82 (1920.39), 5 (1920.51), 83 (1920.51), 84 (1920.63), 0 (1920.75), 7 (1920.87), 87 (1920.87), 8 (1920.99), 89 (1920.99), 9 (1921.11), 86 (1921.11), 10 (1921.23), 11 (1921.35), 90 (1921.35), 12 (1921.59), 93 (1921.71), 66 (1921.83), 15 (1921.95), 96 (1922.07), 17 (1922.19), 19 (1922.43), 99 (1922.43), 100 (1922.55), 101 (1922.67), 103 (1922.79), 67 (1922.91), 102 (1922.91), 21 (1923.03), 25 (1923.15), 105 (1923.15), 106 (1923.27), 50 (1923.39), 134 (1923.39), 23 (1923.51), 108 (1923.51), 56 (1923.63), 28 (1923.75), 29 (1923.87), 109 (1923.87), 112 (1924.35), 34 (1924.47), 31 (1924.59), 115 (1924.59), 36 (1924.71), 116 (1924.71), 38 (1924.83), 114 (1924.83), 41 (1925.19), 37 (1925.31), 119 (1925.31), 42 (1925.43), 40 (1925.55), 124 (1925.55), 43 (1925.67), 122 (1925.67), 46 (1925.79), 126 (1925.91), 47 (1926.03), 49 (1926.15), 44 (1926.27), 152 (1926.27), 48 (1926.39), 54 (1926.51), 129 (1926.51), 51 (1926.63), 55 (1926.75), 132 (1926.75), 59 (1926.99), 135 (1926.99), 60 (1927.11), 57 (1927.23), 62 (1927.35), 143 (1927.35), 61 (1927.47), 144 (1927.47), 64 (1927.71), 145 (1927.71), 68 (1927.83), 146 (1927.83), 147 (1927.95), 71 (1928.07), 149 (1928.07), 73 (1928.19), 139 (1928.19), 72 (1928.31), 153 (1928.31), 75 (1928.43), 150 (1928.43), 74 (1928.55), 156 (1928.55), 76 (1928.67), 151 (1928.67), 158 (1928.79), 155 (1928.91), 77 (1929.03), 137 (1929.03), 52 (1929.15), 141 (1929.27), 53 (1929.39), 128 (1929.39), 69 (1929.51), 127 (1929.51), 
Result: TEAM 1 WIN*
154 (1929.51), 
Result: TEAM 1 WIN*
