Mode: RANDOM
30.24 s > TEAM: 0 	F: 1 	 (254) 	S: 2 	 (252) 	T: 0 	 (250) 	LAP 1
30.24 s > TEAM: 1 	F: 159 	 (254) 	S: 80 	 (252) 	T: 81 	 (250) 	LAP 1
45.24 s > TEAM: 0 	F: 1 	 (504) 	S: 2 	 (502) 	T: 0 	 (500) 	LAP 2
60.24 s > TEAM: 0 	F: 1 	 (754) 	S: 2 	 (751) 	T: 0 	 (750) 	LAP 3
60.24 s > TEAM: 1 	F: 159 	 (627) 	S: 80 	 (626) 	T: 81 	 (500) 	LAP 2
90.18 s > TEAM: 0 	F: 1 	 (1249) 	S: 2 	 (1001) 	T: 3 	 (1000) 	LAP 4
90.24 s > TEAM: 1 	F: 159 	 (1002) 	S: 80 	 (876) 	T: 81 	 (750) 	LAP 3
120.18 s > TEAM: 0 	F: 1 	 (1499) 	S: 2 	 (1498) 	T: 3 	 (1250) 	LAP 5
120.24 s > TEAM: 1 	F: 159 	 (1254) 	S: 80 	 (1126) 	T: 81 	 (1000) 	LAP 4
150.24 s > TEAM: 0 	F: 1 	 (1749) 	S: 2 	 (1749) 	T: 0 	 (1500) 	LAP 6
150.24 s > TEAM: 1 	F: 159 	 (1623) 	S: 80 	 (1376) 	T: 81 	 (1250) 	LAP 5
180.24 s > TEAM: 0 	F: 2 	 (1999) 	S: 1 	 (1998) 	T: 0 	 (1750) 	LAP 7
180.24 s > TEAM: 1 	F: 159 	 (1874) 	S: 80 	 (1626) 	T: 81 	 (1500) 	LAP 6
195.24 s > TEAM: 0 	F: 2 	 (2249) 	S: 1 	 (2124) 	T: 3 	 (2000) 	LAP 8
210.24 s > TEAM: 1 	F: 159 	 (2124) 	S: 80 	 (1876) 	T: 81 	 (1750) 	LAP 7
210.48 s > TEAM: 0 	F: 2 	 (2499) 	S: 1 	 (2251) 	T: 3 	 (2250) 	LAP 9
240.24 s > TEAM: 1 	F: 159 	 (2374) 	S: 80 	 (2126) 	T: 81 	 (2000) 	LAP 8
240.48 s > TEAM: 0 	F: 2 	 (2749) 	S: 1 	 (2501) 	T: 3 	 (2500) 	LAP 10
270.24 s > TEAM: 1 	F: 159 	 (2624) 	S: 80 	 (2376) 	T: 81 	 (2250) 	LAP 9
270.42 s > TEAM: 0 	F: 2 	 (2999) 	S: 1 	 (2751) 	T: 3 	 (2750) 	LAP 11
285.48 s > TEAM: 0 	F: 2 	 (3125) 	S: 1 	 (3001) 	T: 3 	 (3000) 	LAP 12
300.24 s > TEAM: 1 	F: 159 	 (2874) 	S: 80 	 (2626) 	T: 81 	 (2500) 	LAP 10
315.48 s > TEAM: 0 	F: 2 	 (3375) 	S: 1 	 (3251) 	T: 3 	 (3250) 	LAP 13
330.24 s > TEAM: 1 	F: 159 	 (3124) 	S: 80 	 (2876) 	T: 81 	 (2750) 	LAP 11
345.48 s > TEAM: 0 	F: 2 	 (3625) 	S: 1 	 (3501) 	T: 3 	 (3500) 	LAP 14
360.24 s > TEAM: 1 	F: 159 	 (3497) 	S: 80 	 (3126) 	T: 81 	 (3000) 	LAP 12
375.48 s > TEAM: 0 	F: 2 	 (3875) 	S: 1 	 (3751) 	T: 3 	 (3750) 	LAP 15
390.24 s > TEAM: 1 	F: 159 	 (3747) 	S: 80 	 (3376) 	T: 81 	 (3250) 	LAP 13
405.48 s > TEAM: 0 	F: 1 	 (4000) 	S: 2 	 (4000) 	T: 3 	 (4000) 	LAP 16
420.24 s > TEAM: 1 	F: 159 	 (4000) 	S: 80 	 (3606) 	T: 81 	 (3500) 	LAP 14
450.36 s > TEAM: 1 	F: 159 	 (4000) 	S: 81 	 (3751) 	T: 92 	 (3750) 	LAP 15
480.36 s > TEAM: 1 	F: 81 	 (4000) 	S: 92 	 (4000) 	T: 159 	 (4000) 	LAP 16
Broken Team 0: 4 (11), 8 (1), 9 (13), 11 (0), 15 (11), 16 (1), 20 (1), 21 (0), 22 (1), 24 (15), 27 (0), 32 (13), 34 (9), 41 (7), 43 (8), 49 (8), 56 (7), 57 (9), 60 (6), 66 (7), 78 (3), 
Broken Team 1: 80 (14), 84 (12), 86 (10), 88 (11), 91 (3), 102 (12), 104 (1), 107 (8), 109 (9), 110 (9), 115 (3), 116 (3), 122 (8), 126 (13), 127 (11), 130 (4), 132 (6), 133 (0), 134 (1), 139 (12), 140 (5), 141 (2), 144 (12), 145 (13), 146 (14), 147 (6), 149 (11), 150 (8), 155 (0), 
Finishing order: 2 (390.51), 1 (405.39), 3 (405.51), 159 (413.07), 0 (435.27), 53 (465.51), 6 (465.75), 5 (465.87), 81 (480.27), 92 (480.39), 82 (480.51), 98 (480.63), 87 (480.75), 83 (480.87), 19 (480.99), 7 (481.11), 14 (481.23), 96 (481.23), 89 (481.35), 97 (481.47), 10 (481.59), 101 (481.59), 12 (481.71), 13 (481.83), 103 (481.83), 17 (482.07), 105 (482.07), 106 (482.19), 18 (482.31), 108 (482.43), 111 (482.67), 112 (482.91), 28 (483.03), 113 (483.03), 114 (483.15), 31 (483.27), 23 (483.39), 33 (483.51), 117 (483.51), 118 (483.63), 35 (483.75), 119 (483.75), 36 (483.87), 121 (483.87), 37 (483.99), 120 (483.99), 38 (484.11), 40 (484.23), 123 (484.23), 124 (484.35), 125 (484.47), 39 (484.59), 42 (484.71), 58 (484.83), 128 (484.83), 46 (484.95), 129 (484.95), 63 (485.07), 61 (485.19), 131 (485.19), 67 (485.43), 136 (485.43), 59 (485.55), 137 (485.67), 68 (485.79), 138 (485.79), 72 (485.91), 75 (486.03), 70 (486.15), 71 (486.27), 142 (486.27), 76 (486.39), 143 (486.39), 79 (486.51), 77 (486.63), 148 (486.75), 62 (486.99), 151 (486.99), 64 (487.11), 152 (487.11), 65 (487.23), 52 (487.35), 153 (487.35), 55 (487.47), 154 (487.47), 29 (487.59), 50 (487.71), 156 (487.71), 157 (487.83), 54 (487.95), 158 (487.95), 30 (488.07), 93 (488.07), 47 (488.19), 94 (488.19), 45 (488.43), 85 (488.43), 51 (488.55), 26 (488.67), 25 (488.79), 90 (488.79), 95 (488.91), 44 (489.03), 69 (489.15), 135 (489.15), 73 (489.27), 99 (489.27), 74 (489.39), 100 (489.39), 48 (489.51), 
Result: TEAM 0 WIN*
