Mode: RANDOM
30.24 s > TEAM: 0 	F: 2 	 (254) 	S: 1 	 (252) 	T: 3 	 (250) 	LAP 1
30.24 s > TEAM: 1 	F: 159 	 (254) 	S: 80 	 (252) 	T: 81 	 (250) 	LAP 1
45.24 s > TEAM: 0 	F: 2 	 (504) 	S: 1 	 (501) 	T: 3 	 (500) 	LAP 2
60.24 s > TEAM: 1 	F: 159 	 (754) 	S: 80 	 (626) 	T: 81 	 (500) 	LAP 2
75.12 s > TEAM: 0 	F: 2 	 (1002) 	S: 3 	 (874) 	T: 1 	 (750) 	LAP 3
90.24 s > TEAM: 1 	F: 159 	 (1127) 	S: 80 	 (876) 	T: 81 	 (750) 	LAP 3
105.12 s > TEAM: 0 	F: 2 	 (1501) 	S: 3 	 (1124) 	T: 1 	 (1000) 	LAP 4
120.24 s > TEAM: 1 	F: 159 	 (1377) 	S: 80 	 (1126) 	T: 81 	 (1000) 	LAP 4
135.12 s > TEAM: 0 	F: 2 	 (1752) 	S: 3 	 (1374) 	T: 1 	 (1250) 	LAP 5
150.24 s > TEAM: 1 	F: 159 	 (1752) 	S: 80 	 (1501) 	T: 81 	 (1250) 	LAP 5
165.12 s > TEAM: 0 	F: 2 	 (2249) 	S: 3 	 (1748) 	T: 1 	 (1500) 	LAP 6
180.12 s > TEAM: 0 	F: 2 	 (2499) 	S: 3 	 (1998) 	T: 1 	 (1750) 	LAP 7
180.24 s > TEAM: 1 	F: 159 	 (2002) 	S: 80 	 (1751) 	T: 81 	 (1500) 	LAP 6
195.12 s > TEAM: 0 	F: 2 	 (2624) 	S: 3 	 (2124) 	T: 1 	 (2000) 	LAP 8
210.24 s > TEAM: 1 	F: 159 	 (2252) 	S: 80 	 (2001) 	T: 81 	 (1750) 	LAP 7
210.30 s > TEAM: 0 	F: 2 	 (2752) 	S: 3 	 (2251) 	T: 1 	 (2250) 	LAP 9
225.48 s > TEAM: 0 	F: 2 	 (3002) 	S: 3 	 (2501) 	T: 1 	 (2500) 	LAP 10
240.24 s > TEAM: 1 	F: 159 	 (2502) 	S: 80 	 (2251) 	T: 81 	 (2000) 	LAP 8
270.24 s > TEAM: 1 	F: 159 	 (2752) 	S: 80 	 (2501) 	T: 81 	 (2250) 	LAP 9
300.24 s > TEAM: 1 	F: 159 	 (3004) 	S: 80 	 (2751) 	T: 81 	 (2500) 	LAP 10
315.48 s > TEAM: 0 	F: 2 	 (4000) 	S: 3 	 (3252) 	T: 4 	 (2750) 	LAP 11
330.24 s > TEAM: 1 	F: 159 	 (3377) 	S: 80 	 (3001) 	T: 81 	 (2750) 	LAP 11
345.48 s > TEAM: 0 	F: 2 	 (4000) 	S: 3 	 (3751) 	T: 4 	 (3000) 	LAP 12
360.24 s > TEAM: 1 	F: 159 	 (3748) 	S: 80 	 (3252) 	T: 81 	 (3000) 	LAP 12
375.48 s > TEAM: 0 	F: 2 	 (4000) 	S: 3 	 (4000) 	T: 4 	 (3250) 	LAP 13
390.24 s > TEAM: 1 	F: 159 	 (4000) 	S: 80 	 (3751) 	T: 81 	 (3250) 	LAP 13
405.48 s > TEAM: 0 	F: 2 	 (4000) 	S: 3 	 (4000) 	T: 4 	 (3500) 	LAP 14
420.24 s > TEAM: 1 	F: 80 	 (4000) 	S: 159 	 (4000) 	T: 81 	 (3500) 	LAP 14
420.48 s > TEAM: 0 	F: 2 	 (4000) 	S: 3 	 (4000) 	T: 4 	 (3750) 	LAP 15
435.24 s > TEAM: 1 	F: 80 	 (4000) 	S: 159 	 (4000) 	T: 81 	 (3750) 	LAP 15
435.48 s > TEAM: 0 	F: 2 	 (4000) 	S: 3 	 (4000) 	T: 4 	 (4000) 	LAP 16
450.84 s > TEAM: 1 	F: 80 	 (4000) 	S: 81 	 (4000) 	T: 159 	 (4000) 	LAP 16
Broken Team 0: 0 (1), 1 (10), 5 (7), 6 (4), 8 (6), 10 (8), 12 (8), 20 (5), 22 (12), 23 (10), 31 (5), 34 (4), 35 (13), 41 (0), 43 (15), 48 (2), 49 (1), 53 (2), 56 (10), 57 (6), 60 (7), 62 (1), 64 (1), 66 (2), 67 (15), 68 (9), 75 (13), 
Broken Team 1: 83 (2), 85 (5), 86 (11), 89 (13), 90 (14), 91 (9), 97 (4), 99 (9), 102 (10), 103 (14), 104 (12), 109 (15), 113 (9), 122 (2), 123 (2), 125 (15), 127 (11), 129 (5), 131 (0), 132 (0), 134 (8), 136 (10), 137 (6), 139 (10), 143 (6), 147 (10), 151 (1), 152 (1), 153 (0), 
Finishing order: 2 (315.45), 3 (375.39), 159 (382.95), 80 (420.15), 4 (435.51), 81 (450.87), 82 (465.39), 7 (465.75), 84 (480.63), 158 (480.75), 9 (480.99), 87 (481.11), 11 (481.23), 88 (481.23), 157 (481.35), 13 (481.47), 14 (481.59), 15 (481.71), 16 (481.83), 92 (481.83), 17 (481.95), 93 (481.95), 18 (482.07), 94 (482.07), 19 (482.19), 95 (482.19), 96 (482.31), 21 (482.43), 156 (482.43), 98 (482.67), 24 (482.79), 26 (482.91), 100 (482.91), 27 (483.03), 101 (483.03), 25 (483.15), 29 (483.27), 30 (483.39), 28 (483.51), 105 (483.51), 107 (483.63), 32 (483.75), 106 (483.75), 33 (483.87), 154 (483.87), 108 (483.99), 36 (484.11), 155 (484.11), 37 (484.23), 110 (484.23), 38 (484.47), 111 (484.47), 39 (484.59), 112 (484.59), 42 (484.83), 114 (484.83), 115 (484.95), 40 (485.07), 116 (485.07), 45 (485.19), 117 (485.19), 44 (485.31), 119 (485.31), 47 (485.43), 120 (485.43), 46 (485.55), 118 (485.55), 121 (485.67), 51 (486.03), 124 (486.03), 50 (486.15), 52 (486.27), 54 (486.39), 126 (486.51), 55 (486.63), 128 (486.63), 130 (486.87), 58 (486.99), 150 (486.99), 59 (487.23), 61 (487.35), 63 (487.47), 133 (487.47), 135 (487.83), 65 (487.95), 149 (487.95), 71 (488.19), 138 (488.19), 69 (488.43), 140 (488.43), 70 (488.55), 141 (488.55), 72 (488.67), 142 (488.67), 73 (488.79), 144 (488.91), 74 (489.03), 146 (489.03), 76 (489.15), 77 (489.27), 78 (489.39), 145 (489.39), 79 (489.51), 148 (489.51), 
Result: TEAM 0 WIN*
