Mode: RANDOM
30.24 s > TEAM: 0 	F: 1 	 (254) 	S: 2 	 (251) 	T: 3 	 (250) 	LAP 1
30.24 s > TEAM: 1 	F: 159 	 (252) 	S: 80 	 (251) 	T: 81 	 (250) 	LAP 1
60.24 s > TEAM: 0 	F: 1 	 (752) 	S: 2 	 (501) 	T: 3 	 (500) 	LAP 2
60.24 s > TEAM: 1 	F: 159 	 (504) 	S: 80 	 (502) 	T: 81 	 (500) 	LAP 2
75.24 s > TEAM: 1 	F: 159 	 (752) 	S: 80 	 (751) 	T: 81 	 (750) 	LAP 3
90.24 s > TEAM: 0 	F: 1 	 (1004) 	S: 2 	 (752) 	T: 3 	 (750) 	LAP 3
105.00 s > TEAM: 1 	F: 80 	 (1062) 	S: 81 	 (1060) 	T: 159 	 (1000) 	LAP 4
120.24 s > TEAM: 0 	F: 1 	 (1377) 	S: 2 	 (1063) 	T: 3 	 (1000) 	LAP 4
135.00 s > TEAM: 1 	F: 80 	 (1374) 	S: 81 	 (1311) 	T: 159 	 (1250) 	LAP 5
150.24 s > TEAM: 0 	F: 1 	 (1746) 	S: 2 	 (1495) 	T: 3 	 (1250) 	LAP 5
165.00 s > TEAM: 1 	F: 80 	 (1742) 	S: 81 	 (1561) 	T: 159 	 (1500) 	LAP 6
180.24 s > TEAM: 0 	F: 1 	 (1996) 	S: 2 	 (1745) 	T: 3 	 (1500) 	LAP 6
195.00 s > TEAM: 1 	F: 80 	 (1993) 	S: 81 	 (1811) 	T: 159 	 (1750) 	LAP 7
210.24 s > TEAM: 0 	F: 1 	 (2246) 	S: 2 	 (1994) 	T: 3 	 (1750) 	LAP 7
225.00 s > TEAM: 1 	F: 80 	 (2243) 	S: 81 	 (2061) 	T: 159 	 (2000) 	LAP 8
232.80 s > TEAM: 0 	F: 1 	 (2500) 	S: 2 	 (2247) 	T: 6 	 (2000) 	LAP 8
255.00 s > TEAM: 1 	F: 80 	 (2556) 	S: 81 	 (2311) 	T: 159 	 (2250) 	LAP 9
262.80 s > TEAM: 0 	F: 1 	 (2750) 	S: 2 	 (2492) 	T: 6 	 (2250) 	LAP 9
285.00 s > TEAM: 1 	F: 80 	 (2806) 	S: 81 	 (2561) 	T: 159 	 (2500) 	LAP 10
292.80 s > TEAM: 0 	F: 1 	 (3000) 	S: 2 	 (2742) 	T: 6 	 (2500) 	LAP 10
315.00 s > TEAM: 1 	F: 80 	 (3057) 	S: 81 	 (2811) 	T: 159 	 (2750) 	LAP 11
322.80 s > TEAM: 0 	F: 1 	 (3250) 	S: 2 	 (2992) 	T: 6 	 (2750) 	LAP 11
345.00 s > TEAM: 1 	F: 80 	 (3307) 	S: 81 	 (3122) 	T: 159 	 (3000) 	LAP 12
352.80 s > TEAM: 0 	F: 1 	 (3500) 	S: 2 	 (3242) 	T: 6 	 (3000) 	LAP 12
375.00 s > TEAM: 1 	F: 80 	 (3557) 	S: 81 	 (3551) 	T: 159 	 (3250) 	LAP 13
382.80 s > TEAM: 0 	F: 1 	 (3991) 	S: 2 	 (3492) 	T: 6 	 (3250) 	LAP 13
399.00 s > TEAM: 1 	F: 80 	 (3757) 	S: 81 	 (3751) 	T: 159 	 (3500) 	LAP 14
412.80 s > TEAM: 0 	F: 1 	 (4000) 	S: 2 	 (3742) 	T: 6 	 (3500) 	LAP 14
428.94 s > TEAM: 1 	F: 80 	 (4000) 	S: 81 	 (4000) 	T: 82 	 (3750) 	LAP 15
442.80 s > TEAM: 0 	F: 1 	 (4000) 	S: 2 	 (3992) 	T: 6 	 (3750) 	LAP 15
458.76 s > TEAM: 1 	F: 80 	 (4000) 	S: 81 	 (4000) 	T: 82 	 (4000) 	LAP 16
472.80 s > TEAM: 0 	F: 1 	 (4000) 	S: 2 	 (4000) 	T: 6 	 (4000) 	LAP 16
Broken Team 0: 3 (12), 4 (14), 5 (9), 9 (8), 10 (1), 14 (4), 17 (9), 19 (1), 29 (12), 31 (2), 34 (3), 35 (8), 37 (1), 38 (5), 43 (12), 45 (3), 48 (10), 49 (2), 51 (8), 61 (4), 64 (13), 65 (8), 66 (10), 72 (3), 75 (9), 76 (1), 
Broken Team 1: 85 (3), 86 (10), 90 (8), 91 (8), 92 (11), 95 (2), 99 (10), 101 (15), 102 (11), 103 (11), 105 (8), 108 (12), 114 (14), 121 (11), 123 (2), 125 (8), 127 (0), 130 (9), 138 (8), 140 (2), 144 (3), 145 (6), 156 (7), 159 (14), 
Finishing order: 1 (383.91), 80 (428.19), 81 (428.91), 2 (443.79), 82 (458.79), 83 (459.03), 84 (459.39), 6 (472.83), 0 (472.95), 7 (473.07), 8 (473.67), 158 (480.87), 87 (481.11), 88 (481.23), 11 (481.35), 89 (481.35), 63 (481.47), 13 (481.59), 18 (481.71), 93 (481.83), 62 (481.95), 94 (481.95), 96 (482.19), 21 (482.31), 97 (482.31), 22 (482.43), 129 (482.43), 20 (482.55), 131 (482.55), 50 (482.67), 98 (482.67), 23 (482.79), 25 (482.91), 100 (482.91), 24 (483.03), 26 (483.15), 30 (483.27), 27 (483.39), 104 (483.39), 106 (483.63), 28 (483.75), 32 (483.87), 111 (483.87), 33 (483.99), 110 (483.99), 113 (484.11), 109 (484.23), 16 (484.35), 112 (484.35), 36 (484.47), 115 (484.47), 116 (484.71), 39 (484.83), 118 (484.83), 40 (484.95), 119 (484.95), 42 (485.07), 120 (485.07), 41 (485.19), 122 (485.19), 117 (485.31), 15 (485.43), 44 (485.55), 47 (485.79), 124 (485.79), 126 (485.91), 46 (486.15), 128 (486.15), 52 (486.27), 133 (486.27), 53 (486.39), 56 (486.51), 134 (486.51), 54 (486.63), 135 (486.63), 55 (486.75), 132 (486.75), 57 (486.87), 136 (486.87), 60 (486.99), 137 (486.99), 70 (487.11), 71 (487.23), 139 (487.23), 73 (487.47), 141 (487.47), 69 (487.59), 142 (487.59), 74 (487.71), 146 (487.71), 147 (487.95), 77 (488.07), 143 (488.07), 79 (488.19), 78 (488.31), 150 (488.31), 153 (488.43), 151 (488.55), 58 (488.67), 149 (488.67), 12 (488.79), 148 (488.79), 155 (488.91), 152 (489.03), 59 (489.15), 157 (489.15), 154 (489.27), 68 (489.39), 67 (489.51), 107 (489.51), 
Result: TEAM 1 WIN*
