Mode: RANDOM
30.24 s > TEAM: 0 	F: 1 	 (252) 	S: 2 	 (251) 	T: 3 	 (250) 	LAP 1
30.24 s > TEAM: 1 	F: 159 	 (254) 	S: 80 	 (252) 	T: 81 	 (250) 	LAP 1
45.24 s > TEAM: 1 	F: 159 	 (502) 	S: 80 	 (501) 	T: 81 	 (500) 	LAP 2
60.24 s > TEAM: 0 	F: 1 	 (502) 	S: 2 	 (501) 	T: 3 	 (500) 	LAP 2
75.18 s > TEAM: 1 	F: 159 	 (753) 	S: 80 	 (751) 	T: 81 	 (750) 	LAP 3
90.18 s > TEAM: 1 	F: 159 	 (1001) 	S: 80 	 (1000) 	T: 81 	 (1000) 	LAP 4
90.24 s > TEAM: 0 	F: 1 	 (754) 	S: 2 	 (752) 	T: 3 	 (750) 	LAP 3
120.12 s > TEAM: 1 	F: 81 	 (1374) 	S: 159 	 (1251) 	T: 80 	 (1250) 	LAP 5
120.24 s > TEAM: 0 	F: 1 	 (1249) 	S: 2 	 (1248) 	T: 3 	 (1000) 	LAP 4
135.36 s > TEAM: 0 	F: 1 	 (1501) 	S: 2 	 (1375) 	T: 3 	 (1250) 	LAP 5
150.12 s > TEAM: 1 	F: 81 	 (1624) 	S: 159 	 (1501) 	T: 80 	 (1500) 	LAP 6
165.30 s > TEAM: 0 	F: 1 	 (1750) 	S: 2 	 (1624) 	T: 3 	 (1500) 	LAP 6
180.12 s > TEAM: 1 	F: 81 	 (1998) 	S: 159 	 (1752) 	T: 80 	 (1750) 	LAP 7
195.30 s > TEAM: 0 	F: 1 	 (2001) 	S: 2 	 (1874) 	T: 3 	 (1750) 	LAP 7
210.12 s > TEAM: 1 	F: 81 	 (2311) 	S: 159 	 (2122) 	T: 80 	 (2000) 	LAP 8
225.30 s > TEAM: 0 	F: 1 	 (2372) 	S: 2 	 (2124) 	T: 3 	 (2000) 	LAP 8
240.12 s > TEAM: 1 	F: 81 	 (2561) 	S: 159 	 (2372) 	T: 80 	 (2250) 	LAP 9
255.30 s > TEAM: 0 	F: 1 	 (2622) 	S: 2 	 (2374) 	T: 3 	 (2250) 	LAP 9
270.12 s > TEAM: 1 	F: 81 	 (2811) 	S: 159 	 (2622) 	T: 80 	 (2500) 	LAP 10
285.30 s > TEAM: 0 	F: 1 	 (2873) 	S: 2 	 (2624) 	T: 3 	 (2500) 	LAP 10
300.12 s > TEAM: 1 	F: 81 	 (3061) 	S: 159 	 (2872) 	T: 80 	 (2750) 	LAP 11
315.30 s > TEAM: 0 	F: 1 	 (3124) 	S: 2 	 (2999) 	T: 3 	 (2750) 	LAP 11
330.12 s > TEAM: 1 	F: 81 	 (3311) 	S: 159 	 (3122) 	T: 80 	 (3000) 	LAP 12
345.30 s > TEAM: 0 	F: 1 	 (3374) 	S: 2 	 (3249) 	T: 3 	 (3000) 	LAP 12
360.12 s > TEAM: 1 	F: 81 	 (3561) 	S: 159 	 (3372) 	T: 80 	 (3250) 	LAP 13
375.30 s > TEAM: 0 	F: 1 	 (3624) 	S: 2 	 (3499) 	T: 3 	 (3250) 	LAP 13
390.12 s > TEAM: 1 	F: 81 	 (3811) 	S: 159 	 (3622) 	T: 80 	 (3500) 	LAP 14
405.30 s > TEAM: 0 	F: 1 	 (3874) 	S: 2 	 (3749) 	T: 3 	 (3500) 	LAP 14
420.12 s > TEAM: 1 	F: 81 	 (4000) 	S: 159 	 (3872) 	T: 80 	 (3750) 	LAP 15
435.30 s > TEAM: 0 	F: 1 	 (4000) 	S: 2 	 (3999) 	T: 3 	 (3750) 	LAP 15
450.12 s > TEAM: 1 	F: 80 	 (4000) 	S: 81 	 (4000) 	T: 159 	 (4000) 	LAP 16
465.30 s > TEAM: 0 	F: 1 	 (4000) 	S: 2 	 (4000) 	T: 3 	 (4000) 	LAP 16
Broken Team 0: 5 (9), 6 (6), 8 (5), 10 (10), 13 (6), 23 (4), 29 (1), 35 (10), 38 (11), 40 (8), 44 (12), 48 (15), 49 (0), 54 (15), 68 (6), 69 (15), 72 (2), 74 (15), 
Broken Team 1: 82 (0), 83 (0), 85 (14), 86 (11), 87 (7), 89 (1), 90 (2), 95 (9), 97 (9), 98 (14), 99 (9), 104 (7), 107 (5), 113 (1), 114 (0), 116 (7), 117 (12), 120 (2), 122 (5), 127 (0), 128 (4), 133 (15), 134 (0), 136 (2), 137 (5), 140 (2), 142 (15), 143 (10), 147 (7), 149 (7), 150 (7), 153 (6), 154 (9), 156 (3), 158 (10), 
Finishing order: 81 (412.83), 1 (420.45), 2 (435.39), 159 (435.51), 80 (450.15), 3 (465.33), 4 (480.39), 103 (480.51), 7 (480.75), 84 (480.75), 9 (480.99), 11 (481.11), 88 (481.23), 12 (481.35), 14 (481.59), 91 (481.59), 15 (481.71), 92 (481.71), 16 (481.83), 93 (481.83), 17 (481.95), 94 (481.95), 18 (482.07), 19 (482.19), 96 (482.19), 20 (482.31), 21 (482.43), 22 (482.55), 100 (482.67), 24 (482.79), 25 (482.91), 105 (482.91), 26 (483.03), 106 (483.03), 27 (483.15), 28 (483.27), 108 (483.27), 110 (483.39), 30 (483.51), 109 (483.51), 0 (483.63), 111 (483.63), 31 (483.75), 112 (483.75), 32 (483.87), 33 (483.99), 34 (484.11), 115 (484.11), 36 (484.35), 37 (484.47), 118 (484.47), 39 (484.59), 119 (484.59), 41 (484.83), 121 (484.83), 42 (485.07), 124 (485.07), 43 (485.19), 123 (485.19), 125 (485.31), 45 (485.43), 46 (485.55), 126 (485.55), 47 (485.67), 129 (485.79), 130 (485.91), 50 (486.03), 51 (486.15), 52 (486.27), 135 (486.27), 53 (486.39), 56 (486.63), 139 (486.63), 55 (486.75), 141 (486.75), 57 (486.87), 138 (486.87), 59 (486.99), 58 (487.11), 60 (487.23), 61 (487.35), 144 (487.35), 62 (487.47), 145 (487.47), 63 (487.59), 146 (487.59), 65 (487.71), 151 (487.71), 64 (487.83), 67 (487.95), 66 (488.07), 148 (488.07), 155 (488.31), 71 (488.43), 70 (488.55), 157 (488.55), 73 (488.79), 101 (488.79), 102 (488.91), 75 (489.03), 77 (489.15), 152 (489.15), 79 (489.27), 76 (489.39), 131 (489.39), 78 (489.51), 132 (489.51), 
Result: TEAM 1 WIN*
