Mode: RANDOM
30.24 s > TEAM: 0 	F: 1 	 (252) 	S: 2 	 (251) 	T: 3 	 (250) 	LAP 1
30.24 s > TEAM: 1 	F: 159 	 (254) 	S: 80 	 (251) 	T: 81 	 (250) 	LAP 1
60.24 s > TEAM: 0 	F: 1 	 (502) 	S: 2 	 (501) 	T: 3 	 (500) 	LAP 2
60.24 s > TEAM: 1 	F: 159 	 (627) 	S: 80 	 (501) 	T: 81 	 (500) 	LAP 2
90.24 s > TEAM: 0 	F: 1 	 (754) 	S: 2 	 (751) 	T: 3 	 (750) 	LAP 3
90.24 s > TEAM: 1 	F: 159 	 (877) 	S: 80 	 (751) 	T: 81 	 (750) 	LAP 3
120.24 s > TEAM: 0 	F: 1 	 (1127) 	S: 2 	 (1001) 	T: 3 	 (1000) 	LAP 4
120.24 s > TEAM: 1 	F: 159 	 (1127) 	S: 80 	 (1001) 	T: 81 	 (1000) 	LAP 4
150.24 s > TEAM: 0 	F: 1 	 (1502) 	S: 2 	 (1251) 	T: 3 	 (1250) 	LAP 5
150.24 s > TEAM: 1 	F: 159 	 (1502) 	S: 80 	 (1251) 	T: 81 	 (1250) 	LAP 5
180.24 s > TEAM: 0 	F: 1 	 (1752) 	S: 2 	 (1501) 	T: 3 	 (1500) 	LAP 6
180.24 s > TEAM: 1 	F: 159 	 (1754) 	S: 80 	 (1502) 	T: 81 	 (1500) 	LAP 6
195.24 s > TEAM: 1 	F: 159 	 (2004) 	S: 80 	 (1752) 	T: 81 	 (1750) 	LAP 7
210.24 s > TEAM: 0 	F: 1 	 (2002) 	S: 2 	 (1751) 	T: 3 	 (1750) 	LAP 7
225.24 s > TEAM: 1 	F: 159 	 (2377) 	S: 80 	 (2126) 	T: 81 	 (2000) 	LAP 8
240.24 s > TEAM: 0 	F: 1 	 (2254) 	S: 2 	 (2001) 	T: 3 	 (2000) 	LAP 8
255.24 s > TEAM: 1 	F: 159 	 (2748) 	S: 80 	 (2499) 	T: 81 	 (2250) 	LAP 9
270.24 s > TEAM: 0 	F: 1 	 (2627) 	S: 2 	 (2251) 	T: 3 	 (2250) 	LAP 9
285.24 s > TEAM: 1 	F: 159 	 (2998) 	S: 80 	 (2749) 	T: 81 	 (2500) 	LAP 10
300.36 s > TEAM: 0 	F: 1 	 (2878) 	S: 3 	 (2501) 	T: 0 	 (2500) 	LAP 10
315.24 s > TEAM: 1 	F: 159 	 (3248) 	S: 80 	 (2999) 	T: 81 	 (2750) 	LAP 11
330.36 s > TEAM: 0 	F: 1 	 (3248) 	S: 3 	 (2751) 	T: 0 	 (2750) 	LAP 11
345.24 s > TEAM: 1 	F: 159 	 (3498) 	S: 80 	 (3249) 	T: 81 	 (3000) 	LAP 12
360.36 s > TEAM: 0 	F: 1 	 (3498) 	S: 3 	 (3001) 	T: 0 	 (3000) 	LAP 12
375.24 s > TEAM: 1 	F: 159 	 (3661) 	S: 80 	 (3499) 	T: 81 	 (3250) 	LAP 13
390.36 s > TEAM: 0 	F: 1 	 (3749) 	S: 3 	 (3252) 	T: 0 	 (3250) 	LAP 13
405.24 s > TEAM: 1 	F: 80 	 (3749) 	S: 159 	 (3661) 	T: 81 	 (3500) 	LAP 14
420.36 s > TEAM: 0 	F: 1 	 (3999) 	S: 3 	 (3748) 	T: 0 	 (3500) 	LAP 14
450.36 s > TEAM: 0 	F: 1 	 (4000) 	S: 3 	 (4000) 	T: 0 	 (3750) 	LAP 15
450.36 s > TEAM: 1 	F: 80 	 (4000) 	S: 81 	 (3876) 	T: 82 	 (3750) 	LAP 15
465.36 s > TEAM: 0 	F: 0 	 (4000) 	S: 1 	 (4000) 	T: 3 	 (4000) 	LAP 16
480.36 s > TEAM: 1 	F: 80 	 (4000) 	S: 81 	 (4000) 	T: 82 	 (4000) 	LAP 16
Broken Team 0: 2 (9), 7 (5), 9 (15), 11 (7), 22 (0), 25 (11), 26 (6), 28 (9), 31 (5), 34 (14), 35 (8), 37 (12), 39 (2), 41 (13), 42 (11), 45 (4), 49 (13), 56 (13), 59 (12), 64 (9), 72 (0), 74 (10), 75 (4), 
Broken Team 1: 83 (12), 84 (9), 87 (4), 88 (7), 94 (8), 95 (11), 101 (0), 104 (9), 110 (3), 114 (6), 117 (11), 122 (15), 123 (0), 125 (2), 126 (0), 127 (4), 134 (12), 136 (6), 141 (4), 146 (14), 147 (6), 151 (14), 152 (3), 153 (4), 157 (8), 158 (0), 159 (14), 
Finishing order: 80 (420.39), 1 (420.51), 3 (435.57), 81 (465.27), 0 (465.39), 4 (465.51), 5 (465.63), 82 (480.39), 85 (480.75), 6 (480.99), 86 (480.99), 8 (481.11), 40 (481.35), 89 (481.35), 10 (481.47), 90 (481.47), 91 (481.59), 12 (481.71), 92 (481.71), 14 (481.83), 13 (481.95), 93 (481.95), 15 (482.07), 16 (482.19), 96 (482.19), 17 (482.31), 97 (482.31), 18 (482.43), 155 (482.43), 19 (482.55), 98 (482.55), 20 (482.67), 99 (482.67), 21 (482.79), 100 (482.79), 23 (483.03), 102 (483.03), 69 (483.15), 24 (483.27), 103 (483.39), 27 (483.51), 105 (483.51), 66 (483.63), 107 (483.63), 30 (483.87), 106 (483.87), 109 (483.99), 29 (484.11), 108 (484.11), 33 (484.23), 113 (484.23), 32 (484.35), 112 (484.35), 120 (484.47), 76 (484.71), 118 (484.71), 119 (484.83), 38 (484.95), 148 (484.95), 36 (485.07), 124 (485.31), 43 (485.43), 46 (485.67), 47 (485.79), 129 (485.79), 128 (485.91), 50 (486.03), 130 (486.03), 48 (486.15), 131 (486.15), 44 (486.27), 132 (486.27), 51 (486.39), 135 (486.39), 52 (486.51), 133 (486.51), 53 (486.63), 54 (486.75), 137 (486.87), 57 (486.99), 139 (486.99), 138 (487.11), 55 (487.23), 140 (487.23), 58 (487.35), 60 (487.47), 142 (487.47), 61 (487.59), 143 (487.59), 63 (487.71), 62 (487.83), 150 (487.83), 65 (487.95), 154 (487.95), 67 (488.19), 145 (488.31), 77 (488.43), 78 (488.55), 79 (488.67), 149 (488.67), 71 (488.79), 156 (488.79), 111 (488.91), 73 (489.03), 115 (489.03), 116 (489.15), 70 (489.27), 144 (489.39), 68 (489.51), 121 (489.51), 
Result: TEAM 1 WIN*
