Mode: RANDOM
30.24 s > TEAM: 0 	F: 2 	 (252) 	S: 0 	 (251) 	T: 3 	 (250) 	LAP 1
30.24 s > TEAM: 1 	F: 159 	 (252) 	S: 80 	 (251) 	T: 157 	 (250) 	LAP 1
60.24 s > TEAM: 0 	F: 2 	 (504) 	S: 0 	 (502) 	T: 3 	 (500) 	LAP 2
60.36 s > TEAM: 1 	F: 159 	 (506) 	S: 157 	 (501) 	T: 81 	 (500) 	LAP 2
75.24 s > TEAM: 0 	F: 0 	 (752) 	S: 2 	 (752) 	T: 3 	 (750) 	LAP 3
90.36 s > TEAM: 1 	F: 159 	 (1000) 	S: 157 	 (752) 	T: 81 	 (750) 	LAP 3
105.24 s > TEAM: 0 	F: 0 	 (1126) 	S: 2 	 (1002) 	T: 3 	 (1000) 	LAP 4
120.36 s > TEAM: 1 	F: 159 	 (1251) 	S: 157 	 (1126) 	T: 81 	 (1000) 	LAP 4
135.24 s > TEAM: 0 	F: 0 	 (1501) 	S: 2 	 (1252) 	T: 3 	 (1250) 	LAP 5
150.36 s > TEAM: 1 	F: 159 	 (1625) 	S: 157 	 (1376) 	T: 81 	 (1250) 	LAP 5
165.24 s > TEAM: 0 	F: 0 	 (1751) 	S: 2 	 (1502) 	T: 3 	 (1500) 	LAP 6
180.36 s > TEAM: 1 	F: 159 	 (2000) 	S: 157 	 (1626) 	T: 81 	 (1500) 	LAP 6
195.24 s > TEAM: 0 	F: 0 	 (2001) 	S: 2 	 (1752) 	T: 3 	 (1750) 	LAP 7
210.48 s > TEAM: 1 	F: 159 	 (2251) 	S: 81 	 (1751) 	T: 82 	 (1750) 	LAP 7
225.24 s > TEAM: 0 	F: 0 	 (2251) 	S: 2 	 (2002) 	T: 3 	 (2000) 	LAP 8
240.48 s > TEAM: 1 	F: 159 	 (2501) 	S: 81 	 (2001) 	T: 82 	 (2000) 	LAP 8
255.24 s > TEAM: 0 	F: 0 	 (2502) 	S: 2 	 (2252) 	T: 3 	 (2250) 	LAP 9
270.48 s > TEAM: 1 	F: 159 	 (2687) 	S: 81 	 (2252) 	T: 82 	 (2250) 	LAP 9
285.24 s > TEAM: 0 	F: 0 	 (2876) 	S: 2 	 (2502) 	T: 3 	 (2500) 	LAP 10
300.48 s > TEAM: 1 	F: 81 	 (2752) 	S: 159 	 (2687) 	T: 82 	 (2500) 	LAP 10
315.24 s > TEAM: 0 	F: 0 	 (3126) 	S: 2 	 (2752) 	T: 3 	 (2750) 	LAP 11
330.60 s > TEAM: 1 	F: 81 	 (3127) 	S: 82 	 (2751) 	T: 100 	 (2750) 	LAP 11
345.24 s > TEAM: 0 	F: 0 	 (3376) 	S: 2 	 (3002) 	T: 3 	 (3000) 	LAP 12
360.60 s > TEAM: 1 	F: 81 	 (3502) 	S: 82 	 (3001) 	T: 100 	 (3000) 	LAP 12
375.24 s > TEAM: 0 	F: 0 	 (3752) 	S: 2 	 (3254) 	T: 3 	 (3250) 	LAP 13
390.24 s > TEAM: 0 	F: 0 	 (4000) 	S: 2 	 (3504) 	T: 3 	 (3500) 	LAP 14
390.60 s > TEAM: 1 	F: 81 	 (3754) 	S: 82 	 (3252) 	T: 100 	 (3250) 	LAP 13
405.24 s > TEAM: 0 	F: 0 	 (4000) 	S: 2 	 (3752) 	T: 3 	 (3750) 	LAP 15
420.60 s > TEAM: 1 	F: 81 	 (4000) 	S: 82 	 (3626) 	T: 100 	 (3500) 	LAP 14
435.00 s > TEAM: 0 	F: 0 	 (4000) 	S: 2 	 (4000) 	T: 3 	 (4000) 	LAP 16
450.60 s > TEAM: 1 	F: 81 	 (4000) 	S: 82 	 (3876) 	T: 100 	 (3750) 	LAP 15
480.60 s > TEAM: 1 	F: 81 	 (4000) 	S: 82 	 (4000) 	T: 100 	 (4000) 	LAP 16
Broken Team 0: 1 (13), 5 (0), 14 (13), 17 (7), 18 (4), 21 (13), 22 (15), 24 (15), 26 (12), 28 (11), 31 (0), 32 (1), 36 (7), 37 (4), 42 (14), 46 (2), 51 (7), 52 (8), 57 (6), 59 (3), 60 (8), 61 (1), 63 (12), 65 (9), 69 (10), 71 (8), 73 (11), 77 (13), 
Broken Team 1: 80 (1), 84 (10), 87 (2), 89 (5), 90 (7), 95 (3), 97 (5), 98 (12), 101 (7), 106 (3), 108 (12), 110 (4), 111 (12), 112 (0), 114 (8), 116 (4), 119 (3), 121 (2), 124 (0), 126 (12), 128 (12), 129 (4), 133 (0), 135 (0), 137 (6), 141 (10), 143 (6), 147 (10), 148 (11), 157 (6), 159 (10), 
Finishing order: 0 (390.15), 81 (405.39), 3 (420.27), 2 (435.03), 4 (465.39), 82 (465.51), 100 (480.63), 83 (480.75), 8 (480.87), 6 (480.99), 7 (481.11), 86 (481.11), 10 (481.23), 12 (481.35), 158 (481.35), 15 (481.47), 94 (481.59), 9 (481.71), 91 (481.71), 13 (481.83), 92 (481.83), 20 (482.07), 93 (482.07), 96 (482.19), 19 (482.31), 99 (482.43), 16 (482.67), 107 (482.67), 39 (482.79), 102 (482.91), 104 (483.03), 27 (483.15), 23 (483.27), 25 (483.39), 105 (483.39), 29 (483.75), 103 (483.75), 109 (483.87), 11 (483.99), 117 (483.99), 30 (484.11), 115 (484.11), 33 (484.35), 120 (484.35), 118 (484.59), 40 (484.71), 34 (484.83), 123 (484.83), 38 (484.95), 122 (484.95), 43 (485.07), 35 (485.19), 41 (485.31), 113 (485.43), 48 (485.55), 125 (485.55), 44 (485.67), 130 (485.67), 53 (485.79), 132 (485.79), 131 (485.91), 49 (486.03), 127 (486.03), 45 (486.15), 134 (486.15), 47 (486.39), 68 (486.51), 136 (486.51), 50 (486.63), 66 (486.75), 142 (486.75), 144 (486.87), 55 (486.99), 139 (486.99), 54 (487.11), 138 (487.23), 56 (487.35), 146 (487.35), 58 (487.47), 145 (487.47), 62 (487.95), 140 (487.95), 149 (488.07), 64 (488.19), 152 (488.19), 70 (488.31), 151 (488.31), 72 (488.43), 150 (488.43), 74 (488.55), 155 (488.67), 76 (488.79), 85 (488.79), 67 (488.91), 156 (488.91), 88 (489.03), 75 (489.27), 153 (489.27), 79 (489.39), 78 (489.51), 154 (489.51), 
Result: TEAM 0 WIN*
