Mode: RANDOM
30.24 s > TEAM: 0 	F: 1 	 (252) 	S: 2 	 (251) 	T: 3 	 (250) 	LAP 1
30.24 s > TEAM: 1 	F: 159 	 (254) 	S: 158 	 (251) 	T: 80 	 (250) 	LAP 1
60.24 s > TEAM: 0 	F: 1 	 (504) 	S: 2 	 (501) 	T: 3 	 (500) 	LAP 2
60.24 s > TEAM: 1 	F: 159 	 (627) 	S: 158 	 (501) 	T: 80 	 (500) 	LAP 2
90.24 s > TEAM: 0 	F: 1 	 (877) 	S: 2 	 (751) 	T: 3 	 (750) 	LAP 3
90.24 s > TEAM: 1 	F: 159 	 (877) 	S: 158 	 (751) 	T: 80 	 (750) 	LAP 3
120.24 s > TEAM: 0 	F: 1 	 (1127) 	S: 2 	 (1001) 	T: 3 	 (1000) 	LAP 4
120.24 s > TEAM: 1 	F: 159 	 (1252) 	S: 158 	 (1001) 	T: 80 	 (1000) 	LAP 4
150.24 s > TEAM: 0 	F: 1 	 (1377) 	S: 2 	 (1251) 	T: 3 	 (1250) 	LAP 5
150.24 s > TEAM: 1 	F: 159 	 (1502) 	S: 158 	 (1251) 	T: 80 	 (1250) 	LAP 5
180.24 s > TEAM: 0 	F: 1 	 (1627) 	S: 2 	 (1501) 	T: 3 	 (1500) 	LAP 6
180.24 s > TEAM: 1 	F: 159 	 (1754) 	S: 158 	 (1502) 	T: 80 	 (1500) 	LAP 6
195.24 s > TEAM: 1 	F: 159 	 (2004) 	S: 158 	 (1752) 	T: 80 	 (1750) 	LAP 7
210.24 s > TEAM: 0 	F: 1 	 (1877) 	S: 2 	 (1751) 	T: 3 	 (1750) 	LAP 7
225.24 s > TEAM: 1 	F: 159 	 (2498) 	S: 158 	 (2249) 	T: 80 	 (2000) 	LAP 8
240.36 s > TEAM: 0 	F: 2 	 (2004) 	S: 3 	 (2001) 	T: 4 	 (2000) 	LAP 8
255.24 s > TEAM: 1 	F: 159 	 (2748) 	S: 158 	 (2499) 	T: 80 	 (2250) 	LAP 9
270.36 s > TEAM: 0 	F: 2 	 (2498) 	S: 3 	 (2251) 	T: 4 	 (2250) 	LAP 9
285.24 s > TEAM: 1 	F: 159 	 (2998) 	S: 158 	 (2749) 	T: 80 	 (2500) 	LAP 10
300.36 s > TEAM: 0 	F: 2 	 (2748) 	S: 3 	 (2502) 	T: 4 	 (2500) 	LAP 10
315.24 s > TEAM: 1 	F: 159 	 (3248) 	S: 158 	 (2999) 	T: 80 	 (2750) 	LAP 11
315.36 s > TEAM: 0 	F: 2 	 (2873) 	S: 3 	 (2752) 	T: 4 	 (2750) 	LAP 11
330.36 s > TEAM: 0 	F: 2 	 (3061) 	S: 3 	 (3001) 	T: 4 	 (3000) 	LAP 12
345.24 s > TEAM: 1 	F: 159 	 (3623) 	S: 158 	 (3249) 	T: 80 	 (3000) 	LAP 12
360.36 s > TEAM: 0 	F: 2 	 (3311) 	S: 3 	 (3251) 	T: 4 	 (3250) 	LAP 13
375.24 s > TEAM: 1 	F: 159 	 (3996) 	S: 158 	 (3499) 	T: 80 	 (3250) 	LAP 13
390.36 s > TEAM: 0 	F: 2 	 (3622) 	S: 3 	 (3501) 	T: 4 	 (3500) 	LAP 14
405.24 s > TEAM: 1 	F: 159 	 (4000) 	S: 158 	 (3749) 	T: 80 	 (3500) 	LAP 14
420.36 s > TEAM: 0 	F: 2 	 (3999) 	S: 3 	 (3751) 	T: 4 	 (3750) 	LAP 15
435.24 s > TEAM: 1 	F: 159 	 (4000) 	S: 158 	 (3999) 	T: 80 	 (3750) 	LAP 15
450.36 s > TEAM: 0 	F: 2 	 (4000) 	S: 3 	 (4000) 	T: 4 	 (4000) 	LAP 16
465.24 s > TEAM: 1 	F: 80 	 (4000) 	S: 158 	 (4000) 	T: 159 	 (4000) 	LAP 16
Broken Team 0: 1 (7), 5 (0), 7 (7), 9 (3), 10 (5), 11 (5), 12 (0), 13 (4), 18 (14), 20 (1), 22 (4), 26 (8), 28 (9), 31 (2), 32 (3), 38 (6), 48 (11), 51 (6), 52 (7), 53 (15), 55 (10), 63 (11), 77 (13), 
Broken Team 1: 82 (10), 83 (15), 85 (10), 88 (2), 89 (5), 90 (0), 92 (3), 94 (5), 95 (3), 97 (4), 98 (3), 99 (12), 102 (8), 103 (15), 105 (4), 106 (5), 107 (1), 110 (2), 111 (12), 112 (6), 113 (6), 124 (3), 131 (0), 135 (6), 136 (14), 139 (4), 140 (0), 145 (10), 150 (4), 151 (5), 154 (0), 
Finishing order: 159 (375.51), 2 (420.51), 158 (435.39), 3 (450.27), 4 (450.39), 80 (465.27), 81 (480.39), 39 (480.51), 40 (480.75), 84 (480.75), 79 (480.87), 127 (480.87), 0 (480.99), 6 (481.11), 86 (481.11), 37 (481.23), 87 (481.23), 15 (481.47), 19 (481.59), 8 (481.71), 91 (481.71), 93 (481.95), 14 (482.55), 101 (482.55), 16 (482.67), 100 (482.67), 126 (482.79), 21 (482.91), 23 (483.03), 142 (483.03), 104 (483.15), 24 (483.27), 96 (483.27), 27 (483.51), 17 (483.63), 29 (483.87), 141 (484.11), 25 (484.23), 108 (484.23), 30 (484.35), 114 (484.35), 33 (484.47), 36 (484.71), 115 (484.71), 35 (484.83), 34 (484.95), 109 (484.95), 41 (485.07), 118 (485.19), 43 (485.31), 116 (485.31), 44 (485.43), 117 (485.43), 42 (485.55), 148 (485.55), 45 (485.67), 149 (485.67), 49 (485.79), 46 (485.91), 134 (485.91), 120 (486.03), 119 (486.15), 122 (486.39), 50 (486.51), 121 (486.51), 123 (486.63), 61 (486.75), 128 (486.75), 56 (486.87), 125 (486.87), 54 (487.11), 129 (487.11), 47 (487.23), 132 (487.23), 58 (487.35), 59 (487.47), 60 (487.59), 133 (487.59), 62 (487.71), 137 (487.71), 57 (487.83), 130 (487.83), 64 (487.95), 73 (488.07), 65 (488.19), 143 (488.19), 68 (488.31), 66 (488.43), 138 (488.43), 70 (488.55), 144 (488.55), 67 (488.67), 147 (488.67), 72 (488.79), 146 (488.79), 69 (488.91), 152 (488.91), 74 (489.03), 75 (489.15), 153 (489.15), 71 (489.27), 155 (489.27), 78 (489.39), 156 (489.39), 76 (489.51), 157 (489.51), 
Result: TEAM 1 WIN*
