Mode: RANDOM
30.24 s > TEAM: 0 	F: 0 	 (254) 	S: 2 	 (252) 	T: 3 	 (250) 	LAP 1
30.24 s > TEAM: 1 	F: 159 	 (252) 	S: 80 	 (251) 	T: 81 	 (250) 	LAP 1
45.24 s > TEAM: 0 	F: 0 	 (502) 	S: 2 	 (501) 	T: 3 	 (500) 	LAP 2
60.36 s > TEAM: 1 	F: 159 	 (506) 	S: 81 	 (501) 	T: 82 	 (500) 	LAP 2
75.24 s > TEAM: 0 	F: 0 	 (752) 	S: 2 	 (751) 	T: 3 	 (750) 	LAP 3
90.36 s > TEAM: 1 	F: 159 	 (878) 	S: 81 	 (751) 	T: 82 	 (750) 	LAP 3
120.36 s > TEAM: 0 	F: 2 	 (1127) 	S: 3 	 (1126) 	T: 4 	 (1000) 	LAP 4
120.36 s > TEAM: 1 	F: 159 	 (1250) 	S: 81 	 (1002) 	T: 82 	 (1000) 	LAP 4
150.36 s > TEAM: 0 	F: 2 	 (1502) 	S: 3 	 (1502) 	T: 4 	 (1250) 	LAP 5
150.36 s > TEAM: 1 	F: 159 	 (1501) 	S: 81 	 (1500) 	T: 82 	 (1250) 	LAP 5
180.36 s > TEAM: 0 	F: 3 	 (1873) 	S: 2 	 (1754) 	T: 4 	 (1500) 	LAP 6
180.36 s > TEAM: 1 	F: 159 	 (1999) 	S: 81 	 (1750) 	T: 82 	 (1500) 	LAP 6
195.36 s > TEAM: 0 	F: 3 	 (2123) 	S: 2 	 (2004) 	T: 4 	 (1750) 	LAP 7
210.36 s > TEAM: 1 	F: 159 	 (2499) 	S: 81 	 (2248) 	T: 82 	 (1750) 	LAP 7
225.36 s > TEAM: 0 	F: 3 	 (2436) 	S: 2 	 (2377) 	T: 4 	 (2000) 	LAP 8
240.36 s > TEAM: 1 	F: 159 	 (2749) 	S: 81 	 (2347) 	T: 82 	 (2000) 	LAP 8
255.60 s > TEAM: 0 	F: 3 	 (2688) 	S: 2 	 (2629) 	T: 6 	 (2250) 	LAP 9
270.36 s > TEAM: 1 	F: 159 	 (3185) 	S: 81 	 (2347) 	T: 82 	 (2250) 	LAP 9
285.60 s > TEAM: 0 	F: 3 	 (2938) 	S: 2 	 (2879) 	T: 6 	 (2500) 	LAP 10
300.48 s > TEAM: 1 	F: 159 	 (3436) 	S: 82 	 (2685) 	T: 83 	 (2500) 	LAP 10
315.60 s > TEAM: 0 	F: 3 	 (3188) 	S: 2 	 (3129) 	T: 6 	 (2750) 	LAP 11
330.48 s > TEAM: 1 	F: 159 	 (3747) 	S: 82 	 (2935) 	T: 83 	 (2750) 	LAP 11
345.60 s > TEAM: 0 	F: 3 	 (3499) 	S: 2 	 (3379) 	T: 6 	 (3000) 	LAP 12
360.48 s > TEAM: 1 	F: 159 	 (3997) 	S: 82 	 (3185) 	T: 83 	 (3000) 	LAP 12
375.60 s > TEAM: 0 	F: 3 	 (3749) 	S: 2 	 (3629) 	T: 6 	 (3250) 	LAP 13
390.48 s > TEAM: 1 	F: 159 	 (4000) 	S: 82 	 (3498) 	T: 83 	 (3250) 	LAP 13
405.60 s > TEAM: 0 	F: 3 	 (3998) 	S: 2 	 (3879) 	T: 6 	 (3500) 	LAP 14
420.48 s > TEAM: 1 	F: 159 	 (4000) 	S: 82 	 (3748) 	T: 83 	 (3500) 	LAP 14
435.60 s > TEAM: 0 	F: 2 	 (4000) 	S: 3 	 (4000) 	T: 6 	 (3750) 	LAP 15
450.48 s > TEAM: 1 	F: 159 	 (4000) 	S: 82 	 (3998) 	T: 83 	 (3750) 	LAP 15
450.60 s > TEAM: 0 	F: 2 	 (4000) 	S: 3 	 (4000) 	T: 6 	 (4000) 	LAP 16
480.48 s > TEAM: 1 	F: 82 	 (4000) 	S: 83 	 (4000) 	T: 159 	 (4000) 	LAP 16
Broken Team 0: 0 (3), 1 (14), 4 (8), 5 (11), 13 (11), 14 (13), 18 (5), 19 (10), 25 (8), 26 (12), 28 (12), 29 (13), 30 (12), 35 (0), 36 (14), 37 (8), 40 (6), 52 (5), 54 (3), 56 (13), 58 (5), 59 (14), 60 (8), 63 (9), 66 (6), 71 (14), 76 (1), 79 (7), 
Broken Team 1: 80 (1), 81 (9), 90 (4), 91 (6), 95 (2), 97 (10), 100 (10), 102 (8), 103 (6), 110 (1), 112 (7), 117 (0), 118 (7), 122 (11), 124 (1), 125 (12), 129 (4), 133 (13), 137 (13), 138 (2), 141 (0), 145 (13), 146 (12), 152 (6), 
Finishing order: 159 (360.87), 3 (405.87), 2 (420.15), 6 (450.63), 82 (450.75), 83 (480.51), 84 (480.63), 7 (480.75), 85 (480.75), 8 (480.87), 86 (480.87), 9 (480.99), 87 (480.99), 88 (481.11), 10 (481.23), 89 (481.23), 11 (481.35), 12 (481.47), 136 (481.59), 92 (481.71), 15 (481.83), 93 (481.83), 16 (481.95), 94 (481.95), 22 (482.07), 96 (482.19), 23 (482.31), 20 (482.43), 98 (482.43), 99 (482.55), 101 (482.67), 24 (482.79), 31 (482.91), 32 (483.15), 148 (483.15), 33 (483.27), 105 (483.27), 34 (483.39), 106 (483.39), 104 (483.51), 108 (483.63), 107 (483.75), 39 (483.87), 109 (483.87), 38 (483.99), 111 (484.11), 43 (484.35), 113 (484.35), 44 (484.47), 114 (484.47), 41 (484.59), 116 (484.59), 42 (484.71), 115 (484.71), 45 (484.83), 46 (484.95), 119 (484.95), 47 (485.07), 120 (485.07), 49 (485.19), 48 (485.31), 121 (485.31), 50 (485.43), 51 (485.55), 123 (485.55), 53 (485.79), 127 (485.79), 128 (485.91), 126 (486.03), 55 (486.15), 57 (486.27), 130 (486.39), 131 (486.51), 61 (486.75), 132 (486.75), 62 (486.87), 134 (486.87), 64 (486.99), 135 (486.99), 140 (487.11), 65 (487.23), 68 (487.47), 142 (487.47), 67 (487.59), 149 (487.59), 69 (487.71), 143 (487.71), 73 (487.83), 144 (487.83), 70 (487.95), 72 (488.19), 150 (488.19), 74 (488.31), 147 (488.31), 75 (488.43), 151 (488.43), 77 (488.55), 154 (488.67), 78 (488.79), 155 (488.79), 156 (488.91), 21 (489.03), 157 (489.03), 17 (489.15), 139 (489.15), 27 (489.27), 158 (489.39), 153 (489.51), 
Result: TEAM 0 WIN*
