Mode: RANDOM
30.24 s > TEAM: 0 	F: 1 	 (254) 	S: 2 	 (252) 	T: 3 	 (250) 	LAP 1
30.24 s > TEAM: 1 	F: 159 	 (254) 	S: 80 	 (251) 	T: 81 	 (250) 	LAP 1
45.24 s > TEAM: 0 	F: 1 	 (502) 	S: 2 	 (502) 	T: 3 	 (500) 	LAP 2
60.24 s > TEAM: 1 	F: 159 	 (747) 	S: 80 	 (502) 	T: 81 	 (500) 	LAP 2
75.24 s > TEAM: 0 	F: 2 	 (996) 	S: 1 	 (754) 	T: 3 	 (750) 	LAP 3
90.24 s > TEAM: 1 	F: 159 	 (997) 	S: 80 	 (876) 	T: 81 	 (750) 	LAP 3
105.24 s > TEAM: 0 	F: 2 	 (1247) 	S: 1 	 (1245) 	T: 3 	 (1000) 	LAP 4
120.24 s > TEAM: 1 	F: 80 	 (1246) 	S: 159 	 (1245) 	T: 81 	 (1000) 	LAP 4
127.80 s > TEAM: 0 	F: 2 	 (1435) 	S: 1 	 (1433) 	T: 0 	 (1250) 	LAP 5
135.24 s > TEAM: 1 	F: 80 	 (1371) 	S: 159 	 (1370) 	T: 81 	 (1250) 	LAP 5
142.80 s > TEAM: 0 	F: 2 	 (1560) 	S: 1 	 (1558) 	T: 0 	 (1500) 	LAP 6
150.96 s > TEAM: 1 	F: 80 	 (1502) 	S: 81 	 (1501) 	T: 159 	 (1500) 	LAP 6
172.80 s > TEAM: 0 	F: 2 	 (1810) 	S: 1 	 (1808) 	T: 0 	 (1750) 	LAP 7
180.96 s > TEAM: 1 	F: 80 	 (1753) 	S: 81 	 (1751) 	T: 159 	 (1750) 	LAP 7
202.80 s > TEAM: 0 	F: 1 	 (2058) 	S: 2 	 (2057) 	T: 0 	 (2000) 	LAP 8
210.96 s > TEAM: 1 	F: 80 	 (2003) 	S: 81 	 (2001) 	T: 159 	 (2000) 	LAP 8
226.02 s > TEAM: 0 	F: 0 	 (2251) 	S: 2 	 (2251) 	T: 1 	 (2250) 	LAP 9
240.96 s > TEAM: 1 	F: 80 	 (2284) 	S: 81 	 (2253) 	T: 159 	 (2250) 	LAP 9
255.48 s > TEAM: 0 	F: 2 	 (2619) 	S: 1 	 (2559) 	T: 4 	 (2500) 	LAP 10
285.48 s > TEAM: 0 	F: 2 	 (2871) 	S: 1 	 (2809) 	T: 4 	 (2750) 	LAP 11
300.48 s > TEAM: 1 	F: 81 	 (2872) 	S: 159 	 (2746) 	T: 82 	 (2500) 	LAP 10
315.48 s > TEAM: 0 	F: 2 	 (3121) 	S: 1 	 (3059) 	T: 4 	 (3000) 	LAP 12
330.48 s > TEAM: 1 	F: 81 	 (3122) 	S: 159 	 (2996) 	T: 82 	 (2750) 	LAP 11
345.48 s > TEAM: 0 	F: 2 	 (3371) 	S: 1 	 (3368) 	T: 4 	 (3250) 	LAP 13
360.48 s > TEAM: 1 	F: 81 	 (3495) 	S: 159 	 (3246) 	T: 82 	 (3000) 	LAP 12
375.48 s > TEAM: 0 	F: 2 	 (3749) 	S: 1 	 (3746) 	T: 4 	 (3500) 	LAP 14
390.48 s > TEAM: 0 	F: 2 	 (3874) 	S: 1 	 (3871) 	T: 4 	 (3750) 	LAP 15
390.48 s > TEAM: 1 	F: 81 	 (3748) 	S: 159 	 (3497) 	T: 82 	 (3250) 	LAP 13
405.96 s > TEAM: 0 	F: 4 	 (4000) 	S: 1 	 (4000) 	T: 2 	 (4000) 	LAP 16
420.60 s > TEAM: 1 	F: 81 	 (4000) 	S: 159 	 (3872) 	T: 84 	 (3500) 	LAP 14
435.60 s > TEAM: 1 	F: 81 	 (4000) 	S: 159 	 (4000) 	T: 84 	 (3750) 	LAP 15
450.60 s > TEAM: 1 	F: 81 	 (4000) 	S: 159 	 (4000) 	T: 84 	 (4000) 	LAP 16
Broken Team 0: 8 (10), 11 (1), 12 (11), 13 (0), 14 (3), 18 (15), 20 (5), 23 (1), 26 (6), 27 (14), 28 (0), 30 (15), 31 (12), 33 (11), 35 (10), 36 (12), 37 (1), 40 (14), 43 (10), 45 (15), 48 (0), 51 (7), 59 (2), 60 (0), 62 (1), 68 (2), 74 (3), 75 (2), 76 (4), 77 (15), 79 (7), 
Broken Team 1: 80 (9), 82 (13), 83 (8), 85 (1), 86 (0), 89 (1), 97 (0), 98 (11), 100 (6), 101 (10), 104 (2), 110 (4), 111 (3), 112 (3), 113 (12), 114 (14), 115 (5), 119 (9), 125 (4), 135 (4), 136 (6), 138 (2), 145 (12), 148 (5), 153 (1), 154 (1), 158 (2), 
Finishing order: 2 (405.57), 4 (405.75), 1 (405.99), 81 (413.19), 159 (428.31), 0 (435.87), 3 (450.27), 84 (450.63), 5 (465.75), 87 (466.23), 108 (466.47), 6 (480.75), 7 (480.87), 9 (481.11), 10 (481.23), 88 (481.59), 15 (481.71), 91 (481.71), 16 (481.95), 90 (481.95), 54 (482.07), 92 (482.07), 17 (482.19), 93 (482.19), 19 (482.31), 94 (482.31), 96 (482.43), 69 (482.55), 95 (482.55), 21 (482.67), 22 (482.91), 99 (482.91), 24 (483.15), 107 (483.15), 25 (483.27), 102 (483.27), 106 (483.39), 109 (483.51), 29 (483.63), 32 (484.11), 124 (484.23), 126 (484.35), 34 (484.59), 118 (484.59), 133 (484.71), 38 (484.83), 116 (484.83), 41 (484.95), 117 (484.95), 42 (485.07), 39 (485.19), 120 (485.19), 121 (485.31), 44 (485.43), 122 (485.43), 123 (485.55), 46 (485.79), 128 (485.79), 47 (485.91), 130 (485.91), 49 (486.03), 127 (486.03), 132 (486.15), 131 (486.27), 52 (486.39), 134 (486.39), 55 (486.51), 141 (486.51), 50 (486.63), 53 (486.75), 140 (486.75), 58 (486.87), 142 (486.87), 56 (486.99), 129 (486.99), 61 (487.11), 143 (487.11), 137 (487.23), 64 (487.47), 146 (487.47), 65 (487.59), 139 (487.59), 147 (487.71), 66 (487.83), 150 (487.83), 63 (487.95), 144 (487.95), 71 (488.07), 149 (488.07), 70 (488.19), 73 (488.31), 155 (488.31), 72 (488.43), 151 (488.43), 152 (488.55), 78 (488.79), 156 (488.79), 157 (488.91), 105 (489.03), 103 (489.15), 57 (489.27), 67 (489.51), 
Result: TEAM 0 WIN*
