Mode: RANDOM
30.24 s > TEAM: 0 	F: 1 	 (252) 	S: 2 	 (251) 	T: 3 	 (250) 	LAP 1
30.36 s > TEAM: 1 	F: 80 	 (254) 	S: 157 	 (251) 	T: 156 	 (250) 	LAP 1
60.24 s > TEAM: 0 	F: 1 	 (504) 	S: 2 	 (501) 	T: 3 	 (500) 	LAP 2
60.36 s > TEAM: 1 	F: 80 	 (752) 	S: 157 	 (501) 	T: 156 	 (500) 	LAP 2
90.24 s > TEAM: 0 	F: 1 	 (877) 	S: 2 	 (751) 	T: 3 	 (750) 	LAP 3
90.36 s > TEAM: 1 	F: 80 	 (1002) 	S: 157 	 (751) 	T: 156 	 (750) 	LAP 3
120.24 s > TEAM: 0 	F: 1 	 (1127) 	S: 2 	 (1001) 	T: 3 	 (1000) 	LAP 4
120.36 s > TEAM: 1 	F: 80 	 (1252) 	S: 157 	 (1001) 	T: 156 	 (1000) 	LAP 4
150.24 s > TEAM: 0 	F: 1 	 (1377) 	S: 2 	 (1251) 	T: 3 	 (1250) 	LAP 5
150.36 s > TEAM: 1 	F: 80 	 (1504) 	S: 157 	 (1251) 	T: 156 	 (1250) 	LAP 5
180.24 s > TEAM: 0 	F: 1 	 (1752) 	S: 2 	 (1501) 	T: 3 	 (1500) 	LAP 6
180.36 s > TEAM: 1 	F: 80 	 (2004) 	S: 157 	 (1502) 	T: 156 	 (1500) 	LAP 6
210.24 s > TEAM: 0 	F: 1 	 (2004) 	S: 2 	 (1752) 	T: 3 	 (1750) 	LAP 7
210.36 s > TEAM: 1 	F: 80 	 (2377) 	S: 157 	 (1878) 	T: 156 	 (1750) 	LAP 7
240.24 s > TEAM: 0 	F: 1 	 (2377) 	S: 2 	 (2252) 	T: 3 	 (2000) 	LAP 8
240.36 s > TEAM: 1 	F: 80 	 (2627) 	S: 157 	 (2189) 	T: 156 	 (2000) 	LAP 8
270.24 s > TEAM: 0 	F: 1 	 (2752) 	S: 2 	 (2562) 	T: 3 	 (2250) 	LAP 9
270.36 s > TEAM: 1 	F: 80 	 (2877) 	S: 157 	 (2439) 	T: 156 	 (2250) 	LAP 9
300.24 s > TEAM: 0 	F: 1 	 (3004) 	S: 2 	 (2812) 	T: 3 	 (2500) 	LAP 10
300.36 s > TEAM: 1 	F: 80 	 (3127) 	S: 157 	 (2689) 	T: 156 	 (2500) 	LAP 10
330.24 s > TEAM: 0 	F: 1 	 (3311) 	S: 2 	 (3060) 	T: 3 	 (2750) 	LAP 11
330.36 s > TEAM: 1 	F: 80 	 (3377) 	S: 157 	 (2939) 	T: 156 	 (2750) 	LAP 11
360.24 s > TEAM: 0 	F: 1 	 (3561) 	S: 2 	 (3310) 	T: 3 	 (3000) 	LAP 12
360.36 s > TEAM: 1 	F: 80 	 (3627) 	S: 157 	 (3189) 	T: 156 	 (3000) 	LAP 12
390.24 s > TEAM: 0 	F: 1 	 (3811) 	S: 2 	 (3560) 	T: 3 	 (3250) 	LAP 13
390.36 s > TEAM: 1 	F: 80 	 (3935) 	S: 157 	 (3439) 	T: 156 	 (3250) 	LAP 13
420.24 s > TEAM: 0 	F: 1 	 (4000) 	S: 2 	 (3810) 	T: 3 	 (3500) 	LAP 14
420.36 s > TEAM: 1 	F: 80 	 (4000) 	S: 157 	 (3878) 	T: 156 	 (3500) 	LAP 14
435.36 s > TEAM: 1 	F: 80 	 (4000) 	S: 157 	 (4000) 	T: 156 	 (3750) 	LAP 15
450.24 s > TEAM: 0 	F: 1 	 (4000) 	S: 2 	 (4000) 	T: 3 	 (3750) 	LAP 15
458.16 s > TEAM: 1 	F: 80 	 (4000) 	S: 157 	 (4000) 	T: 158 	 (4000) 	LAP 16
473.16 s > TEAM: 0 	F: 1 	 (4000) 	S: 2 	 (4000) 	T: 9 	 (4000) 	LAP 16
Broken Team 0: 5 (0), 6 (13), 10 (9), 11 (11), 13 (10), 15 (10), 16 (0), 17 (5), 24 (13), 26 (11), 27 (14), 28 (11), 30 (8), 31 (12), 34 (2), 35 (12), 36 (10), 38 (5), 44 (7), 48 (7), 50 (1), 52 (4), 54 (15), 56 (12), 58 (13), 61 (0), 63 (9), 65 (3), 66 (2), 70 (11), 71 (0), 72 (4), 74 (8), 76 (2), 77 (13), 
Broken Team 1: 88 (15), 89 (2), 90 (15), 94 (12), 96 (1), 97 (6), 101 (15), 105 (1), 106 (3), 108 (1), 110 (6), 120 (6), 122 (11), 124 (5), 125 (13), 126 (5), 127 (1), 132 (3), 136 (2), 138 (0), 139 (1), 148 (15), 149 (1), 150 (15), 151 (2), 159 (0), 
Finishing order: 80 (398.19), 1 (412.89), 157 (428.19), 2 (443.01), 158 (458.19), 83 (458.25), 81 (458.43), 156 (458.49), 82 (465.75), 155 (465.99), 9 (473.19), 7 (473.25), 40 (473.25), 8 (473.31), 12 (473.31), 3 (473.37), 4 (473.37), 0 (473.43), 84 (481.11), 86 (481.23), 87 (481.35), 91 (481.59), 85 (481.71), 92 (481.83), 14 (481.89), 93 (482.07), 95 (482.19), 18 (482.37), 19 (482.49), 98 (482.55), 39 (482.61), 20 (482.73), 99 (482.79), 21 (482.85), 22 (482.97), 100 (483.03), 23 (483.09), 102 (483.15), 25 (483.21), 107 (483.27), 103 (483.39), 104 (483.51), 109 (483.63), 29 (483.69), 142 (483.87), 32 (484.05), 112 (484.11), 33 (484.29), 111 (484.47), 113 (484.59), 114 (484.71), 37 (484.77), 115 (484.83), 42 (484.89), 116 (484.95), 43 (485.01), 119 (485.07), 45 (485.13), 117 (485.19), 118 (485.31), 41 (485.49), 121 (485.55), 47 (485.73), 49 (485.85), 129 (485.91), 53 (485.97), 130 (486.03), 51 (486.21), 131 (486.27), 55 (486.33), 133 (486.51), 57 (486.57), 135 (486.63), 60 (486.69), 147 (486.75), 59 (486.93), 137 (486.99), 62 (487.05), 134 (487.23), 140 (487.35), 141 (487.47), 64 (487.53), 145 (487.59), 146 (487.71), 67 (487.77), 69 (488.01), 143 (488.07), 75 (488.13), 78 (488.37), 128 (488.55), 79 (488.73), 123 (488.79), 153 (488.91), 68 (489.09), 152 (489.15), 73 (489.21), 144 (489.27), 46 (489.45), 154 (489.51), 
Result: TEAM 1 WIN*
