Mode: RANDOM
30.24 s > TEAM: 0 	F: 1 	 (252) 	S: 2 	 (251) 	T: 3 	 (250) 	LAP 1
30.24 s > TEAM: 1 	F: 159 	 (254) 	S: 80 	 (252) 	T: 81 	 (250) 	LAP 1
60.24 s > TEAM: 0 	F: 1 	 (504) 	S: 2 	 (502) 	T: 3 	 (500) 	LAP 2
60.24 s > TEAM: 1 	F: 80 	 (628) 	S: 159 	 (627) 	T: 81 	 (500) 	LAP 2
90.24 s > TEAM: 1 	F: 80 	 (939) 	S: 159 	 (877) 	T: 81 	 (750) 	LAP 3
90.36 s > TEAM: 0 	F: 2 	 (814) 	S: 3 	 (813) 	T: 4 	 (750) 	LAP 3
120.24 s > TEAM: 1 	F: 80 	 (1378) 	S: 159 	 (1248) 	T: 81 	 (1000) 	LAP 4
120.36 s > TEAM: 0 	F: 2 	 (1128) 	S: 3 	 (1126) 	T: 4 	 (1000) 	LAP 4
150.24 s > TEAM: 1 	F: 80 	 (1689) 	S: 159 	 (1561) 	T: 81 	 (1250) 	LAP 5
150.36 s > TEAM: 0 	F: 3 	 (1438) 	S: 2 	 (1325) 	T: 4 	 (1250) 	LAP 5
180.24 s > TEAM: 1 	F: 80 	 (1939) 	S: 159 	 (1811) 	T: 81 	 (1500) 	LAP 6
180.48 s > TEAM: 0 	F: 3 	 (1689) 	S: 4 	 (1501) 	T: 5 	 (1500) 	LAP 6
210.24 s > TEAM: 1 	F: 80 	 (2310) 	S: 159 	 (2061) 	T: 81 	 (1750) 	LAP 7
210.48 s > TEAM: 0 	F: 3 	 (1939) 	S: 4 	 (1751) 	T: 5 	 (1750) 	LAP 7
225.48 s > TEAM: 1 	F: 80 	 (2501) 	S: 159 	 (2252) 	T: 81 	 (2000) 	LAP 8
240.48 s > TEAM: 0 	F: 3 	 (2314) 	S: 4 	 (2001) 	T: 5 	 (2000) 	LAP 8
255.48 s > TEAM: 1 	F: 80 	 (2813) 	S: 159 	 (2563) 	T: 81 	 (2250) 	LAP 9
270.48 s > TEAM: 0 	F: 3 	 (2628) 	S: 4 	 (2252) 	T: 5 	 (2250) 	LAP 9
285.48 s > TEAM: 1 	F: 80 	 (3126) 	S: 159 	 (2813) 	T: 81 	 (2500) 	LAP 10
300.60 s > TEAM: 0 	F: 3 	 (2940) 	S: 5 	 (2688) 	T: 6 	 (2500) 	LAP 10
315.48 s > TEAM: 1 	F: 80 	 (3498) 	S: 159 	 (3126) 	T: 81 	 (2750) 	LAP 11
330.60 s > TEAM: 0 	F: 3 	 (3248) 	S: 5 	 (2939) 	T: 6 	 (2750) 	LAP 11
345.48 s > TEAM: 1 	F: 80 	 (3746) 	S: 159 	 (3437) 	T: 81 	 (3000) 	LAP 12
360.60 s > TEAM: 0 	F: 3 	 (3498) 	S: 5 	 (3249) 	T: 6 	 (3000) 	LAP 12
375.48 s > TEAM: 1 	F: 80 	 (3996) 	S: 159 	 (3687) 	T: 81 	 (3250) 	LAP 13
390.60 s > TEAM: 0 	F: 3 	 (3748) 	S: 5 	 (3499) 	T: 6 	 (3250) 	LAP 13
405.48 s > TEAM: 1 	F: 80 	 (4000) 	S: 159 	 (3996) 	T: 81 	 (3500) 	LAP 14
420.60 s > TEAM: 0 	F: 3 	 (3998) 	S: 5 	 (3749) 	T: 6 	 (3500) 	LAP 14
435.48 s > TEAM: 1 	F: 80 	 (4000) 	S: 159 	 (4000) 	T: 81 	 (3750) 	LAP 15
450.60 s > TEAM: 0 	F: 3 	 (4000) 	S: 5 	 (3999) 	T: 6 	 (3750) 	LAP 15
465.48 s > TEAM: 1 	F: 80 	 (4000) 	S: 81 	 (4000) 	T: 159 	 (4000) 	LAP 16
480.60 s > TEAM: 0 	F: 3 	 (4000) 	S: 5 	 (4000) 	T: 6 	 (4000) 	LAP 16
Broken Team 0: 1 (2), 2 (5), 4 (9), 8 (0), 11 (8), 14 (1), 17 (14), 19 (1), 20 (12), 28 (3), 29 (2), 34 (13), 35 (9), 38 (1), 42 (8), 43 (4), 44 (13), 45 (9), 53 (8), 54 (11), 56 (7), 60 (2), 64 (1), 66 (4), 67 (0), 70 (0), 72 (5), 74 (2), 76 (4), 77 (2), 78 (12), 
Broken Team 1: 82 (0), 83 (5), 85 (0), 95 (9), 98 (6), 101 (10), 104 (12), 106 (10), 108 (12), 116 (0), 117 (6), 118 (11), 119 (1), 120 (8), 128 (7), 130 (13), 131 (12), 133 (3), 135 (11), 146 (6), 148 (4), 149 (2), 150 (7), 155 (5), 156 (2), 157 (0), 
Finishing order: 80 (375.99), 159 (405.99), 3 (420.87), 5 (450.75), 81 (465.51), 84 (465.63), 6 (480.63), 36 (480.75), 7 (480.87), 86 (480.87), 87 (480.99), 9 (481.11), 88 (481.11), 37 (481.23), 89 (481.23), 10 (481.35), 90 (481.35), 91 (481.47), 12 (481.59), 92 (481.59), 13 (481.71), 93 (481.71), 94 (481.83), 15 (481.95), 96 (482.07), 16 (482.19), 97 (482.19), 0 (482.31), 18 (482.43), 99 (482.43), 100 (482.55), 22 (482.79), 102 (482.79), 23 (482.91), 103 (482.91), 21 (483.03), 105 (483.03), 24 (483.15), 25 (483.27), 27 (483.39), 107 (483.39), 109 (483.63), 30 (483.75), 158 (483.75), 26 (483.87), 110 (483.87), 31 (483.99), 111 (483.99), 33 (484.11), 112 (484.11), 32 (484.23), 113 (484.23), 114 (484.35), 39 (484.59), 153 (484.59), 152 (484.71), 40 (484.83), 41 (484.95), 115 (484.95), 46 (485.55), 151 (485.55), 47 (485.67), 49 (485.79), 121 (485.79), 50 (485.91), 122 (485.91), 48 (486.03), 124 (486.03), 52 (486.15), 154 (486.15), 51 (486.27), 125 (486.27), 57 (486.39), 123 (486.39), 126 (486.51), 127 (486.63), 55 (486.75), 129 (486.75), 58 (486.99), 59 (487.11), 61 (487.35), 132 (487.35), 62 (487.47), 134 (487.47), 63 (487.59), 136 (487.59), 65 (487.83), 137 (487.83), 68 (487.95), 139 (488.19), 138 (488.31), 69 (488.43), 71 (488.67), 141 (488.67), 142 (488.79), 140 (488.91), 73 (489.03), 144 (489.03), 143 (489.15), 79 (489.27), 145 (489.27), 75 (489.39), 147 (489.51), 
Result: TEAM 1 WIN*
