Mode: RANDOM
30.24 s > TEAM: 0 	F: 1 	 (254) 	S: 2 	 (252) 	T: 3 	 (250) 	LAP 1
30.36 s > TEAM: 1 	F: 80 	 (254) 	S: 81 	 (252) 	T: 82 	 (250) 	LAP 1
45.24 s > TEAM: 0 	F: 1 	 (502) 	S: 2 	 (501) 	T: 3 	 (500) 	LAP 2
60.36 s > TEAM: 1 	F: 80 	 (627) 	S: 81 	 (626) 	T: 82 	 (500) 	LAP 2
75.12 s > TEAM: 0 	F: 3 	 (874) 	S: 1 	 (751) 	T: 2 	 (750) 	LAP 3
90.36 s > TEAM: 1 	F: 80 	 (877) 	S: 81 	 (876) 	T: 82 	 (750) 	LAP 3
105.12 s > TEAM: 0 	F: 3 	 (1248) 	S: 1 	 (1002) 	T: 2 	 (1000) 	LAP 4
120.12 s > TEAM: 0 	F: 3 	 (1374) 	S: 1 	 (1252) 	T: 2 	 (1250) 	LAP 5
120.36 s > TEAM: 1 	F: 80 	 (1252) 	S: 81 	 (1251) 	T: 82 	 (1000) 	LAP 4
135.36 s > TEAM: 0 	F: 3 	 (1502) 	S: 1 	 (1501) 	T: 2 	 (1500) 	LAP 6
150.36 s > TEAM: 1 	F: 80 	 (1504) 	S: 81 	 (1501) 	T: 82 	 (1250) 	LAP 5
165.36 s > TEAM: 0 	F: 3 	 (1999) 	S: 1 	 (1875) 	T: 2 	 (1750) 	LAP 7
180.36 s > TEAM: 1 	F: 80 	 (1874) 	S: 81 	 (1751) 	T: 82 	 (1500) 	LAP 6
195.36 s > TEAM: 0 	F: 3 	 (2249) 	S: 1 	 (2248) 	T: 2 	 (2000) 	LAP 8
210.36 s > TEAM: 1 	F: 80 	 (2124) 	S: 81 	 (2001) 	T: 82 	 (1750) 	LAP 7
210.60 s > TEAM: 0 	F: 3 	 (2501) 	S: 1 	 (2376) 	T: 2 	 (2250) 	LAP 9
240.36 s > TEAM: 1 	F: 80 	 (2497) 	S: 81 	 (2251) 	T: 82 	 (2000) 	LAP 8
240.60 s > TEAM: 0 	F: 3 	 (2877) 	S: 1 	 (2749) 	T: 2 	 (2500) 	LAP 10
255.60 s > TEAM: 0 	F: 3 	 (3064) 	S: 1 	 (2874) 	T: 2 	 (2750) 	LAP 11
270.36 s > TEAM: 1 	F: 80 	 (2811) 	S: 81 	 (2501) 	T: 82 	 (2250) 	LAP 9
278.16 s > TEAM: 0 	F: 3 	 (3252) 	S: 1 	 (3062) 	T: 2 	 (3000) 	LAP 12
300.36 s > TEAM: 1 	F: 80 	 (3061) 	S: 81 	 (2751) 	T: 82 	 (2500) 	LAP 10
330.36 s > TEAM: 1 	F: 80 	 (3311) 	S: 81 	 (3001) 	T: 82 	 (2750) 	LAP 11
360.36 s > TEAM: 1 	F: 80 	 (3621) 	S: 81 	 (3251) 	T: 82 	 (3000) 	LAP 12
390.36 s > TEAM: 0 	F: 1 	 (4000) 	S: 3 	 (4000) 	T: 4 	 (3250) 	LAP 13
390.36 s > TEAM: 1 	F: 80 	 (4000) 	S: 81 	 (3501) 	T: 82 	 (3250) 	LAP 13
420.36 s > TEAM: 0 	F: 1 	 (4000) 	S: 3 	 (4000) 	T: 4 	 (3500) 	LAP 14
420.36 s > TEAM: 1 	F: 80 	 (4000) 	S: 81 	 (3752) 	T: 82 	 (3500) 	LAP 14
450.36 s > TEAM: 0 	F: 1 	 (4000) 	S: 3 	 (4000) 	T: 4 	 (3750) 	LAP 15
450.36 s > TEAM: 1 	F: 80 	 (4000) 	S: 81 	 (4000) 	T: 82 	 (3750) 	LAP 15
480.36 s > TEAM: 0 	F: 1 	 (4000) 	S: 3 	 (4000) 	T: 4 	 (4000) 	LAP 16
480.36 s > TEAM: 1 	F: 80 	 (4000) 	S: 81 	 (4000) 	T: 82 	 (4000) 	LAP 16
Broken Team 0: 0 (7), 2 (12), 5 (1), 8 (5), 10 (0), 12 (12), 15 (12), 22 (12), 26 (13), 29 (13), 30 (5), 32 (14), 33 (11), 34 (9), 39 (10), 42 (5), 43 (11), 47 (11), 49 (8), 51 (2), 52 (2), 57 (0), 60 (7), 61 (10), 66 (4), 67 (11), 70 (4), 79 (3), 
Broken Team 1: 85 (3), 87 (0), 89 (5), 92 (0), 93 (1), 94 (6), 95 (0), 96 (13), 98 (2), 101 (8), 105 (3), 108 (2), 109 (13), 110 (14), 114 (10), 117 (14), 122 (6), 129 (12), 131 (7), 134 (9), 141 (11), 142 (4), 143 (3), 144 (14), 145 (1), 149 (9), 152 (1), 153 (1), 154 (5), 159 (0), 
Finishing order: 3 (360.75), 1 (360.81), 80 (383.37), 81 (435.27), 4 (480.39), 82 (480.39), 83 (480.51), 6 (480.63), 84 (480.63), 7 (480.75), 86 (480.87), 9 (481.11), 88 (481.11), 21 (481.35), 90 (481.35), 91 (481.47), 11 (481.59), 13 (481.71), 14 (481.83), 16 (482.19), 97 (482.19), 17 (482.31), 18 (482.43), 102 (482.43), 19 (482.55), 99 (482.55), 20 (482.67), 103 (482.67), 24 (482.79), 104 (482.79), 25 (482.91), 106 (483.03), 27 (483.15), 107 (483.15), 28 (483.39), 112 (483.39), 31 (483.63), 113 (483.63), 115 (483.87), 116 (483.99), 35 (484.11), 36 (484.23), 119 (484.23), 37 (484.35), 118 (484.35), 38 (484.47), 121 (484.47), 120 (484.59), 40 (484.71), 41 (484.83), 123 (484.83), 124 (484.95), 125 (485.07), 44 (485.19), 126 (485.19), 45 (485.31), 127 (485.31), 46 (485.55), 48 (485.67), 130 (485.67), 53 (486.03), 132 (486.03), 54 (486.15), 135 (486.15), 55 (486.27), 128 (486.27), 133 (486.39), 63 (486.51), 136 (486.63), 65 (486.75), 137 (486.75), 62 (486.87), 138 (486.87), 64 (486.99), 139 (486.99), 155 (487.11), 68 (487.23), 140 (487.23), 71 (487.35), 72 (487.59), 73 (487.83), 146 (487.83), 74 (487.95), 75 (488.07), 148 (488.07), 77 (488.19), 150 (488.19), 69 (488.31), 78 (488.43), 151 (488.43), 76 (488.55), 157 (488.67), 56 (488.79), 158 (488.91), 59 (489.03), 111 (489.03), 58 (489.15), 100 (489.15), 23 (489.27), 147 (489.27), 50 (489.39), 156 (489.51), 
Result: TEAM 0 WIN*
