Mode: RANDOM
30.24 s > TEAM: 0 	F: 1 	 (254) 	S: 2 	 (251) 	T: 0 	 (250) 	LAP 1
30.24 s > TEAM: 1 	F: 159 	 (252) 	S: 80 	 (251) 	T: 81 	 (250) 	LAP 1
60.24 s > TEAM: 0 	F: 1 	 (627) 	S: 2 	 (501) 	T: 0 	 (500) 	LAP 2
60.24 s > TEAM: 1 	F: 159 	 (504) 	S: 80 	 (501) 	T: 81 	 (500) 	LAP 2
90.24 s > TEAM: 0 	F: 1 	 (1002) 	S: 2 	 (751) 	T: 0 	 (750) 	LAP 3
90.24 s > TEAM: 1 	F: 159 	 (1002) 	S: 80 	 (751) 	T: 81 	 (750) 	LAP 3
120.24 s > TEAM: 0 	F: 1 	 (1252) 	S: 2 	 (1001) 	T: 0 	 (1000) 	LAP 4
120.24 s > TEAM: 1 	F: 159 	 (1252) 	S: 80 	 (1001) 	T: 81 	 (1000) 	LAP 4
150.24 s > TEAM: 0 	F: 1 	 (1502) 	S: 2 	 (1251) 	T: 0 	 (1250) 	LAP 5
150.24 s > TEAM: 1 	F: 159 	 (1502) 	S: 80 	 (1251) 	T: 81 	 (1250) 	LAP 5
180.24 s > TEAM: 0 	F: 1 	 (1754) 	S: 2 	 (1502) 	T: 0 	 (1500) 	LAP 6
180.24 s > TEAM: 1 	F: 159 	 (1752) 	S: 80 	 (1501) 	T: 81 	 (1500) 	LAP 6
195.24 s > TEAM: 0 	F: 1 	 (2004) 	S: 2 	 (1752) 	T: 0 	 (1750) 	LAP 7
210.24 s > TEAM: 0 	F: 1 	 (2252) 	S: 2 	 (2002) 	T: 0 	 (2000) 	LAP 8
210.24 s > TEAM: 1 	F: 159 	 (2004) 	S: 80 	 (1752) 	T: 81 	 (1750) 	LAP 7
225.72 s > TEAM: 0 	F: 1 	 (2381) 	S: 2 	 (2250) 	T: 4 	 (2250) 	LAP 9
240.24 s > TEAM: 1 	F: 159 	 (2493) 	S: 80 	 (2243) 	T: 81 	 (2000) 	LAP 8
255.72 s > TEAM: 0 	F: 1 	 (2631) 	S: 2 	 (2500) 	T: 4 	 (2500) 	LAP 10
270.36 s > TEAM: 1 	F: 159 	 (2744) 	S: 80 	 (2495) 	T: 82 	 (2250) 	LAP 9
285.72 s > TEAM: 0 	F: 1 	 (2996) 	S: 2 	 (2750) 	T: 4 	 (2750) 	LAP 11
300.36 s > TEAM: 1 	F: 159 	 (2994) 	S: 80 	 (2745) 	T: 82 	 (2500) 	LAP 10
315.84 s > TEAM: 0 	F: 1 	 (3247) 	S: 2 	 (3001) 	T: 0 	 (3000) 	LAP 12
330.36 s > TEAM: 1 	F: 159 	 (3244) 	S: 80 	 (2995) 	T: 82 	 (2750) 	LAP 11
345.84 s > TEAM: 0 	F: 1 	 (3497) 	S: 2 	 (3251) 	T: 0 	 (3250) 	LAP 13
360.36 s > TEAM: 1 	F: 159 	 (3494) 	S: 80 	 (3245) 	T: 82 	 (3000) 	LAP 12
375.84 s > TEAM: 0 	F: 1 	 (3747) 	S: 2 	 (3501) 	T: 0 	 (3500) 	LAP 14
390.36 s > TEAM: 1 	F: 159 	 (3744) 	S: 80 	 (3495) 	T: 82 	 (3250) 	LAP 13
405.72 s > TEAM: 0 	F: 1 	 (3995) 	S: 0 	 (3750) 	T: 2 	 (3750) 	LAP 15
420.36 s > TEAM: 1 	F: 159 	 (3994) 	S: 80 	 (3745) 	T: 82 	 (3500) 	LAP 14
435.78 s > TEAM: 0 	F: 0 	 (4000) 	S: 1 	 (4000) 	T: 2 	 (4000) 	LAP 16
450.36 s > TEAM: 1 	F: 159 	 (4000) 	S: 80 	 (3998) 	T: 82 	 (3750) 	LAP 15
465.36 s > TEAM: 1 	F: 80 	 (4000) 	S: 82 	 (4000) 	T: 159 	 (4000) 	LAP 16
Broken Team 0: 4 (11), 7 (1), 12 (3), 14 (5), 16 (6), 17 (4), 18 (6), 24 (15), 25 (2), 27 (0), 28 (4), 30 (3), 35 (6), 37 (1), 38 (9), 39 (13), 40 (15), 41 (3), 47 (0), 52 (8), 53 (7), 56 (5), 57 (3), 63 (15), 64 (7), 68 (1), 69 (2), 74 (14), 
Broken Team 1: 81 (8), 83 (14), 85 (13), 88 (6), 90 (9), 95 (9), 96 (2), 99 (6), 103 (7), 104 (11), 105 (0), 111 (12), 116 (14), 117 (12), 118 (11), 121 (6), 122 (6), 124 (2), 127 (10), 132 (0), 133 (0), 135 (3), 138 (14), 146 (8), 147 (1), 151 (5), 154 (1), 
Finishing order: 1 (406.35), 159 (421.05), 0 (435.75), 2 (435.81), 3 (436.23), 80 (450.51), 82 (465.39), 5 (465.63), 158 (480.51), 6 (480.75), 84 (480.87), 8 (480.99), 86 (480.99), 10 (481.11), 9 (481.23), 89 (481.23), 11 (481.35), 91 (481.47), 87 (481.59), 92 (481.71), 13 (481.83), 93 (481.83), 15 (481.95), 94 (481.95), 97 (482.31), 19 (482.43), 98 (482.43), 20 (482.55), 157 (482.55), 21 (482.67), 62 (482.79), 100 (482.79), 22 (482.91), 101 (482.91), 23 (483.03), 102 (483.03), 60 (483.27), 26 (483.51), 106 (483.51), 44 (483.63), 107 (483.63), 108 (483.75), 109 (483.87), 29 (483.99), 110 (484.11), 31 (484.23), 112 (484.23), 32 (484.35), 113 (484.35), 43 (484.47), 114 (484.47), 33 (484.59), 36 (484.71), 115 (484.71), 34 (484.83), 119 (485.07), 150 (485.43), 45 (485.55), 120 (485.55), 42 (485.67), 125 (485.79), 48 (485.91), 126 (486.03), 46 (486.15), 123 (486.15), 49 (486.27), 128 (486.27), 50 (486.39), 152 (486.39), 130 (486.63), 54 (486.75), 129 (486.75), 51 (486.87), 131 (486.87), 55 (486.99), 65 (487.11), 134 (487.11), 66 (487.23), 141 (487.35), 70 (487.47), 137 (487.47), 61 (487.59), 139 (487.59), 71 (487.71), 143 (487.71), 75 (487.83), 149 (487.83), 72 (487.95), 156 (487.95), 78 (488.07), 155 (488.07), 76 (488.19), 153 (488.19), 77 (488.43), 148 (488.43), 79 (488.55), 59 (488.67), 142 (488.67), 58 (488.79), 136 (488.79), 67 (488.91), 144 (488.91), 73 (489.03), 145 (489.15), 140 (489.27), 
Result: TEAM 0 WIN*
