Mode: RANDOM
30.24 s > TEAM: 0 	F: 1 	 (252) 	S: 2 	 (251) 	T: 3 	 (250) 	LAP 1
30.24 s > TEAM: 1 	F: 159 	 (252) 	S: 80 	 (251) 	T: 81 	 (250) 	LAP 1
60.24 s > TEAM: 0 	F: 1 	 (502) 	S: 2 	 (501) 	T: 3 	 (500) 	LAP 2
60.24 s > TEAM: 1 	F: 159 	 (504) 	S: 80 	 (502) 	T: 81 	 (500) 	LAP 2
90.24 s > TEAM: 0 	F: 1 	 (752) 	S: 2 	 (751) 	T: 3 	 (750) 	LAP 3
90.24 s > TEAM: 1 	F: 159 	 (1004) 	S: 80 	 (1002) 	T: 81 	 (750) 	LAP 3
105.24 s > TEAM: 1 	F: 159 	 (1252) 	S: 80 	 (1251) 	T: 81 	 (1000) 	LAP 4
120.24 s > TEAM: 0 	F: 1 	 (1002) 	S: 2 	 (1001) 	T: 3 	 (1000) 	LAP 4
135.24 s > TEAM: 1 	F: 159 	 (1504) 	S: 80 	 (1501) 	T: 81 	 (1250) 	LAP 5
150.24 s > TEAM: 0 	F: 1 	 (1254) 	S: 2 	 (1251) 	T: 3 	 (1250) 	LAP 5
165.24 s > TEAM: 1 	F: 159 	 (1990) 	S: 80 	 (1751) 	T: 81 	 (1500) 	LAP 6
180.24 s > TEAM: 0 	F: 1 	 (1739) 	S: 2 	 (1501) 	T: 3 	 (1500) 	LAP 6
195.24 s > TEAM: 1 	F: 159 	 (2240) 	S: 80 	 (2001) 	T: 81 	 (1750) 	LAP 7
210.24 s > TEAM: 0 	F: 1 	 (1989) 	S: 2 	 (1751) 	T: 3 	 (1750) 	LAP 7
225.24 s > TEAM: 1 	F: 159 	 (2490) 	S: 80 	 (2251) 	T: 81 	 (2000) 	LAP 8
240.24 s > TEAM: 0 	F: 1 	 (2239) 	S: 2 	 (2002) 	T: 3 	 (2000) 	LAP 8
255.24 s > TEAM: 0 	F: 1 	 (2364) 	S: 2 	 (2251) 	T: 3 	 (2250) 	LAP 9
255.36 s > TEAM: 1 	F: 159 	 (2741) 	S: 80 	 (2502) 	T: 82 	 (2250) 	LAP 9
271.80 s > TEAM: 0 	F: 1 	 (2502) 	S: 3 	 (2501) 	T: 4 	 (2500) 	LAP 10
285.36 s > TEAM: 1 	F: 159 	 (2989) 	S: 80 	 (2755) 	T: 82 	 (2500) 	LAP 10
300.36 s > TEAM: 1 	F: 159 	 (3114) 	S: 80 	 (3005) 	T: 82 	 (2750) 	LAP 11
301.80 s > TEAM: 0 	F: 3 	 (2753) 	S: 1 	 (2752) 	T: 4 	 (2750) 	LAP 11
317.04 s > TEAM: 1 	F: 159 	 (3254) 	S: 80 	 (3251) 	T: 82 	 (3000) 	LAP 12
331.80 s > TEAM: 0 	F: 3 	 (3003) 	S: 1 	 (3002) 	T: 4 	 (3000) 	LAP 12
347.04 s > TEAM: 1 	F: 159 	 (3503) 	S: 80 	 (3501) 	T: 82 	 (3250) 	LAP 13
361.80 s > TEAM: 0 	F: 3 	 (3253) 	S: 1 	 (3252) 	T: 4 	 (3250) 	LAP 13
376.92 s > TEAM: 1 	F: 159 	 (3752) 	S: 80 	 (3749) 	T: 82 	 (3500) 	LAP 14
391.80 s > TEAM: 0 	F: 3 	 (3503) 	S: 1 	 (3502) 	T: 4 	 (3500) 	LAP 14
406.92 s > TEAM: 1 	F: 159 	 (4000) 	S: 80 	 (3999) 	T: 82 	 (3750) 	LAP 15
421.80 s > TEAM: 0 	F: 3 	 (3753) 	S: 1 	 (3752) 	T: 4 	 (3750) 	LAP 15
436.92 s > TEAM: 1 	F: 80 	 (4000) 	S: 82 	 (4000) 	T: 159 	 (4000) 	LAP 16
451.56 s > TEAM: 0 	F: 1 	 (4000) 	S: 3 	 (4000) 	T: 4 	 (4000) 	LAP 16
Broken Team 0: 9 (9), 16 (7), 18 (2), 20 (8), 21 (5), 28 (7), 31 (11), 32 (5), 35 (12), 37 (4), 40 (6), 41 (6), 42 (11), 45 (15), 48 (4), 68 (2), 71 (1), 75 (7), 76 (9), 
Broken Team 1: 81 (8), 84 (4), 100 (5), 102 (2), 110 (13), 113 (8), 124 (2), 126 (13), 135 (10), 136 (12), 139 (3), 145 (2), 146 (2), 148 (12), 152 (11), 153 (2), 154 (2), 155 (1), 
Finishing order: 159 (406.71), 80 (407.07), 82 (436.95), 1 (451.47), 4 (451.53), 3 (451.59), 2 (465.15), 5 (465.51), 85 (465.63), 83 (465.75), 86 (465.87), 87 (465.99), 88 (466.11), 89 (466.23), 90 (466.35), 6 (480.63), 0 (480.75), 63 (480.87), 7 (480.99), 67 (481.23), 8 (481.35), 11 (481.47), 91 (481.47), 10 (481.59), 92 (481.59), 12 (481.71), 93 (481.71), 62 (481.83), 95 (481.83), 13 (481.95), 94 (481.95), 96 (482.07), 14 (482.19), 98 (482.19), 97 (482.31), 17 (482.43), 99 (482.43), 15 (482.55), 101 (482.67), 19 (482.79), 103 (482.91), 156 (483.03), 22 (483.15), 105 (483.15), 23 (483.27), 106 (483.27), 25 (483.39), 107 (483.39), 24 (483.51), 104 (483.51), 26 (483.63), 108 (483.63), 112 (483.75), 29 (483.87), 27 (483.99), 36 (484.11), 30 (484.23), 128 (484.23), 114 (484.35), 115 (484.47), 117 (484.59), 39 (484.71), 116 (484.71), 38 (484.83), 118 (484.83), 119 (484.95), 122 (485.07), 121 (485.19), 43 (485.31), 120 (485.31), 44 (485.43), 46 (485.67), 129 (485.67), 47 (485.79), 123 (485.79), 49 (486.03), 125 (486.03), 52 (486.15), 131 (486.15), 53 (486.27), 132 (486.27), 50 (486.39), 133 (486.39), 51 (486.51), 134 (486.51), 54 (486.63), 137 (486.63), 55 (486.75), 60 (486.87), 140 (486.87), 56 (486.99), 64 (487.11), 142 (487.11), 143 (487.23), 69 (487.35), 141 (487.35), 74 (487.47), 144 (487.47), 73 (487.59), 138 (487.59), 147 (487.71), 78 (487.83), 79 (487.95), 150 (487.95), 72 (488.07), 77 (488.19), 149 (488.19), 151 (488.31), 57 (488.43), 157 (488.43), 33 (488.55), 158 (488.67), 59 (488.79), 130 (488.79), 70 (488.91), 111 (488.91), 58 (489.03), 109 (489.03), 61 (489.15), 34 (489.27), 127 (489.27), 66 (489.39), 65 (489.51), 
Result: TEAM 1 WIN
