Mode: RANDOM
30.24 s > TEAM: 0 	F: 1 	 (254) 	S: 2 	 (252) 	T: 3 	 (250) 	LAP 1
30.24 s > TEAM: 1 	F: 159 	 (252) 	S: 80 	 (251) 	T: 81 	 (250) 	LAP 1
45.24 s > TEAM: 0 	F: 1 	 (504) 	S: 2 	 (501) 	T: 3 	 (500) 	LAP 2
60.24 s > TEAM: 1 	F: 159 	 (502) 	S: 80 	 (501) 	T: 81 	 (500) 	LAP 2
75.24 s > TEAM: 0 	F: 1 	 (877) 	S: 2 	 (751) 	T: 3 	 (750) 	LAP 3
90.24 s > TEAM: 1 	F: 159 	 (752) 	S: 80 	 (751) 	T: 81 	 (750) 	LAP 3
105.36 s > TEAM: 0 	F: 2 	 (1004) 	S: 3 	 (1002) 	T: 4 	 (1000) 	LAP 4
120.24 s > TEAM: 1 	F: 159 	 (1002) 	S: 80 	 (1001) 	T: 81 	 (1000) 	LAP 4
135.36 s > TEAM: 0 	F: 2 	 (1377) 	S: 3 	 (1376) 	T: 4 	 (1250) 	LAP 5
150.24 s > TEAM: 1 	F: 159 	 (1254) 	S: 80 	 (1252) 	T: 81 	 (1250) 	LAP 5
165.36 s > TEAM: 0 	F: 2 	 (1627) 	S: 3 	 (1626) 	T: 4 	 (1500) 	LAP 6
180.36 s > TEAM: 1 	F: 80 	 (1627) 	S: 81 	 (1501) 	T: 82 	 (1500) 	LAP 6
195.36 s > TEAM: 0 	F: 2 	 (1997) 	S: 3 	 (1876) 	T: 4 	 (1750) 	LAP 7
210.36 s > TEAM: 1 	F: 80 	 (1877) 	S: 81 	 (1751) 	T: 82 	 (1750) 	LAP 7
225.36 s > TEAM: 0 	F: 2 	 (2247) 	S: 3 	 (2126) 	T: 4 	 (2000) 	LAP 8
240.36 s > TEAM: 1 	F: 80 	 (2246) 	S: 81 	 (2001) 	T: 82 	 (2000) 	LAP 8
255.36 s > TEAM: 0 	F: 2 	 (2497) 	S: 3 	 (2376) 	T: 4 	 (2250) 	LAP 9
270.36 s > TEAM: 1 	F: 80 	 (2496) 	S: 81 	 (2251) 	T: 82 	 (2250) 	LAP 9
285.36 s > TEAM: 0 	F: 2 	 (2747) 	S: 3 	 (2745) 	T: 4 	 (2500) 	LAP 10
300.36 s > TEAM: 1 	F: 80 	 (2746) 	S: 81 	 (2501) 	T: 82 	 (2500) 	LAP 10
315.36 s > TEAM: 0 	F: 2 	 (2996) 	S: 3 	 (2995) 	T: 4 	 (2750) 	LAP 11
330.36 s > TEAM: 1 	F: 80 	 (2996) 	S: 81 	 (2751) 	T: 82 	 (2750) 	LAP 11
345.36 s > TEAM: 0 	F: 2 	 (3246) 	S: 3 	 (3245) 	T: 4 	 (3000) 	LAP 12
360.36 s > TEAM: 1 	F: 80 	 (3247) 	S: 81 	 (3001) 	T: 82 	 (3000) 	LAP 12
375.36 s > TEAM: 0 	F: 2 	 (3496) 	S: 3 	 (3495) 	T: 4 	 (3250) 	LAP 13
390.36 s > TEAM: 1 	F: 80 	 (3497) 	S: 81 	 (3251) 	T: 82 	 (3250) 	LAP 13
405.36 s > TEAM: 0 	F: 2 	 (3746) 	S: 3 	 (3745) 	T: 4 	 (3500) 	LAP 14
420.36 s > TEAM: 1 	F: 80 	 (3747) 	S: 81 	 (3501) 	T: 82 	 (3500) 	LAP 14
435.36 s > TEAM: 0 	F: 2 	 (3996) 	S: 3 	 (3995) 	T: 4 	 (3750) 	LAP 15
450.36 s > TEAM: 1 	F: 80 	 (3997) 	S: 81 	 (3751) 	T: 82 	 (3750) 	LAP 15
465.36 s > TEAM: 0 	F: 2 	 (4000) 	S: 3 	 (4000) 	T: 4 	 (4000) 	LAP 16
480.48 s > TEAM: 1 	F: 80 	 (4000) 	S: 82 	 (4000) 	T: 83 	 (4000) 	LAP 16
Broken Team 0: 1 (3), 6 (5), 7 (10), 11 (13), 16 (4), 17 (3), 20 (12), 21 (8), 24 (3), 26 (13), 30 (14), 33 (14), 36 (0), 38 (0), 40 (10), 42 (9), 46 (8), 47 (10), 48 (14), 50 (10), 55 (5), 59 (11), 61 (12), 65 (10), 67 (5), 69 (12), 70 (15), 71 (5), 73 (8), 79 (2), 
Broken Team 1: 81 (15), 87 (15), 89 (15), 93 (0), 99 (15), 102 (10), 104 (4), 107 (5), 110 (9), 114 (0), 117 (2), 119 (6), 120 (3), 121 (10), 126 (6), 127 (10), 133 (10), 134 (4), 136 (6), 144 (8), 146 (14), 151 (2), 159 (5), 
Finishing order: 2 (435.87), 3 (435.99), 80 (450.75), 4 (465.39), 5 (465.63), 82 (480.39), 83 (480.51), 84 (480.63), 85 (480.75), 8 (480.87), 86 (480.87), 9 (480.99), 10 (481.11), 88 (481.11), 0 (481.35), 90 (481.35), 12 (481.47), 92 (481.47), 13 (481.59), 91 (481.59), 15 (481.71), 44 (481.83), 94 (481.83), 14 (481.95), 95 (481.95), 96 (482.07), 43 (482.19), 128 (482.31), 18 (482.43), 19 (482.55), 97 (482.55), 22 (482.67), 98 (482.67), 23 (482.91), 100 (482.91), 101 (483.03), 103 (483.15), 25 (483.27), 106 (483.39), 105 (483.51), 32 (483.63), 108 (483.75), 27 (483.87), 109 (483.87), 31 (483.99), 34 (484.11), 111 (484.11), 35 (484.23), 37 (484.35), 113 (484.35), 112 (484.47), 39 (484.71), 149 (484.71), 115 (484.83), 41 (484.95), 143 (485.07), 116 (485.19), 49 (485.31), 118 (485.31), 52 (485.79), 122 (485.79), 51 (485.91), 124 (485.91), 54 (486.03), 123 (486.03), 53 (486.15), 131 (486.15), 125 (486.27), 58 (486.39), 129 (486.39), 57 (486.51), 130 (486.51), 56 (486.63), 137 (486.63), 60 (486.75), 138 (486.75), 74 (486.87), 132 (486.87), 139 (486.99), 141 (487.11), 62 (487.23), 142 (487.35), 64 (487.47), 147 (487.47), 63 (487.59), 150 (487.59), 68 (487.71), 148 (487.71), 66 (487.95), 153 (487.95), 154 (488.07), 155 (488.19), 72 (488.31), 152 (488.31), 156 (488.43), 76 (488.55), 157 (488.55), 158 (488.67), 77 (488.79), 78 (488.91), 135 (489.03), 29 (489.15), 28 (489.27), 45 (489.39), 140 (489.39), 75 (489.51), 145 (489.51), 
Result: TEAM 0 WIN
