Mode: RANDOM
30.24 s > TEAM: 0 	F: 1 	 (252) 	S: 0 	 (251) 	T: 2 	 (250) 	LAP 1
30.24 s > TEAM: 1 	F: 159 	 (252) 	S: 156 	 (251) 	T: 157 	 (250) 	LAP 1
60.24 s > TEAM: 0 	F: 1 	 (502) 	S: 0 	 (501) 	T: 2 	 (500) 	LAP 2
60.24 s > TEAM: 1 	F: 159 	 (504) 	S: 156 	 (502) 	T: 157 	 (500) 	LAP 2
75.24 s > TEAM: 1 	F: 159 	 (752) 	S: 156 	 (751) 	T: 157 	 (750) 	LAP 3
90.24 s > TEAM: 0 	F: 1 	 (752) 	S: 0 	 (751) 	T: 2 	 (750) 	LAP 3
105.24 s > TEAM: 1 	F: 159 	 (1004) 	S: 156 	 (1003) 	T: 157 	 (1000) 	LAP 4
120.24 s > TEAM: 0 	F: 1 	 (1002) 	S: 0 	 (1001) 	T: 2 	 (1000) 	LAP 4
135.24 s > TEAM: 1 	F: 159 	 (1499) 	S: 156 	 (1376) 	T: 157 	 (1250) 	LAP 5
150.24 s > TEAM: 0 	F: 1 	 (1254) 	S: 0 	 (1251) 	T: 2 	 (1250) 	LAP 5
165.24 s > TEAM: 1 	F: 159 	 (1749) 	S: 156 	 (1626) 	T: 157 	 (1500) 	LAP 6
180.24 s > TEAM: 0 	F: 1 	 (1627) 	S: 0 	 (1501) 	T: 2 	 (1500) 	LAP 6
195.24 s > TEAM: 1 	F: 159 	 (1999) 	S: 156 	 (1876) 	T: 157 	 (1750) 	LAP 7
210.24 s > TEAM: 0 	F: 1 	 (1998) 	S: 0 	 (1751) 	T: 2 	 (1750) 	LAP 7
225.24 s > TEAM: 1 	F: 159 	 (2249) 	S: 156 	 (2126) 	T: 157 	 (2000) 	LAP 8
240.24 s > TEAM: 0 	F: 1 	 (2248) 	S: 0 	 (2001) 	T: 2 	 (2000) 	LAP 8
255.24 s > TEAM: 1 	F: 156 	 (2499) 	S: 159 	 (2498) 	T: 157 	 (2250) 	LAP 9
270.24 s > TEAM: 0 	F: 1 	 (2622) 	S: 0 	 (2251) 	T: 2 	 (2250) 	LAP 9
270.24 s > TEAM: 1 	F: 156 	 (2749) 	S: 159 	 (2748) 	T: 157 	 (2500) 	LAP 10
285.24 s > TEAM: 1 	F: 156 	 (2999) 	S: 159 	 (2874) 	T: 157 	 (2750) 	LAP 11
300.24 s > TEAM: 0 	F: 1 	 (2873) 	S: 0 	 (2501) 	T: 2 	 (2500) 	LAP 10
300.60 s > TEAM: 1 	F: 156 	 (3249) 	S: 159 	 (3002) 	T: 157 	 (3000) 	LAP 12
330.24 s > TEAM: 0 	F: 1 	 (3123) 	S: 0 	 (2751) 	T: 2 	 (2750) 	LAP 11
330.60 s > TEAM: 1 	F: 156 	 (3499) 	S: 159 	 (3252) 	T: 157 	 (3250) 	LAP 13
360.24 s > TEAM: 0 	F: 1 	 (3373) 	S: 0 	 (3001) 	T: 2 	 (3000) 	LAP 12
360.60 s > TEAM: 1 	F: 156 	 (3749) 	S: 159 	 (3502) 	T: 157 	 (3500) 	LAP 14
390.48 s > TEAM: 0 	F: 1 	 (3626) 	S: 2 	 (3254) 	T: 4 	 (3250) 	LAP 13
390.60 s > TEAM: 1 	F: 156 	 (3999) 	S: 159 	 (3754) 	T: 157 	 (3750) 	LAP 15
405.60 s > TEAM: 1 	F: 156 	 (4000) 	S: 157 	 (4000) 	T: 159 	 (4000) 	LAP 16
420.48 s > TEAM: 0 	F: 1 	 (3938) 	S: 2 	 (3627) 	T: 4 	 (3500) 	LAP 14
450.48 s > TEAM: 0 	F: 1 	 (4000) 	S: 2 	 (4000) 	T: 4 	 (3750) 	LAP 15
480.48 s > TEAM: 0 	F: 1 	 (4000) 	S: 2 	 (4000) 	T: 4 	 (4000) 	LAP 16
Broken Team 0: 0 (12), 3 (11), 6 (11), 10 (13), 13 (15), 14 (10), 17 (3), 21 (6), 23 (11), 25 (3), 29 (4), 32 (12), 33 (2), 34 (8), 41 (2), 45 (13), 48 (11), 50 (13), 54 (7), 57 (0), 60 (0), 62 (6), 63 (15), 64 (14), 65 (15), 67 (4), 69 (12), 70 (4), 71 (2), 77 (14), 
Broken Team 1: 81 (7), 82 (15), 86 (4), 87 (6), 91 (3), 94 (5), 96 (5), 100 (2), 103 (1), 104 (2), 105 (5), 114 (10), 115 (6), 122 (12), 123 (1), 125 (8), 127 (9), 130 (5), 131 (12), 137 (3), 139 (3), 142 (4), 143 (12), 154 (14), 
Finishing order: 156 (390.69), 159 (405.39), 157 (405.63), 1 (427.95), 2 (450.27), 158 (480.39), 4 (480.51), 80 (480.51), 5 (480.63), 155 (480.63), 153 (480.75), 7 (480.87), 8 (480.99), 151 (480.99), 9 (481.23), 150 (481.23), 11 (481.35), 152 (481.35), 12 (481.47), 83 (481.59), 15 (481.83), 129 (481.83), 16 (481.95), 149 (482.07), 18 (482.19), 147 (482.19), 20 (482.31), 146 (482.31), 148 (482.43), 22 (482.55), 141 (482.55), 19 (482.67), 145 (482.67), 36 (482.79), 144 (482.79), 24 (482.91), 26 (483.03), 84 (483.03), 27 (483.27), 85 (483.27), 28 (483.39), 88 (483.39), 101 (483.75), 31 (483.87), 93 (483.87), 30 (483.99), 92 (484.11), 97 (484.35), 95 (484.47), 35 (484.59), 89 (484.59), 102 (484.71), 37 (484.83), 38 (484.95), 108 (484.95), 40 (485.07), 42 (485.19), 39 (485.31), 107 (485.31), 109 (485.43), 106 (485.55), 46 (485.67), 112 (485.67), 43 (485.79), 111 (485.79), 49 (485.91), 98 (485.91), 44 (486.03), 47 (486.15), 110 (486.27), 120 (486.39), 116 (486.51), 51 (486.63), 113 (486.63), 53 (486.75), 124 (486.75), 52 (486.87), 55 (486.99), 119 (486.99), 58 (487.11), 118 (487.11), 61 (487.23), 56 (487.35), 132 (487.47), 121 (487.59), 59 (487.71), 126 (487.71), 134 (487.83), 66 (488.07), 133 (488.07), 138 (488.19), 128 (488.31), 72 (488.43), 75 (488.67), 68 (488.79), 76 (488.91), 135 (488.91), 74 (489.03), 140 (489.03), 79 (489.15), 136 (489.15), 99 (489.27), 78 (489.39), 90 (489.39), 73 (489.51), 117 (489.51), 
Result: TEAM 1 WIN*
