Mode: RANDOM
30.24 s > TEAM: 0 	F: 1 	 (252) 	S: 2 	 (251) 	T: 3 	 (250) 	LAP 1
30.24 s > TEAM: 1 	F: 159 	 (252) 	S: 80 	 (251) 	T: 81 	 (250) 	LAP 1
60.24 s > TEAM: 0 	F: 1 	 (502) 	S: 2 	 (501) 	T: 3 	 (500) 	LAP 2
60.24 s > TEAM: 1 	F: 159 	 (502) 	S: 80 	 (501) 	T: 81 	 (500) 	LAP 2
90.24 s > TEAM: 1 	F: 159 	 (752) 	S: 80 	 (751) 	T: 81 	 (750) 	LAP 3
90.36 s > TEAM: 0 	F: 1 	 (756) 	S: 3 	 (751) 	T: 4 	 (750) 	LAP 3
120.24 s > TEAM: 1 	F: 159 	 (1002) 	S: 80 	 (1001) 	T: 81 	 (1000) 	LAP 4
120.36 s > TEAM: 0 	F: 1 	 (1128) 	S: 3 	 (1001) 	T: 4 	 (1000) 	LAP 4
150.24 s > TEAM: 1 	F: 159 	 (1254) 	S: 80 	 (1251) 	T: 81 	 (1250) 	LAP 5
150.36 s > TEAM: 0 	F: 1 	 (1378) 	S: 3 	 (1251) 	T: 4 	 (1250) 	LAP 5
180.24 s > TEAM: 1 	F: 159 	 (1754) 	S: 80 	 (1502) 	T: 81 	 (1500) 	LAP 6
180.36 s > TEAM: 0 	F: 1 	 (1753) 	S: 3 	 (1501) 	T: 4 	 (1500) 	LAP 6
195.24 s > TEAM: 1 	F: 159 	 (2002) 	S: 80 	 (1751) 	T: 81 	 (1750) 	LAP 7
210.36 s > TEAM: 0 	F: 1 	 (2003) 	S: 3 	 (1751) 	T: 4 	 (1750) 	LAP 7
225.12 s > TEAM: 1 	F: 159 	 (2252) 	S: 81 	 (2000) 	T: 80 	 (2000) 	LAP 8
240.36 s > TEAM: 0 	F: 1 	 (2253) 	S: 3 	 (2001) 	T: 4 	 (2000) 	LAP 8
255.12 s > TEAM: 1 	F: 159 	 (2626) 	S: 81 	 (2250) 	T: 80 	 (2250) 	LAP 9
270.36 s > TEAM: 0 	F: 1 	 (2506) 	S: 3 	 (2251) 	T: 4 	 (2250) 	LAP 9
285.12 s > TEAM: 1 	F: 159 	 (2999) 	S: 81 	 (2500) 	T: 80 	 (2500) 	LAP 10
300.36 s > TEAM: 0 	F: 1 	 (3001) 	S: 3 	 (2501) 	T: 4 	 (2500) 	LAP 10
315.12 s > TEAM: 1 	F: 159 	 (3248) 	S: 81 	 (2751) 	T: 80 	 (2750) 	LAP 11
330.36 s > TEAM: 0 	F: 1 	 (3253) 	S: 3 	 (2752) 	T: 4 	 (2750) 	LAP 11
345.12 s > TEAM: 1 	F: 159 	 (3498) 	S: 81 	 (3125) 	T: 80 	 (3000) 	LAP 12
345.36 s > TEAM: 0 	F: 1 	 (3501) 	S: 3 	 (3002) 	T: 4 	 (3000) 	LAP 12
360.36 s > TEAM: 0 	F: 1 	 (3626) 	S: 3 	 (3252) 	T: 4 	 (3250) 	LAP 13
375.12 s > TEAM: 1 	F: 159 	 (3748) 	S: 81 	 (3375) 	T: 80 	 (3250) 	LAP 13
390.36 s > TEAM: 0 	F: 1 	 (3876) 	S: 3 	 (3749) 	T: 4 	 (3500) 	LAP 14
405.12 s > TEAM: 1 	F: 159 	 (3998) 	S: 81 	 (3625) 	T: 80 	 (3500) 	LAP 14
420.36 s > TEAM: 0 	F: 1 	 (4000) 	S: 3 	 (3999) 	T: 4 	 (3750) 	LAP 15
435.12 s > TEAM: 1 	F: 159 	 (4000) 	S: 81 	 (3875) 	T: 80 	 (3750) 	LAP 15
450.36 s > TEAM: 0 	F: 1 	 (4000) 	S: 3 	 (4000) 	T: 4 	 (4000) 	LAP 16
465.12 s > TEAM: 1 	F: 80 	 (4000) 	S: 81 	 (4000) 	T: 159 	 (4000) 	LAP 16
Broken Team 0: 0 (2), 2 (2), 5 (4), 6 (13), 8 (1), 11 (5), 14 (8), 17 (0), 19 (0), 23 (2), 26 (2), 27 (13), 32 (9), 36 (10), 41 (11), 43 (15), 63 (8), 65 (6), 73 (1), 75 (14), 77 (15), 
Broken Team 1: 83 (10), 84 (10), 89 (5), 91 (11), 98 (11), 103 (8), 104 (10), 106 (15), 107 (9), 109 (15), 110 (6), 112 (14), 116 (14), 119 (2), 120 (11), 121 (14), 126 (0), 130 (0), 133 (10), 134 (1), 138 (15), 148 (9), 151 (14), 152 (9), 157 (13), 158 (15), 
Finishing order: 1 (405.21), 159 (405.39), 3 (420.51), 81 (450.09), 4 (450.39), 80 (465.15), 82 (480.39), 7 (480.75), 85 (480.75), 86 (480.87), 9 (480.99), 87 (480.99), 10 (481.11), 88 (481.11), 12 (481.35), 90 (481.35), 13 (481.47), 92 (481.59), 15 (481.71), 93 (481.71), 16 (481.83), 94 (481.83), 18 (481.95), 95 (482.07), 96 (482.19), 20 (482.31), 97 (482.31), 40 (482.43), 21 (482.55), 99 (482.55), 100 (482.67), 22 (482.79), 101 (482.79), 24 (482.91), 102 (482.91), 25 (483.15), 105 (483.27), 28 (483.51), 29 (483.63), 108 (483.63), 30 (483.75), 31 (483.87), 111 (483.99), 33 (484.11), 34 (484.23), 113 (484.23), 35 (484.35), 114 (484.35), 37 (484.47), 115 (484.47), 38 (484.71), 117 (484.71), 39 (484.83), 118 (484.83), 42 (484.95), 44 (485.19), 45 (485.31), 122 (485.31), 46 (485.43), 124 (485.43), 47 (485.55), 123 (485.55), 48 (485.67), 125 (485.67), 49 (485.79), 50 (485.91), 51 (486.03), 131 (486.03), 53 (486.15), 132 (486.15), 52 (486.27), 54 (486.39), 55 (486.51), 135 (486.51), 56 (486.63), 136 (486.63), 57 (486.75), 137 (486.75), 58 (486.87), 139 (486.87), 59 (486.99), 60 (487.11), 140 (487.11), 61 (487.23), 141 (487.23), 142 (487.35), 62 (487.47), 143 (487.47), 64 (487.59), 144 (487.59), 145 (487.71), 66 (487.83), 146 (487.83), 67 (487.95), 147 (487.95), 68 (488.07), 69 (488.19), 149 (488.19), 70 (488.31), 150 (488.31), 71 (488.43), 72 (488.55), 153 (488.55), 74 (488.79), 129 (488.79), 154 (488.91), 76 (489.03), 156 (489.03), 155 (489.15), 78 (489.27), 79 (489.39), 127 (489.39), 128 (489.51), 
Result: TEAM 1 WIN*
