Mode: RANDOM
480.24 s > TEAM: 0 	F: 0 	 (4002) 	S: 1 	 (4001) 	T: 2 	 (4000) 	LAP 1
480.24 s > TEAM: 1 	F: 159 	 (4004) 	S: 157 	 (4001) 	T: 154 	 (4000) 	LAP 1
960.24 s > TEAM: 0 	F: 0 	 (8002) 	S: 1 	 (8001) 	T: 2 	 (8000) 	LAP 2
960.24 s > TEAM: 1 	F: 159 	 (10002) 	S: 157 	 (8001) 	T: 154 	 (8000) 	LAP 2
1440.24 s > TEAM: 0 	F: 0 	 (12004) 	S: 1 	 (12002) 	T: 2 	 (12000) 	LAP 3
1440.24 s > TEAM: 1 	F: 159 	 (16002) 	S: 157 	 (12001) 	T: 154 	 (12000) 	LAP 3
1680.24 s > TEAM: 0 	F: 0 	 (16002) 	S: 1 	 (16001) 	T: 2 	 (16000) 	LAP 4
1920.24 s > TEAM: 1 	F: 159 	 (20004) 	S: 157 	 (16001) 	T: 154 	 (16000) 	LAP 4
2160.24 s > TEAM: 0 	F: 0 	 (20002) 	S: 1 	 (20001) 	T: 2 	 (20000) 	LAP 5
2400.24 s > TEAM: 1 	F: 159 	 (27998) 	S: 157 	 (20002) 	T: 154 	 (20000) 	LAP 5
2640.12 s > TEAM: 0 	F: 2 	 (24999) 	S: 0 	 (24001) 	T: 1 	 (24000) 	LAP 6
2880.24 s > TEAM: 1 	F: 159 	 (32928) 	S: 157 	 (28001) 	T: 154 	 (24000) 	LAP 6
3120.12 s > TEAM: 0 	F: 2 	 (28999) 	S: 0 	 (28001) 	T: 1 	 (28000) 	LAP 7
3360.24 s > TEAM: 1 	F: 159 	 (37857) 	S: 157 	 (32002) 	T: 154 	 (28000) 	LAP 7
3600.12 s > TEAM: 0 	F: 2 	 (33999) 	S: 0 	 (32002) 	T: 1 	 (32000) 	LAP 8
3840.24 s > TEAM: 1 	F: 159 	 (42928) 	S: 157 	 (40001) 	T: 154 	 (32000) 	LAP 8
4080.12 s > TEAM: 0 	F: 0 	 (39999) 	S: 2 	 (38999) 	T: 1 	 (36000) 	LAP 9
4320.24 s > TEAM: 1 	F: 159 	 (46928) 	S: 157 	 (44001) 	T: 154 	 (36000) 	LAP 9
4560.12 s > TEAM: 0 	F: 0 	 (43073) 	S: 2 	 (42999) 	T: 1 	 (40000) 	LAP 10
4800.24 s > TEAM: 1 	F: 159 	 (50928) 	S: 157 	 (48001) 	T: 154 	 (40000) 	LAP 10
5280.24 s > TEAM: 1 	F: 159 	 (54928) 	S: 157 	 (52001) 	T: 154 	 (44000) 	LAP 11
5280.48 s > TEAM: 0 	F: 2 	 (52002) 	S: 1 	 (48003) 	T: 4 	 (44000) 	LAP 11
5760.24 s > TEAM: 1 	F: 159 	 (58928) 	S: 157 	 (56001) 	T: 154 	 (48000) 	LAP 12
5760.48 s > TEAM: 0 	F: 2 	 (56005) 	S: 1 	 (52003) 	T: 4 	 (48000) 	LAP 12
6240.48 s > TEAM: 0 	F: 2 	 (62002) 	S: 1 	 (56003) 	T: 4 	 (52000) 	LAP 13
6240.48 s > TEAM: 1 	F: 159 	 (62930) 	S: 157 	 (60003) 	T: 122 	 (52000) 	LAP 13
6720.48 s > TEAM: 0 	F: 2 	 (64000) 	S: 1 	 (60003) 	T: 4 	 (56000) 	LAP 14
6720.48 s > TEAM: 1 	F: 157 	 (64000) 	S: 159 	 (64000) 	T: 122 	 (56000) 	LAP 14
7200.48 s > TEAM: 0 	F: 1 	 (64000) 	S: 2 	 (64000) 	T: 4 	 (60000) 	LAP 15
7200.48 s > TEAM: 1 	F: 157 	 (64000) 	S: 159 	 (64000) 	T: 122 	 (60000) 	LAP 15
7440.48 s > TEAM: 0 	F: 1 	 (64000) 	S: 2 	 (64000) 	T: 4 	 (64000) 	LAP 16
7440.48 s > TEAM: 1 	F: 122 	 (64000) 	S: 157 	 (64000) 	T: 159 	 (64000) 	LAP 16
Broken Team 0: 0 (10), 3 (6), 11 (4), 12 (2), 13 (8), 16 (5), 19 (2), 22 (2), 23 (6), 25 (7), 27 (5), 28 (10), 32 (8), 33 (5), 39 (8), 40 (0), 41 (12), 42 (11), 43 (1), 46 (6), 47 (8), 48 (14), 49 (6), 51 (6), 52 (2), 55 (0), 67 (3), 68 (0), 70 (2), 72 (0), 74 (14), 75 (10), 77 (1), 78 (8), 
Broken Team 1: 82 (4), 84 (1), 85 (13), 86 (10), 88 (7), 92 (4), 93 (9), 94 (8), 95 (12), 97 (8), 99 (12), 107 (11), 109 (2), 111 (10), 113 (3), 114 (2), 115 (1), 117 (1), 119 (0), 126 (10), 127 (0), 130 (10), 137 (9), 149 (5), 152 (5), 154 (12), 156 (13), 
Finishing order: 159 (6368.85), 2 (6480.21), 157 (6720.15), 1 (7200.15), 4 (7440.51), 122 (7440.51), 7 (7680.63), 29 (7680.75), 153 (7680.75), 63 (7680.87), 151 (7680.87), 24 (7680.99), 148 (7680.99), 31 (7681.11), 6 (7681.23), 150 (7681.23), 5 (7681.35), 10 (7681.47), 146 (7681.47), 144 (7681.59), 26 (7681.71), 155 (7681.83), 8 (7681.95), 138 (7681.95), 140 (7682.07), 9 (7682.19), 142 (7682.19), 143 (7682.31), 15 (7682.43), 147 (7682.43), 145 (7682.55), 158 (7682.67), 18 (7682.79), 81 (7682.79), 17 (7682.91), 80 (7682.91), 53 (7683.03), 83 (7683.15), 14 (7683.27), 91 (7683.51), 20 (7683.63), 90 (7683.63), 89 (7683.75), 21 (7683.87), 30 (7683.99), 96 (7684.11), 87 (7684.23), 34 (7684.59), 98 (7684.59), 37 (7684.71), 45 (7684.83), 103 (7684.83), 38 (7684.95), 105 (7684.95), 36 (7685.07), 100 (7685.07), 106 (7685.19), 44 (7685.31), 110 (7685.31), 101 (7685.43), 108 (7685.67), 35 (7685.79), 102 (7685.79), 104 (7686.03), 54 (7686.15), 112 (7686.15), 62 (7686.39), 58 (7686.51), 121 (7686.63), 59 (7686.75), 60 (7686.87), 118 (7686.87), 65 (7687.23), 123 (7687.59), 61 (7687.71), 124 (7687.71), 71 (7687.83), 116 (7687.83), 64 (7687.95), 132 (7687.95), 73 (7688.07), 129 (7688.07), 50 (7688.19), 131 (7688.19), 128 (7688.31), 56 (7688.43), 133 (7688.43), 79 (7688.55), 120 (7688.67), 136 (7688.79), 134 (7688.91), 69 (7689.03), 135 (7689.03), 76 (7689.27), 141 (7689.27), 57 (7689.39), 125 (7689.39), 66 (7689.51), 139 (7689.51), 
Result: TEAM 0 WIN*
