Mode: RANDOM
480.24 s > TEAM: 0 	F: 0 	 (4004) 	S: 2 	 (4002) 	T: 3 	 (4000) 	LAP 1
480.36 s > TEAM: 1 	F: 159 	 (4006) 	S: 80 	 (4002) 	T: 82 	 (4000) 	LAP 1
960.24 s > TEAM: 0 	F: 0 	 (12004) 	S: 2 	 (12001) 	T: 3 	 (8000) 	LAP 2
960.36 s > TEAM: 1 	F: 159 	 (12003) 	S: 80 	 (8002) 	T: 82 	 (8000) 	LAP 2
1440.24 s > TEAM: 0 	F: 0 	 (18002) 	S: 2 	 (16001) 	T: 3 	 (12000) 	LAP 3
1440.36 s > TEAM: 1 	F: 159 	 (16003) 	S: 80 	 (12002) 	T: 82 	 (12000) 	LAP 3
1920.24 s > TEAM: 0 	F: 0 	 (24002) 	S: 2 	 (20001) 	T: 3 	 (16000) 	LAP 4
1920.48 s > TEAM: 1 	F: 159 	 (20004) 	S: 82 	 (16001) 	T: 83 	 (16000) 	LAP 4
2400.24 s > TEAM: 0 	F: 0 	 (28002) 	S: 2 	 (24001) 	T: 3 	 (20000) 	LAP 5
2400.60 s > TEAM: 1 	F: 159 	 (24010) 	S: 83 	 (20001) 	T: 84 	 (20000) 	LAP 5
2880.24 s > TEAM: 0 	F: 0 	 (32004) 	S: 2 	 (28001) 	T: 3 	 (24000) 	LAP 6
2880.60 s > TEAM: 1 	F: 159 	 (30005) 	S: 83 	 (24001) 	T: 84 	 (24000) 	LAP 6
3360.24 s > TEAM: 0 	F: 0 	 (38002) 	S: 2 	 (32001) 	T: 3 	 (28000) 	LAP 7
3360.72 s > TEAM: 1 	F: 159 	 (36012) 	S: 83 	 (28004) 	T: 85 	 (28000) 	LAP 7
3600.72 s > TEAM: 1 	F: 159 	 (40006) 	S: 83 	 (32004) 	T: 85 	 (32000) 	LAP 8
3840.24 s > TEAM: 0 	F: 0 	 (42002) 	S: 2 	 (36001) 	T: 3 	 (32000) 	LAP 8
4080.72 s > TEAM: 1 	F: 159 	 (44012) 	S: 83 	 (38002) 	T: 85 	 (36000) 	LAP 9
4320.24 s > TEAM: 0 	F: 0 	 (46002) 	S: 2 	 (40001) 	T: 3 	 (36000) 	LAP 9
4560.72 s > TEAM: 1 	F: 159 	 (52006) 	S: 83 	 (44002) 	T: 85 	 (40000) 	LAP 10
4800.24 s > TEAM: 0 	F: 0 	 (52004) 	S: 2 	 (44002) 	T: 3 	 (40000) 	LAP 10
5040.24 s > TEAM: 0 	F: 0 	 (56002) 	S: 2 	 (48002) 	T: 3 	 (44000) 	LAP 11
5040.72 s > TEAM: 1 	F: 159 	 (56012) 	S: 83 	 (48002) 	T: 85 	 (44000) 	LAP 11
5280.36 s > TEAM: 0 	F: 0 	 (58003) 	S: 2 	 (52002) 	T: 4 	 (48000) 	LAP 12
5520.72 s > TEAM: 1 	F: 159 	 (61998) 	S: 83 	 (52002) 	T: 85 	 (48000) 	LAP 12
5760.36 s > TEAM: 0 	F: 0 	 (62003) 	S: 2 	 (56002) 	T: 4 	 (52000) 	LAP 13
6000.72 s > TEAM: 1 	F: 159 	 (64000) 	S: 83 	 (56002) 	T: 85 	 (52000) 	LAP 13
6240.36 s > TEAM: 0 	F: 0 	 (64000) 	S: 2 	 (57154) 	T: 4 	 (56000) 	LAP 14
6480.72 s > TEAM: 1 	F: 159 	 (64000) 	S: 83 	 (60004) 	T: 85 	 (56000) 	LAP 14
6721.38 s > TEAM: 1 	F: 83 	 (64000) 	S: 159 	 (64000) 	T: 85 	 (60000) 	LAP 15
6960.24 s > TEAM: 0 	F: 0 	 (64000) 	S: 4 	 (63991) 	T: 3 	 (60000) 	LAP 15
7201.38 s > TEAM: 1 	F: 83 	 (64000) 	S: 85 	 (64000) 	T: 159 	 (64000) 	LAP 16
7440.24 s > TEAM: 0 	F: 0 	 (64000) 	S: 3 	 (64000) 	T: 4 	 (64000) 	LAP 16
Broken Team 0: 2 (14), 5 (1), 6 (14), 7 (4), 9 (4), 11 (2), 13 (0), 14 (11), 15 (2), 18 (15), 25 (10), 29 (9), 33 (7), 36 (6), 37 (2), 38 (5), 41 (11), 42 (6), 43 (6), 47 (13), 48 (11), 49 (4), 55 (4), 57 (10), 63 (12), 66 (15), 67 (10), 68 (10), 72 (2), 75 (9), 76 (8), 
Broken Team 1: 80 (3), 81 (0), 82 (4), 84 (6), 89 (3), 90 (6), 99 (15), 101 (3), 105 (12), 106 (11), 109 (0), 110 (1), 111 (3), 112 (0), 113 (6), 119 (8), 121 (12), 128 (15), 129 (1), 130 (2), 131 (9), 134 (10), 135 (4), 138 (11), 140 (4), 143 (15), 147 (0), 150 (13), 151 (4), 152 (8), 156 (14), 158 (11), 
Finishing order: 159 (5760.99), 0 (6000.03), 83 (6721.35), 4 (6961.35), 85 (7201.41), 3 (7440.27), 8 (7440.87), 10 (7441.11), 12 (7441.23), 86 (7680.87), 153 (7680.99), 87 (7681.11), 88 (7681.23), 154 (7681.59), 91 (7681.71), 16 (7681.83), 92 (7681.83), 17 (7681.95), 93 (7681.95), 94 (7682.07), 19 (7682.19), 95 (7682.19), 20 (7682.31), 96 (7682.31), 21 (7682.43), 97 (7682.43), 22 (7682.55), 98 (7682.55), 23 (7682.79), 26 (7682.91), 100 (7682.91), 27 (7683.03), 24 (7683.15), 142 (7683.15), 28 (7683.27), 102 (7683.27), 103 (7683.39), 104 (7683.51), 32 (7683.63), 30 (7683.75), 107 (7683.87), 108 (7683.99), 39 (7684.23), 56 (7684.35), 40 (7684.59), 116 (7684.59), 114 (7684.95), 44 (7685.07), 117 (7685.07), 45 (7685.19), 115 (7685.19), 126 (7685.31), 46 (7685.43), 120 (7685.55), 50 (7685.79), 118 (7685.79), 51 (7685.91), 122 (7685.91), 53 (7686.03), 141 (7686.03), 52 (7686.15), 127 (7686.15), 54 (7686.27), 124 (7686.27), 125 (7686.39), 61 (7686.63), 132 (7686.63), 133 (7686.87), 139 (7686.99), 69 (7687.11), 70 (7687.23), 136 (7687.35), 73 (7687.47), 144 (7687.47), 71 (7687.59), 145 (7687.59), 146 (7687.71), 77 (7687.83), 149 (7687.83), 78 (7687.95), 79 (7688.07), 148 (7688.07), 1 (7688.19), 31 (7688.31), 64 (7688.43), 155 (7688.43), 65 (7688.55), 62 (7688.67), 157 (7688.67), 35 (7688.79), 34 (7688.91), 59 (7689.03), 123 (7689.03), 58 (7689.15), 60 (7689.39), 74 (7689.51), 137 (7689.51), 
Result: TEAM 0 WIN*
), 140 (7689.15), 69 (7689.27), 111 (7689.27), 77 (7689.39), 126 (7689.51), 
Result: TEAM 0 WIN*
