Mode: RANDOM
480.24 s > TEAM: 0 	F: 2 	 (4004) 	S: 1 	 (4002) 	T: 3 	 (4000) 	LAP 1
480.24 s > TEAM: 1 	F: 159 	 (4004) 	S: 80 	 (4002) 	T: 81 	 (4000) 	LAP 1
720.24 s > TEAM: 0 	F: 1 	 (8002) 	S: 2 	 (8002) 	T: 3 	 (8000) 	LAP 2
720.24 s > TEAM: 1 	F: 80 	 (8002) 	S: 159 	 (8002) 	T: 81 	 (8000) 	LAP 2
1200.00 s > TEAM: 0 	F: 1 	 (13995) 	S: 3 	 (13995) 	T: 2 	 (12000) 	LAP 3
1200.24 s > TEAM: 1 	F: 80 	 (15996) 	S: 159 	 (12002) 	T: 81 	 (12000) 	LAP 3
1680.00 s > TEAM: 0 	F: 3 	 (17996) 	S: 1 	 (17995) 	T: 2 	 (16000) 	LAP 4
1680.24 s > TEAM: 1 	F: 80 	 (19996) 	S: 159 	 (16002) 	T: 81 	 (16000) 	LAP 4
2160.00 s > TEAM: 0 	F: 3 	 (23992) 	S: 1 	 (23990) 	T: 2 	 (20000) 	LAP 5
2160.24 s > TEAM: 1 	F: 80 	 (23996) 	S: 159 	 (20002) 	T: 81 	 (20000) 	LAP 5
2640.00 s > TEAM: 0 	F: 1 	 (29995) 	S: 3 	 (27996) 	T: 2 	 (24000) 	LAP 6
2640.24 s > TEAM: 1 	F: 80 	 (29996) 	S: 159 	 (24002) 	T: 81 	 (24000) 	LAP 6
3120.00 s > TEAM: 0 	F: 1 	 (33995) 	S: 3 	 (31996) 	T: 2 	 (28000) 	LAP 7
3120.24 s > TEAM: 1 	F: 80 	 (35992) 	S: 159 	 (28002) 	T: 81 	 (28000) 	LAP 7
3600.00 s > TEAM: 0 	F: 1 	 (39990) 	S: 3 	 (35996) 	T: 2 	 (32000) 	LAP 8
3600.24 s > TEAM: 1 	F: 80 	 (41996) 	S: 159 	 (32002) 	T: 81 	 (32000) 	LAP 8
4080.00 s > TEAM: 0 	F: 1 	 (43993) 	S: 3 	 (43992) 	T: 2 	 (36000) 	LAP 9
4080.24 s > TEAM: 1 	F: 80 	 (47992) 	S: 159 	 (36002) 	T: 81 	 (36000) 	LAP 9
4560.00 s > TEAM: 0 	F: 1 	 (47993) 	S: 3 	 (47992) 	T: 2 	 (40000) 	LAP 10
4560.24 s > TEAM: 1 	F: 80 	 (51996) 	S: 159 	 (40002) 	T: 81 	 (40000) 	LAP 10
5040.00 s > TEAM: 0 	F: 1 	 (53993) 	S: 3 	 (51992) 	T: 2 	 (44000) 	LAP 11
5040.24 s > TEAM: 1 	F: 80 	 (57993) 	S: 159 	 (44002) 	T: 81 	 (44000) 	LAP 11
5520.00 s > TEAM: 0 	F: 1 	 (59986) 	S: 3 	 (55992) 	T: 2 	 (48000) 	LAP 12
5520.24 s > TEAM: 1 	F: 80 	 (61993) 	S: 159 	 (48004) 	T: 81 	 (48000) 	LAP 12
6000.00 s > TEAM: 0 	F: 1 	 (63992) 	S: 3 	 (63985) 	T: 2 	 (52000) 	LAP 13
6000.24 s > TEAM: 1 	F: 80 	 (64000) 	S: 159 	 (53993) 	T: 81 	 (52000) 	LAP 13
6240.24 s > TEAM: 1 	F: 80 	 (64000) 	S: 159 	 (57987) 	T: 81 	 (56000) 	LAP 14
6480.00 s > TEAM: 0 	F: 1 	 (64000) 	S: 3 	 (64000) 	T: 2 	 (56000) 	LAP 14
6720.24 s > TEAM: 1 	F: 80 	 (64000) 	S: 159 	 (62993) 	T: 81 	 (60000) 	LAP 15
6960.00 s > TEAM: 0 	F: 1 	 (64000) 	S: 3 	 (64000) 	T: 2 	 (60000) 	LAP 15
7200.24 s > TEAM: 1 	F: 80 	 (64000) 	S: 81 	 (64000) 	T: 159 	 (64000) 	LAP 16
7440.00 s > TEAM: 0 	F: 1 	 (64000) 	S: 2 	 (64000) 	T: 3 	 (64000) 	LAP 16
Broken Team 0: 4 (3), 6 (2), 7 (9), 8 (6), 9 (3), 10 (8), 14 (7), 15 (13), 16 (14), 18 (5), 19 (0), 22 (15), 25 (5), 27 (12), 30 (4), 36 (2), 40 (11), 41 (3), 44 (13), 47 (7), 49 (5), 50 (10), 51 (8), 62 (3), 63 (7), 65 (3), 68 (3), 70 (13), 74 (5), 75 (7), 
Broken Team 1: 83 (3), 84 (8), 87 (11), 91 (9), 94 (15), 96 (5), 99 (7), 101 (5), 106 (3), 108 (5), 110 (1), 112 (15), 117 (13), 123 (2), 125 (2), 128 (4), 131 (13), 132 (1), 136 (4), 138 (1), 142 (3), 143 (2), 147 (1), 150 (1), 153 (5), 155 (14), 158 (9), 
Finishing order: 80 (5761.11), 1 (6000.99), 3 (6001.11), 159 (6841.05), 81 (7200.27), 82 (7200.39), 2 (7440.03), 85 (7440.87), 5 (7680.51), 46 (7680.87), 86 (7680.99), 88 (7681.23), 89 (7681.35), 12 (7681.47), 90 (7681.47), 11 (7681.59), 92 (7681.71), 0 (7681.83), 157 (7681.83), 13 (7681.95), 93 (7681.95), 42 (7682.19), 95 (7682.19), 45 (7682.31), 156 (7682.43), 97 (7682.55), 17 (7682.67), 98 (7682.67), 37 (7682.91), 100 (7682.91), 20 (7683.15), 102 (7683.15), 21 (7683.27), 103 (7683.27), 104 (7683.39), 24 (7683.51), 105 (7683.51), 72 (7683.63), 23 (7683.75), 107 (7683.87), 26 (7683.99), 109 (7683.99), 29 (7684.23), 111 (7684.23), 32 (7684.35), 28 (7684.47), 113 (7684.47), 114 (7684.59), 34 (7684.71), 115 (7684.71), 39 (7684.83), 116 (7684.95), 35 (7685.07), 119 (7685.07), 43 (7685.19), 118 (7685.19), 120 (7685.31), 121 (7685.43), 31 (7685.55), 122 (7685.55), 48 (7685.67), 54 (7685.79), 124 (7685.79), 55 (7686.03), 126 (7686.03), 53 (7686.15), 127 (7686.15), 56 (7686.27), 57 (7686.39), 129 (7686.39), 58 (7686.51), 130 (7686.51), 59 (7686.63), 60 (7686.75), 133 (7686.75), 33 (7686.87), 135 (7686.99), 134 (7687.11), 137 (7687.23), 64 (7687.35), 67 (7687.47), 66 (7687.59), 141 (7687.59), 61 (7687.71), 139 (7687.71), 140 (7687.83), 69 (7687.95), 38 (7688.07), 146 (7688.19), 73 (7688.31), 144 (7688.31), 77 (7688.43), 148 (7688.43), 76 (7688.55), 78 (7688.79), 152 (7688.79), 79 (7688.91), 151 (7688.91), 154 (7689.15), 71 (7689.27), 52 (7689.39), 145 (7689.39), 149 (7689.51), 
Result: TEAM 1 WIN
