Mode: RANDOM
480.24 s > TEAM: 0 	F: 2 	 (4002) 	S: 0 	 (4001) 	T: 1 	 (4000) 	LAP 1
480.24 s > TEAM: 1 	F: 159 	 (4004) 	S: 80 	 (4002) 	T: 158 	 (4000) 	LAP 1
720.24 s > TEAM: 1 	F: 159 	 (8004) 	S: 80 	 (8001) 	T: 158 	 (8000) 	LAP 2
960.24 s > TEAM: 0 	F: 2 	 (8004) 	S: 0 	 (8001) 	T: 1 	 (8000) 	LAP 2
1200.24 s > TEAM: 1 	F: 159 	 (15997) 	S: 80 	 (12002) 	T: 158 	 (12000) 	LAP 3
1440.24 s > TEAM: 0 	F: 2 	 (15996) 	S: 0 	 (12002) 	T: 1 	 (12000) 	LAP 3
1680.24 s > TEAM: 1 	F: 159 	 (19997) 	S: 80 	 (19995) 	T: 158 	 (16000) 	LAP 4
1920.24 s > TEAM: 0 	F: 2 	 (19996) 	S: 0 	 (17814) 	T: 1 	 (16000) 	LAP 4
2160.24 s > TEAM: 1 	F: 159 	 (23997) 	S: 80 	 (23995) 	T: 158 	 (20000) 	LAP 5
2400.36 s > TEAM: 0 	F: 2 	 (23997) 	S: 1 	 (20001) 	T: 4 	 (20000) 	LAP 5
2640.24 s > TEAM: 1 	F: 159 	 (27997) 	S: 80 	 (27995) 	T: 158 	 (24000) 	LAP 6
2880.36 s > TEAM: 0 	F: 2 	 (27997) 	S: 1 	 (24001) 	T: 4 	 (24000) 	LAP 6
3120.24 s > TEAM: 1 	F: 159 	 (31997) 	S: 80 	 (31995) 	T: 158 	 (28000) 	LAP 7
3360.36 s > TEAM: 0 	F: 2 	 (31997) 	S: 1 	 (28001) 	T: 4 	 (28000) 	LAP 7
3600.24 s > TEAM: 1 	F: 159 	 (35997) 	S: 80 	 (35995) 	T: 158 	 (32000) 	LAP 8
3840.36 s > TEAM: 0 	F: 2 	 (35997) 	S: 1 	 (32001) 	T: 4 	 (32000) 	LAP 8
4080.24 s > TEAM: 1 	F: 159 	 (39997) 	S: 80 	 (39995) 	T: 158 	 (36000) 	LAP 9
4320.36 s > TEAM: 0 	F: 2 	 (39997) 	S: 1 	 (36001) 	T: 4 	 (36000) 	LAP 9
4560.24 s > TEAM: 1 	F: 159 	 (43997) 	S: 80 	 (43995) 	T: 158 	 (40000) 	LAP 10
4800.36 s > TEAM: 0 	F: 2 	 (43997) 	S: 1 	 (40001) 	T: 4 	 (40000) 	LAP 10
5040.24 s > TEAM: 1 	F: 159 	 (47997) 	S: 80 	 (47995) 	T: 158 	 (44000) 	LAP 11
5280.36 s > TEAM: 0 	F: 2 	 (47997) 	S: 1 	 (44002) 	T: 4 	 (44000) 	LAP 11
5520.24 s > TEAM: 1 	F: 159 	 (51997) 	S: 80 	 (51995) 	T: 158 	 (48000) 	LAP 12
5760.36 s > TEAM: 0 	F: 2 	 (51997) 	S: 1 	 (51996) 	T: 4 	 (48000) 	LAP 12
6000.24 s > TEAM: 1 	F: 159 	 (55997) 	S: 80 	 (55995) 	T: 158 	 (52000) 	LAP 13
6240.24 s > TEAM: 1 	F: 159 	 (59995) 	S: 80 	 (57995) 	T: 158 	 (56000) 	LAP 14
6240.36 s > TEAM: 0 	F: 2 	 (55997) 	S: 1 	 (55995) 	T: 4 	 (52000) 	LAP 13
6481.08 s > TEAM: 1 	F: 159 	 (63999) 	S: 80 	 (60002) 	T: 156 	 (60000) 	LAP 15
6720.36 s > TEAM: 0 	F: 2 	 (59997) 	S: 1 	 (59995) 	T: 4 	 (56000) 	LAP 14
6961.08 s > TEAM: 1 	F: 80 	 (64000) 	S: 156 	 (64000) 	T: 159 	 (64000) 	LAP 16
7200.36 s > TEAM: 0 	F: 2 	 (64000) 	S: 1 	 (63995) 	T: 4 	 (60000) 	LAP 15
7680.48 s > TEAM: 0 	F: 1 	 (64000) 	S: 2 	 (64000) 	T: 5 	 (64000) 	LAP 16
Broken Team 0: 0 (4), 4 (15), 12 (14), 26 (11), 29 (8), 30 (14), 33 (11), 35 (12), 38 (1), 43 (0), 46 (5), 47 (2), 51 (3), 55 (12), 59 (12), 60 (8), 63 (15), 65 (7), 66 (7), 69 (0), 70 (2), 73 (3), 74 (13), 
Broken Team 1: 90 (8), 92 (12), 95 (5), 99 (0), 102 (4), 108 (7), 112 (13), 117 (9), 118 (15), 119 (14), 121 (3), 122 (6), 125 (15), 128 (13), 130 (13), 136 (0), 137 (2), 138 (14), 141 (11), 149 (1), 154 (13), 155 (2), 
Finishing order: 159 (6481.23), 2 (6960.75), 80 (6960.87), 156 (6961.11), 158 (6961.29), 81 (7200.39), 1 (7200.99), 82 (7440.63), 84 (7440.87), 83 (7441.11), 5 (7680.51), 3 (7680.63), 6 (7680.75), 7 (7680.87), 8 (7680.99), 9 (7681.11), 11 (7681.23), 85 (7681.23), 10 (7681.35), 86 (7681.35), 88 (7681.47), 13 (7681.59), 87 (7681.59), 14 (7681.71), 157 (7681.71), 16 (7681.83), 89 (7681.83), 17 (7681.95), 91 (7681.95), 15 (7682.07), 18 (7682.19), 153 (7682.19), 19 (7682.31), 21 (7682.43), 94 (7682.43), 23 (7682.55), 93 (7682.55), 20 (7682.67), 97 (7682.67), 25 (7682.79), 22 (7682.91), 96 (7682.91), 24 (7683.03), 98 (7683.03), 28 (7683.27), 151 (7683.27), 27 (7683.51), 100 (7683.51), 31 (7683.63), 103 (7683.63), 34 (7683.75), 101 (7683.75), 32 (7683.87), 104 (7683.87), 105 (7683.99), 106 (7684.11), 37 (7684.35), 36 (7684.47), 107 (7684.47), 109 (7684.59), 39 (7684.71), 150 (7684.71), 42 (7684.83), 111 (7684.83), 40 (7684.95), 110 (7684.95), 41 (7685.07), 44 (7685.19), 114 (7685.19), 113 (7685.31), 45 (7685.43), 115 (7685.43), 116 (7685.55), 48 (7685.79), 50 (7686.03), 120 (7686.03), 49 (7686.15), 53 (7686.39), 123 (7686.39), 56 (7686.51), 52 (7686.63), 124 (7686.63), 54 (7686.75), 58 (7686.87), 126 (7686.87), 57 (7686.99), 127 (7686.99), 129 (7687.11), 62 (7687.23), 131 (7687.35), 61 (7687.47), 133 (7687.47), 132 (7687.59), 64 (7687.71), 135 (7687.71), 148 (7687.95), 68 (7688.07), 145 (7688.07), 67 (7688.19), 152 (7688.19), 134 (7688.31), 71 (7688.43), 139 (7688.55), 72 (7688.67), 140 (7688.79), 142 (7688.91), 75 (7689.03), 76 (7689.15), 147 (7689.15), 77 (7689.27), 144 (7689.27), 78 (7689.39), 143 (7689.39), 79 (7689.51), 146 (7689.51), 
Result: TEAM 1 WIN*
