Mode: RANDOM
480.24 s > TEAM: 1 	F: 159 	 (4002) 	S: 80 	 (4001) 	T: 81 	 (4000) 	LAP 1
480.36 s > TEAM: 0 	F: 2 	 (4002) 	S: 3 	 (4001) 	T: 4 	 (4000) 	LAP 1
960.24 s > TEAM: 1 	F: 159 	 (8004) 	S: 80 	 (8001) 	T: 81 	 (8000) 	LAP 2
960.36 s > TEAM: 0 	F: 2 	 (8004) 	S: 3 	 (8001) 	T: 4 	 (8000) 	LAP 2
1440.24 s > TEAM: 1 	F: 159 	 (16004) 	S: 80 	 (12002) 	T: 81 	 (12000) 	LAP 3
1440.36 s > TEAM: 0 	F: 2 	 (16002) 	S: 3 	 (12001) 	T: 4 	 (12000) 	LAP 3
1680.24 s > TEAM: 1 	F: 159 	 (20004) 	S: 80 	 (16002) 	T: 81 	 (16000) 	LAP 4
1920.36 s > TEAM: 0 	F: 2 	 (20004) 	S: 3 	 (16001) 	T: 4 	 (16000) 	LAP 4
2160.24 s > TEAM: 1 	F: 159 	 (26002) 	S: 80 	 (22001) 	T: 81 	 (20000) 	LAP 5
2400.36 s > TEAM: 0 	F: 2 	 (26002) 	S: 3 	 (20001) 	T: 4 	 (20000) 	LAP 5
2640.24 s > TEAM: 1 	F: 159 	 (30002) 	S: 80 	 (26001) 	T: 81 	 (24000) 	LAP 6
2880.36 s > TEAM: 0 	F: 2 	 (30002) 	S: 3 	 (24001) 	T: 4 	 (24000) 	LAP 6
3120.24 s > TEAM: 1 	F: 159 	 (35998) 	S: 80 	 (30001) 	T: 81 	 (28000) 	LAP 7
3360.36 s > TEAM: 0 	F: 2 	 (34002) 	S: 3 	 (28001) 	T: 4 	 (28000) 	LAP 7
3600.24 s > TEAM: 1 	F: 159 	 (39999) 	S: 80 	 (34001) 	T: 81 	 (32000) 	LAP 8
3840.36 s > TEAM: 0 	F: 2 	 (40000) 	S: 3 	 (32001) 	T: 4 	 (32000) 	LAP 8
4080.24 s > TEAM: 1 	F: 159 	 (43997) 	S: 80 	 (39996) 	T: 81 	 (36000) 	LAP 9
4320.24 s > TEAM: 1 	F: 159 	 (45998) 	S: 80 	 (41997) 	T: 81 	 (40000) 	LAP 10
4320.36 s > TEAM: 0 	F: 2 	 (45000) 	S: 3 	 (36001) 	T: 4 	 (36000) 	LAP 9
4560.60 s > TEAM: 1 	F: 159 	 (48003) 	S: 80 	 (44001) 	T: 81 	 (44000) 	LAP 11
4800.36 s > TEAM: 0 	F: 2 	 (50001) 	S: 3 	 (40001) 	T: 4 	 (40000) 	LAP 10
4800.72 s > TEAM: 1 	F: 159 	 (52002) 	S: 81 	 (48001) 	T: 80 	 (48000) 	LAP 12
5280.36 s > TEAM: 0 	F: 2 	 (55000) 	S: 3 	 (44001) 	T: 4 	 (44000) 	LAP 11
5280.72 s > TEAM: 1 	F: 159 	 (56002) 	S: 81 	 (52001) 	T: 80 	 (52000) 	LAP 13
5760.36 s > TEAM: 0 	F: 2 	 (59000) 	S: 3 	 (48001) 	T: 4 	 (48000) 	LAP 12
5760.72 s > TEAM: 1 	F: 159 	 (60002) 	S: 81 	 (56001) 	T: 80 	 (56000) 	LAP 14
6240.36 s > TEAM: 0 	F: 2 	 (63000) 	S: 3 	 (52001) 	T: 4 	 (52000) 	LAP 13
6240.72 s > TEAM: 1 	F: 159 	 (64000) 	S: 81 	 (60002) 	T: 80 	 (60000) 	LAP 15
6720.36 s > TEAM: 0 	F: 2 	 (64000) 	S: 3 	 (56001) 	T: 4 	 (56000) 	LAP 14
6720.72 s > TEAM: 1 	F: 80 	 (64000) 	S: 81 	 (64000) 	T: 159 	 (64000) 	LAP 16
7200.36 s > TEAM: 0 	F: 2 	 (64000) 	S: 3 	 (60002) 	T: 4 	 (60000) 	LAP 15
7440.36 s > TEAM: 0 	F: 2 	 (64000) 	S: 3 	 (64000) 	T: 4 	 (64000) 	LAP 16
Broken Team 0: 1 (0), 7 (13), 13 (7), 14 (8), 16 (5), 18 (8), 27 (15), 29 (6), 30 (1), 33 (8), 38 (4), 40 (3), 46 (6), 47 (3), 48 (3), 50 (2), 51 (1), 57 (10), 59 (5), 60 (0), 62 (12), 64 (12), 65 (8), 71 (8), 74 (5), 75 (0), 78 (2), 
Broken Team 1: 92 (13), 95 (15), 99 (3), 104 (5), 110 (3), 111 (4), 115 (5), 120 (12), 127 (12), 132 (10), 133 (3), 137 (8), 138 (15), 141 (7), 142 (14), 148 (5), 149 (1), 153 (11), 155 (13), 157 (9), 
Finishing order: 159 (6240.45), 2 (6360.33), 81 (6480.75), 80 (6720.75), 82 (6960.63), 3 (7440.27), 4 (7440.39), 83 (7440.51), 84 (7440.63), 5 (7680.51), 6 (7680.63), 85 (7680.75), 8 (7680.87), 86 (7680.87), 9 (7680.99), 87 (7680.99), 10 (7681.11), 88 (7681.11), 11 (7681.23), 89 (7681.23), 12 (7681.35), 90 (7681.35), 91 (7681.47), 15 (7681.71), 93 (7681.71), 94 (7681.83), 17 (7681.95), 96 (7682.07), 19 (7682.19), 97 (7682.19), 22 (7682.31), 98 (7682.31), 20 (7682.43), 23 (7682.55), 100 (7682.55), 0 (7682.67), 101 (7682.67), 24 (7682.79), 102 (7682.79), 25 (7682.91), 103 (7682.91), 26 (7683.03), 105 (7683.15), 28 (7683.27), 106 (7683.27), 107 (7683.39), 108 (7683.51), 21 (7683.63), 158 (7683.63), 31 (7683.75), 109 (7683.75), 32 (7683.87), 34 (7684.11), 35 (7684.23), 112 (7684.23), 36 (7684.35), 113 (7684.35), 37 (7684.47), 114 (7684.59), 39 (7684.71), 116 (7684.71), 118 (7684.83), 41 (7684.95), 119 (7684.95), 42 (7685.07), 117 (7685.07), 43 (7685.19), 45 (7685.31), 121 (7685.31), 44 (7685.43), 122 (7685.43), 123 (7685.55), 151 (7685.67), 126 (7685.79), 49 (7685.91), 125 (7686.03), 52 (7686.15), 128 (7686.15), 124 (7686.27), 53 (7686.39), 129 (7686.39), 54 (7686.51), 130 (7686.51), 56 (7686.63), 131 (7686.63), 55 (7686.75), 58 (7686.87), 134 (7686.99), 135 (7687.11), 136 (7687.23), 63 (7687.47), 139 (7687.47), 66 (7687.59), 67 (7687.71), 140 (7687.71), 69 (7687.83), 68 (7687.95), 70 (7688.07), 143 (7688.07), 72 (7688.19), 144 (7688.19), 146 (7688.31), 73 (7688.43), 145 (7688.43), 147 (7688.55), 76 (7688.67), 152 (7688.91), 79 (7689.03), 150 (7689.03), 77 (7689.15), 154 (7689.15), 61 (7689.51), 156 (7689.51), 
Result: TEAM 1 WIN*
