Mode: RANDOM
480.24 s > TEAM: 1 	F: 159 	 (4002) 	S: 80 	 (4001) 	T: 81 	 (4000) 	LAP 1
480.36 s > TEAM: 0 	F: 1 	 (4006) 	S: 3 	 (4001) 	T: 0 	 (4000) 	LAP 1
960.24 s > TEAM: 1 	F: 159 	 (8002) 	S: 80 	 (8001) 	T: 81 	 (8000) 	LAP 2
960.36 s > TEAM: 0 	F: 1 	 (10003) 	S: 3 	 (8001) 	T: 0 	 (8000) 	LAP 2
1440.24 s > TEAM: 1 	F: 159 	 (12004) 	S: 80 	 (12002) 	T: 81 	 (12000) 	LAP 3
1440.36 s > TEAM: 0 	F: 1 	 (16006) 	S: 3 	 (12002) 	T: 0 	 (12000) 	LAP 3
1680.36 s > TEAM: 0 	F: 1 	 (20006) 	S: 3 	 (16002) 	T: 0 	 (16000) 	LAP 4
1920.24 s > TEAM: 1 	F: 159 	 (18002) 	S: 80 	 (18001) 	T: 81 	 (16000) 	LAP 4
2160.36 s > TEAM: 0 	F: 1 	 (26003) 	S: 3 	 (22002) 	T: 0 	 (20000) 	LAP 5
2400.24 s > TEAM: 1 	F: 159 	 (22002) 	S: 80 	 (22001) 	T: 81 	 (20000) 	LAP 5
2640.48 s > TEAM: 0 	F: 1 	 (31999) 	S: 3 	 (26003) 	T: 4 	 (24000) 	LAP 6
2880.24 s > TEAM: 1 	F: 159 	 (26002) 	S: 80 	 (26001) 	T: 81 	 (24000) 	LAP 6
3120.48 s > TEAM: 0 	F: 1 	 (35999) 	S: 3 	 (30003) 	T: 4 	 (28000) 	LAP 7
3360.24 s > TEAM: 1 	F: 80 	 (31997) 	S: 159 	 (31995) 	T: 81 	 (28000) 	LAP 7
3600.48 s > TEAM: 0 	F: 1 	 (39997) 	S: 3 	 (34003) 	T: 4 	 (32000) 	LAP 8
3840.24 s > TEAM: 1 	F: 80 	 (35997) 	S: 159 	 (35996) 	T: 81 	 (32000) 	LAP 8
4080.48 s > TEAM: 0 	F: 1 	 (43998) 	S: 3 	 (39999) 	T: 4 	 (36000) 	LAP 9
4320.24 s > TEAM: 1 	F: 159 	 (39995) 	S: 80 	 (39994) 	T: 81 	 (36000) 	LAP 9
4560.48 s > TEAM: 0 	F: 1 	 (47998) 	S: 3 	 (43999) 	T: 4 	 (40000) 	LAP 10
4800.24 s > TEAM: 1 	F: 159 	 (43995) 	S: 80 	 (40008) 	T: 81 	 (40000) 	LAP 10
5040.48 s > TEAM: 0 	F: 1 	 (51998) 	S: 3 	 (47999) 	T: 4 	 (44000) 	LAP 11
5280.36 s > TEAM: 1 	F: 159 	 (47996) 	S: 81 	 (44001) 	T: 82 	 (44000) 	LAP 11
5520.48 s > TEAM: 0 	F: 1 	 (55998) 	S: 3 	 (51999) 	T: 4 	 (48000) 	LAP 12
5760.36 s > TEAM: 1 	F: 159 	 (51996) 	S: 81 	 (48001) 	T: 82 	 (48000) 	LAP 12
6000.48 s > TEAM: 0 	F: 1 	 (59998) 	S: 3 	 (55999) 	T: 4 	 (52000) 	LAP 13
6240.36 s > TEAM: 1 	F: 159 	 (55996) 	S: 81 	 (52001) 	T: 82 	 (52000) 	LAP 13
6480.48 s > TEAM: 0 	F: 1 	 (63998) 	S: 3 	 (59999) 	T: 4 	 (56000) 	LAP 14
6720.36 s > TEAM: 1 	F: 159 	 (59997) 	S: 81 	 (56002) 	T: 82 	 (56000) 	LAP 14
6960.48 s > TEAM: 0 	F: 1 	 (64000) 	S: 3 	 (63999) 	T: 4 	 (60000) 	LAP 15
7200.36 s > TEAM: 1 	F: 159 	 (63998) 	S: 81 	 (62001) 	T: 82 	 (60000) 	LAP 15
7440.48 s > TEAM: 0 	F: 1 	 (64000) 	S: 3 	 (64000) 	T: 4 	 (64000) 	LAP 16
7680.36 s > TEAM: 1 	F: 81 	 (64000) 	S: 82 	 (64000) 	T: 159 	 (64000) 	LAP 16
Broken Team 0: 0 (5), 2 (0), 5 (13), 7 (7), 9 (8), 13 (10), 18 (8), 20 (5), 21 (8), 22 (0), 24 (3), 28 (6), 30 (9), 34 (5), 37 (8), 39 (10), 40 (8), 45 (15), 48 (12), 51 (1), 52 (11), 57 (12), 61 (4), 64 (13), 65 (14), 69 (3), 71 (10), 75 (9), 76 (5), 78 (1), 
Broken Team 1: 80 (10), 88 (7), 93 (6), 97 (2), 99 (10), 100 (2), 103 (4), 110 (10), 115 (5), 117 (10), 130 (0), 138 (3), 142 (10), 144 (1), 147 (4), 154 (14), 
Finishing order: 1 (6480.75), 3 (6960.63), 159 (7200.63), 81 (7440.27), 4 (7440.51), 82 (7680.39), 158 (7680.51), 83 (7680.63), 6 (7680.75), 85 (7680.75), 86 (7680.87), 8 (7680.99), 84 (7680.99), 90 (7681.11), 10 (7681.23), 91 (7681.23), 11 (7681.35), 92 (7681.35), 12 (7681.47), 94 (7681.59), 14 (7681.71), 95 (7681.71), 15 (7681.83), 96 (7681.83), 16 (7681.95), 17 (7682.07), 98 (7682.07), 87 (7682.19), 19 (7682.31), 89 (7682.31), 23 (7682.67), 101 (7682.67), 102 (7682.79), 26 (7683.03), 104 (7683.03), 25 (7683.15), 105 (7683.15), 27 (7683.27), 106 (7683.27), 107 (7683.39), 29 (7683.51), 108 (7683.51), 31 (7683.63), 109 (7683.63), 32 (7683.87), 111 (7683.87), 33 (7683.99), 114 (7683.99), 112 (7684.11), 35 (7684.23), 124 (7684.23), 36 (7684.47), 116 (7684.47), 38 (7684.59), 118 (7684.59), 113 (7684.71), 120 (7684.83), 73 (7684.95), 42 (7685.07), 128 (7685.07), 41 (7685.19), 121 (7685.19), 43 (7685.31), 127 (7685.31), 44 (7685.43), 129 (7685.55), 131 (7685.67), 46 (7685.79), 132 (7685.79), 49 (7685.91), 133 (7685.91), 50 (7686.03), 134 (7686.03), 53 (7686.15), 136 (7686.15), 139 (7686.39), 54 (7686.51), 135 (7686.51), 47 (7686.63), 137 (7686.63), 55 (7686.75), 141 (7686.75), 56 (7686.87), 140 (7686.87), 59 (7687.11), 143 (7687.11), 62 (7687.35), 145 (7687.35), 60 (7687.47), 58 (7687.59), 146 (7687.59), 148 (7687.71), 122 (7687.83), 67 (7687.95), 150 (7687.95), 66 (7688.07), 149 (7688.07), 68 (7688.19), 151 (7688.19), 74 (7688.31), 152 (7688.31), 153 (7688.55), 63 (7688.67), 79 (7688.79), 155 (7688.79), 156 (7688.91), 157 (7689.03), 125 (7689.15), 70 (7689.27), 119 (7689.27), 77 (7689.39), 123 (7689.39), 72 (7689.51), 126 (7689.51), 
Result: TEAM 0 WIN
