Mode: RANDOM
480.24 s > TEAM: 0 	F: 1 	 (4004) 	S: 71 	 (4002) 	T: 0 	 (4000) 	LAP 1
480.24 s > TEAM: 1 	F: 159 	 (4002) 	S: 80 	 (4001) 	T: 81 	 (4000) 	LAP 1
720.24 s > TEAM: 0 	F: 1 	 (8004) 	S: 71 	 (8002) 	T: 0 	 (8000) 	LAP 2
960.24 s > TEAM: 1 	F: 159 	 (8002) 	S: 80 	 (8001) 	T: 81 	 (8000) 	LAP 2
1200.24 s > TEAM: 0 	F: 1 	 (16004) 	S: 71 	 (14001) 	T: 0 	 (12000) 	LAP 3
1440.36 s > TEAM: 1 	F: 159 	 (12006) 	S: 80 	 (12004) 	T: 82 	 (12000) 	LAP 3
1680.24 s > TEAM: 0 	F: 1 	 (24004) 	S: 71 	 (18001) 	T: 0 	 (16000) 	LAP 4
1920.36 s > TEAM: 1 	F: 159 	 (20003) 	S: 80 	 (18002) 	T: 82 	 (16000) 	LAP 4
2160.24 s > TEAM: 0 	F: 1 	 (32000) 	S: 71 	 (24001) 	T: 0 	 (20000) 	LAP 5
2400.36 s > TEAM: 1 	F: 159 	 (22244) 	S: 80 	 (22002) 	T: 82 	 (20000) 	LAP 5
2640.24 s > TEAM: 0 	F: 1 	 (36000) 	S: 71 	 (28001) 	T: 0 	 (24000) 	LAP 6
2880.48 s > TEAM: 1 	F: 80 	 (26003) 	S: 82 	 (24001) 	T: 83 	 (24000) 	LAP 6
3120.24 s > TEAM: 0 	F: 1 	 (40000) 	S: 71 	 (32001) 	T: 0 	 (28000) 	LAP 7
3360.48 s > TEAM: 1 	F: 80 	 (30003) 	S: 82 	 (28001) 	T: 83 	 (28000) 	LAP 7
3600.24 s > TEAM: 0 	F: 1 	 (44001) 	S: 71 	 (36001) 	T: 0 	 (32000) 	LAP 8
3840.48 s > TEAM: 1 	F: 80 	 (35354) 	S: 82 	 (32002) 	T: 83 	 (32000) 	LAP 8
4080.24 s > TEAM: 0 	F: 1 	 (50000) 	S: 71 	 (40001) 	T: 0 	 (36000) 	LAP 9
4320.60 s > TEAM: 1 	F: 82 	 (38002) 	S: 83 	 (36001) 	T: 84 	 (36000) 	LAP 9
4560.24 s > TEAM: 0 	F: 1 	 (56000) 	S: 71 	 (44002) 	T: 0 	 (40000) 	LAP 10
4800.60 s > TEAM: 1 	F: 82 	 (44002) 	S: 83 	 (40001) 	T: 84 	 (40000) 	LAP 10
5040.24 s > TEAM: 0 	F: 1 	 (60000) 	S: 71 	 (50001) 	T: 0 	 (44000) 	LAP 11
5280.60 s > TEAM: 1 	F: 82 	 (48002) 	S: 83 	 (44001) 	T: 84 	 (44000) 	LAP 11
5520.24 s > TEAM: 0 	F: 1 	 (64000) 	S: 71 	 (54001) 	T: 0 	 (48000) 	LAP 12
5760.60 s > TEAM: 1 	F: 82 	 (53003) 	S: 83 	 (48001) 	T: 84 	 (48000) 	LAP 12
6000.24 s > TEAM: 0 	F: 1 	 (64000) 	S: 71 	 (60001) 	T: 0 	 (52000) 	LAP 13
6240.60 s > TEAM: 1 	F: 82 	 (57003) 	S: 83 	 (52001) 	T: 84 	 (52000) 	LAP 13
6480.24 s > TEAM: 0 	F: 1 	 (64000) 	S: 71 	 (64000) 	T: 0 	 (56000) 	LAP 14
6720.24 s > TEAM: 0 	F: 1 	 (64000) 	S: 71 	 (64000) 	T: 0 	 (60000) 	LAP 15
6720.60 s > TEAM: 1 	F: 82 	 (61003) 	S: 83 	 (56001) 	T: 84 	 (56000) 	LAP 14
6960.24 s > TEAM: 0 	F: 0 	 (64000) 	S: 1 	 (64000) 	T: 71 	 (64000) 	LAP 16
7200.60 s > TEAM: 1 	F: 82 	 (64000) 	S: 83 	 (60001) 	T: 84 	 (60000) 	LAP 15
7680.60 s > TEAM: 1 	F: 82 	 (64000) 	S: 83 	 (64000) 	T: 84 	 (64000) 	LAP 16
Broken Team 0: 3 (0), 6 (3), 12 (3), 13 (5), 16 (0), 17 (1), 19 (2), 27 (10), 29 (9), 32 (2), 34 (15), 38 (8), 44 (9), 48 (4), 53 (9), 62 (5), 66 (2), 68 (2), 69 (13), 72 (6), 74 (12), 75 (9), 78 (15), 
Broken Team 1: 80 (8), 81 (2), 89 (7), 90 (6), 92 (0), 93 (12), 97 (0), 100 (15), 108 (5), 109 (7), 110 (1), 113 (1), 114 (8), 120 (15), 125 (5), 126 (6), 131 (13), 133 (12), 134 (14), 135 (0), 136 (13), 137 (7), 141 (8), 142 (3), 144 (1), 145 (1), 147 (12), 149 (13), 154 (1), 155 (2), 157 (11), 158 (6), 159 (5), 
Finishing order: 1 (5520.21), 71 (6480.15), 0 (6960.27), 82 (7080.27), 11 (7200.87), 4 (7201.11), 5 (7201.23), 73 (7201.35), 70 (7201.47), 2 (7441.71), 83 (7680.51), 84 (7680.63), 85 (7680.75), 86 (7680.87), 87 (7680.99), 88 (7681.11), 91 (7681.47), 8 (7681.83), 10 (7681.95), 128 (7681.95), 18 (7682.07), 94 (7682.19), 14 (7682.31), 9 (7682.43), 96 (7682.43), 7 (7682.55), 95 (7682.55), 15 (7682.67), 99 (7682.67), 21 (7682.79), 105 (7682.79), 111 (7682.91), 23 (7683.03), 33 (7683.15), 106 (7683.15), 156 (7683.27), 20 (7683.39), 138 (7683.39), 102 (7683.51), 103 (7683.63), 22 (7683.75), 101 (7683.75), 25 (7683.87), 28 (7683.99), 104 (7683.99), 26 (7684.11), 24 (7684.23), 112 (7684.35), 30 (7684.47), 31 (7684.59), 119 (7684.59), 40 (7684.71), 116 (7684.71), 36 (7684.83), 107 (7684.83), 35 (7684.95), 117 (7684.95), 42 (7685.07), 118 (7685.19), 41 (7685.31), 115 (7685.31), 43 (7685.43), 122 (7685.43), 47 (7685.67), 124 (7685.67), 39 (7685.79), 130 (7685.79), 46 (7685.91), 121 (7686.03), 45 (7686.15), 123 (7686.15), 127 (7686.27), 50 (7686.39), 55 (7686.51), 129 (7686.51), 63 (7686.63), 132 (7686.63), 64 (7686.75), 148 (7686.75), 59 (7686.87), 153 (7686.87), 52 (7686.99), 143 (7687.11), 49 (7687.23), 76 (7687.35), 140 (7687.35), 58 (7687.47), 139 (7687.47), 67 (7687.71), 152 (7687.71), 77 (7687.83), 150 (7687.95), 79 (7688.19), 98 (7688.31), 51 (7688.55), 56 (7688.67), 54 (7688.79), 146 (7688.79), 60 (7688.91), 57 (7689.03), 61 (7689.15), 37 (7689.27), 65 (7689.51), 151 (7689.51), 
Result: TEAM 0 WIN*
 (7689.51), 
Result: TEAM 1 WIN*
