Mode: RANDOM
480.24 s > TEAM: 0 	F: 0 	 (4004) 	S: 2 	 (4002) 	T: 1 	 (4000) 	LAP 1
480.24 s > TEAM: 1 	F: 159 	 (4002) 	S: 80 	 (4001) 	T: 81 	 (4000) 	LAP 1
720.24 s > TEAM: 0 	F: 0 	 (8004) 	S: 2 	 (8002) 	T: 1 	 (8000) 	LAP 2
960.24 s > TEAM: 0 	F: 0 	 (12002) 	S: 2 	 (12001) 	T: 1 	 (12000) 	LAP 3
960.24 s > TEAM: 1 	F: 159 	 (8004) 	S: 80 	 (8001) 	T: 81 	 (8000) 	LAP 2
1440.24 s > TEAM: 0 	F: 0 	 (16004) 	S: 2 	 (16001) 	T: 1 	 (16000) 	LAP 4
1440.24 s > TEAM: 1 	F: 159 	 (15997) 	S: 80 	 (12001) 	T: 81 	 (12000) 	LAP 3
1920.24 s > TEAM: 0 	F: 0 	 (21997) 	S: 2 	 (20001) 	T: 1 	 (20000) 	LAP 5
1920.24 s > TEAM: 1 	F: 159 	 (19997) 	S: 80 	 (16001) 	T: 81 	 (16000) 	LAP 4
2400.24 s > TEAM: 0 	F: 0 	 (25997) 	S: 2 	 (24001) 	T: 1 	 (24000) 	LAP 6
2400.24 s > TEAM: 1 	F: 159 	 (23997) 	S: 80 	 (20001) 	T: 81 	 (20000) 	LAP 5
2880.24 s > TEAM: 0 	F: 0 	 (29997) 	S: 2 	 (28001) 	T: 1 	 (28000) 	LAP 7
2880.24 s > TEAM: 1 	F: 159 	 (27997) 	S: 80 	 (24002) 	T: 81 	 (24000) 	LAP 6
3120.24 s > TEAM: 1 	F: 159 	 (29997) 	S: 80 	 (28002) 	T: 81 	 (28000) 	LAP 7
3360.24 s > TEAM: 0 	F: 0 	 (33997) 	S: 2 	 (32001) 	T: 1 	 (32000) 	LAP 8
3600.24 s > TEAM: 1 	F: 159 	 (33997) 	S: 80 	 (33996) 	T: 81 	 (32000) 	LAP 8
3840.24 s > TEAM: 0 	F: 0 	 (37997) 	S: 2 	 (36001) 	T: 1 	 (36000) 	LAP 9
4320.24 s > TEAM: 0 	F: 0 	 (41997) 	S: 2 	 (40001) 	T: 1 	 (40000) 	LAP 10
4320.48 s > TEAM: 1 	F: 159 	 (39999) 	S: 157 	 (38001) 	T: 156 	 (36000) 	LAP 9
4800.24 s > TEAM: 0 	F: 0 	 (45997) 	S: 2 	 (44001) 	T: 1 	 (44000) 	LAP 11
4800.48 s > TEAM: 1 	F: 159 	 (43999) 	S: 157 	 (43998) 	T: 156 	 (40000) 	LAP 10
5280.48 s > TEAM: 1 	F: 159 	 (47999) 	S: 157 	 (47998) 	T: 156 	 (44000) 	LAP 11
5520.36 s > TEAM: 0 	F: 0 	 (51997) 	S: 2 	 (50002) 	T: 3 	 (48000) 	LAP 12
5760.48 s > TEAM: 1 	F: 159 	 (51999) 	S: 157 	 (51998) 	T: 156 	 (48000) 	LAP 12
6000.36 s > TEAM: 0 	F: 2 	 (55997) 	S: 0 	 (55996) 	T: 3 	 (52000) 	LAP 13
6240.48 s > TEAM: 1 	F: 159 	 (55999) 	S: 157 	 (55996) 	T: 156 	 (52000) 	LAP 13
6480.36 s > TEAM: 0 	F: 2 	 (59997) 	S: 0 	 (59996) 	T: 3 	 (56000) 	LAP 14
6720.48 s > TEAM: 1 	F: 159 	 (59999) 	S: 157 	 (59996) 	T: 156 	 (56000) 	LAP 14
6960.36 s > TEAM: 0 	F: 0 	 (63998) 	S: 2 	 (63997) 	T: 3 	 (60000) 	LAP 15
7200.48 s > TEAM: 1 	F: 159 	 (63999) 	S: 157 	 (62908) 	T: 156 	 (60000) 	LAP 15
7440.36 s > TEAM: 0 	F: 0 	 (64000) 	S: 2 	 (64000) 	T: 3 	 (64000) 	LAP 16
7681.08 s > TEAM: 1 	F: 86 	 (64000) 	S: 156 	 (64000) 	T: 159 	 (64000) 	LAP 16
Broken Team 0: 1 (11), 4 (2), 11 (8), 13 (6), 14 (11), 16 (7), 17 (10), 24 (7), 25 (2), 28 (2), 29 (10), 30 (10), 31 (6), 32 (11), 39 (11), 44 (4), 48 (9), 49 (4), 50 (11), 51 (8), 53 (4), 55 (6), 62 (0), 63 (12), 67 (15), 69 (2), 74 (12), 75 (7), 77 (14), 
Broken Team 1: 80 (8), 81 (8), 82 (1), 83 (1), 84 (13), 85 (9), 87 (2), 88 (6), 91 (1), 96 (2), 101 (8), 102 (0), 103 (1), 107 (9), 108 (12), 109 (12), 112 (8), 113 (1), 114 (2), 117 (10), 118 (2), 121 (11), 124 (7), 125 (14), 132 (10), 137 (11), 139 (9), 145 (7), 153 (8), 157 (15), 158 (4), 
Finishing order: 0 (6960.63), 2 (6960.69), 159 (7200.63), 3 (7440.39), 5 (7440.51), 156 (7680.51), 6 (7680.75), 7 (7680.87), 8 (7680.99), 9 (7681.11), 86 (7681.11), 10 (7681.23), 12 (7681.47), 89 (7681.47), 90 (7681.59), 15 (7681.83), 92 (7681.83), 93 (7681.95), 94 (7682.07), 18 (7682.19), 19 (7682.31), 95 (7682.31), 20 (7682.43), 21 (7682.55), 98 (7682.55), 22 (7682.67), 97 (7682.67), 23 (7682.79), 99 (7682.79), 100 (7682.91), 26 (7683.15), 27 (7683.27), 104 (7683.39), 154 (7683.51), 105 (7683.63), 106 (7683.87), 34 (7683.99), 35 (7684.11), 33 (7684.23), 110 (7684.23), 36 (7684.35), 111 (7684.35), 37 (7684.47), 38 (7684.59), 115 (7684.71), 40 (7684.83), 41 (7684.95), 116 (7684.95), 42 (7685.07), 43 (7685.19), 119 (7685.31), 45 (7685.43), 120 (7685.43), 46 (7685.55), 123 (7685.67), 47 (7685.79), 122 (7685.79), 126 (7686.15), 52 (7686.27), 127 (7686.27), 129 (7686.39), 54 (7686.51), 128 (7686.51), 130 (7686.63), 56 (7686.75), 57 (7686.87), 58 (7686.99), 131 (7686.99), 59 (7687.11), 133 (7687.11), 60 (7687.23), 135 (7687.23), 61 (7687.35), 134 (7687.35), 152 (7687.47), 155 (7687.59), 64 (7687.71), 136 (7687.71), 66 (7687.83), 138 (7687.83), 65 (7687.95), 68 (7688.19), 140 (7688.19), 141 (7688.31), 70 (7688.43), 142 (7688.43), 71 (7688.55), 144 (7688.55), 72 (7688.67), 143 (7688.67), 73 (7688.79), 151 (7688.91), 76 (7689.03), 146 (7689.03), 79 (7689.15), 147 (7689.15), 78 (7689.27), 148 (7689.27), 149 (7689.39), 150 (7689.51), 
Result: TEAM 0 WIN*

