Mode: RANDOM
480.24 s > TEAM: 0 	F: 1 	 (4002) 	S: 2 	 (4001) 	T: 3 	 (4000) 	LAP 1
480.24 s > TEAM: 1 	F: 159 	 (4004) 	S: 80 	 (4001) 	T: 81 	 (4000) 	LAP 1
960.24 s > TEAM: 0 	F: 1 	 (8002) 	S: 2 	 (8001) 	T: 3 	 (8000) 	LAP 2
960.24 s > TEAM: 1 	F: 159 	 (12004) 	S: 80 	 (8002) 	T: 81 	 (8000) 	LAP 2
1200.24 s > TEAM: 1 	F: 159 	 (16004) 	S: 80 	 (12002) 	T: 81 	 (12000) 	LAP 3
1440.24 s > TEAM: 0 	F: 1 	 (12002) 	S: 2 	 (12001) 	T: 3 	 (12000) 	LAP 3
1680.24 s > TEAM: 1 	F: 159 	 (23998) 	S: 80 	 (18001) 	T: 81 	 (16000) 	LAP 4
1920.24 s > TEAM: 0 	F: 1 	 (16004) 	S: 2 	 (16002) 	T: 3 	 (16000) 	LAP 4
2160.24 s > TEAM: 1 	F: 159 	 (27998) 	S: 80 	 (22001) 	T: 81 	 (20000) 	LAP 5
2400.24 s > TEAM: 0 	F: 1 	 (22002) 	S: 2 	 (22001) 	T: 3 	 (20000) 	LAP 5
2640.24 s > TEAM: 1 	F: 159 	 (31998) 	S: 80 	 (26001) 	T: 81 	 (24000) 	LAP 6
2880.24 s > TEAM: 0 	F: 1 	 (27997) 	S: 2 	 (26001) 	T: 3 	 (24000) 	LAP 6
3120.24 s > TEAM: 1 	F: 159 	 (34998) 	S: 80 	 (30001) 	T: 81 	 (28000) 	LAP 7
3360.24 s > TEAM: 0 	F: 1 	 (31997) 	S: 2 	 (30001) 	T: 3 	 (28000) 	LAP 7
3600.24 s > TEAM: 1 	F: 159 	 (34998) 	S: 80 	 (34001) 	T: 81 	 (32000) 	LAP 8
3840.24 s > TEAM: 0 	F: 2 	 (35998) 	S: 1 	 (35997) 	T: 3 	 (32000) 	LAP 8
4080.24 s > TEAM: 0 	F: 2 	 (37998) 	S: 1 	 (37997) 	T: 3 	 (36000) 	LAP 9
4080.36 s > TEAM: 1 	F: 80 	 (39997) 	S: 81 	 (36002) 	T: 82 	 (36000) 	LAP 9
4560.24 s > TEAM: 0 	F: 2 	 (43997) 	S: 1 	 (41997) 	T: 3 	 (40000) 	LAP 10
4560.36 s > TEAM: 1 	F: 80 	 (43997) 	S: 81 	 (43996) 	T: 82 	 (40000) 	LAP 10
5040.24 s > TEAM: 0 	F: 2 	 (47998) 	S: 1 	 (45997) 	T: 3 	 (44000) 	LAP 11
5280.60 s > TEAM: 1 	F: 80 	 (49997) 	S: 81 	 (49996) 	T: 84 	 (44000) 	LAP 11
5520.24 s > TEAM: 0 	F: 2 	 (53993) 	S: 1 	 (49997) 	T: 3 	 (48000) 	LAP 12
5760.60 s > TEAM: 1 	F: 81 	 (53997) 	S: 80 	 (53996) 	T: 84 	 (48000) 	LAP 12
6000.24 s > TEAM: 0 	F: 2 	 (57994) 	S: 1 	 (55995) 	T: 3 	 (52000) 	LAP 13
6240.60 s > TEAM: 1 	F: 81 	 (57997) 	S: 80 	 (57996) 	T: 84 	 (52000) 	LAP 13
6480.24 s > TEAM: 0 	F: 2 	 (61994) 	S: 1 	 (59997) 	T: 3 	 (56000) 	LAP 14
6720.60 s > TEAM: 1 	F: 80 	 (61997) 	S: 81 	 (61996) 	T: 84 	 (56000) 	LAP 14
6960.24 s > TEAM: 0 	F: 2 	 (64000) 	S: 1 	 (63997) 	T: 3 	 (60000) 	LAP 15
7200.60 s > TEAM: 1 	F: 80 	 (64000) 	S: 81 	 (64000) 	T: 84 	 (60000) 	LAP 15
7440.24 s > TEAM: 0 	F: 1 	 (64000) 	S: 2 	 (64000) 	T: 3 	 (64000) 	LAP 16
7680.60 s > TEAM: 1 	F: 80 	 (64000) 	S: 81 	 (64000) 	T: 84 	 (64000) 	LAP 16
Broken Team 0: 8 (9), 12 (2), 13 (3), 16 (0), 17 (7), 21 (7), 22 (9), 23 (13), 30 (10), 31 (15), 32 (12), 33 (6), 34 (4), 36 (10), 39 (4), 40 (6), 41 (1), 45 (0), 46 (12), 47 (1), 49 (11), 50 (0), 51 (11), 56 (11), 62 (7), 63 (14), 67 (4), 69 (0), 74 (4), 79 (4), 
Broken Team 1: 82 (10), 83 (7), 85 (8), 95 (10), 97 (8), 99 (8), 102 (5), 105 (15), 106 (7), 109 (13), 113 (3), 114 (1), 123 (0), 124 (15), 125 (3), 126 (11), 127 (6), 135 (8), 138 (6), 140 (3), 143 (15), 144 (2), 147 (1), 150 (11), 151 (1), 154 (14), 156 (11), 157 (2), 159 (8), 
Finishing order: 2 (6720.93), 1 (6960.57), 80 (6960.93), 81 (6961.11), 3 (7440.27), 4 (7440.39), 84 (7680.63), 5 (7680.69), 6 (7680.81), 7 (7680.87), 86 (7680.87), 87 (7680.99), 9 (7681.11), 88 (7681.11), 10 (7681.23), 89 (7681.23), 11 (7681.35), 90 (7681.35), 91 (7681.47), 92 (7681.59), 14 (7681.71), 93 (7681.71), 94 (7681.83), 15 (7681.95), 0 (7682.07), 96 (7682.07), 20 (7682.31), 98 (7682.31), 19 (7682.43), 18 (7682.55), 100 (7682.55), 103 (7682.67), 25 (7682.91), 104 (7682.91), 24 (7683.15), 101 (7683.15), 27 (7683.27), 28 (7683.39), 107 (7683.39), 29 (7683.51), 108 (7683.51), 26 (7683.63), 110 (7683.63), 111 (7683.75), 112 (7684.11), 35 (7684.35), 116 (7684.35), 117 (7684.47), 37 (7684.59), 118 (7684.59), 120 (7684.71), 38 (7684.83), 119 (7684.83), 121 (7684.95), 115 (7685.07), 122 (7685.19), 42 (7685.31), 66 (7685.43), 48 (7685.79), 128 (7685.79), 129 (7685.91), 130 (7686.15), 52 (7686.27), 131 (7686.27), 54 (7686.39), 134 (7686.39), 53 (7686.51), 132 (7686.51), 58 (7686.63), 133 (7686.63), 55 (7686.75), 136 (7686.87), 59 (7686.99), 137 (7686.99), 57 (7687.11), 139 (7687.11), 68 (7687.35), 141 (7687.35), 61 (7687.47), 142 (7687.59), 70 (7687.71), 72 (7687.83), 71 (7687.95), 73 (7688.07), 146 (7688.07), 148 (7688.19), 75 (7688.31), 149 (7688.31), 76 (7688.43), 78 (7688.55), 145 (7688.55), 77 (7688.67), 152 (7688.67), 44 (7688.91), 153 (7688.91), 43 (7689.03), 64 (7689.15), 155 (7689.15), 65 (7689.39), 158 (7689.39), 60 (7689.51), 
Result: TEAM 0 WIN*
