Mode: RANDOM
480.24 s > TEAM: 1 	F: 159 	 (4004) 	S: 158 	 (4002) 	T: 80 	 (4000) 	LAP 1
480.36 s > TEAM: 0 	F: 1 	 (4004) 	S: 2 	 (4002) 	T: 3 	 (4000) 	LAP 1
720.36 s > TEAM: 0 	F: 1 	 (8002) 	S: 2 	 (8002) 	T: 3 	 (8000) 	LAP 2
720.36 s > TEAM: 1 	F: 158 	 (8004) 	S: 80 	 (8001) 	T: 123 	 (8000) 	LAP 2
960.60 s > TEAM: 0 	F: 2 	 (12006) 	S: 4 	 (12001) 	T: 5 	 (12000) 	LAP 3
1200.24 s > TEAM: 1 	F: 158 	 (16001) 	S: 123 	 (15998) 	T: 80 	 (12000) 	LAP 3
1440.48 s > TEAM: 0 	F: 2 	 (18002) 	S: 5 	 (17999) 	T: 4 	 (16000) 	LAP 4
1680.24 s > TEAM: 1 	F: 123 	 (21996) 	S: 158 	 (20001) 	T: 80 	 (16000) 	LAP 4
1920.48 s > TEAM: 0 	F: 2 	 (24004) 	S: 5 	 (21999) 	T: 4 	 (20000) 	LAP 5
2160.24 s > TEAM: 1 	F: 123 	 (25996) 	S: 158 	 (24001) 	T: 80 	 (20000) 	LAP 5
2400.48 s > TEAM: 0 	F: 2 	 (29997) 	S: 5 	 (25999) 	T: 4 	 (24000) 	LAP 6
2640.24 s > TEAM: 1 	F: 123 	 (29996) 	S: 158 	 (28001) 	T: 80 	 (24000) 	LAP 6
2880.48 s > TEAM: 0 	F: 2 	 (33997) 	S: 5 	 (31998) 	T: 4 	 (28000) 	LAP 7
3120.24 s > TEAM: 1 	F: 123 	 (33996) 	S: 158 	 (32001) 	T: 80 	 (28000) 	LAP 7
3121.08 s > TEAM: 0 	F: 2 	 (36002) 	S: 5 	 (36001) 	T: 4 	 (32000) 	LAP 8
3600.24 s > TEAM: 1 	F: 123 	 (39992) 	S: 158 	 (36002) 	T: 80 	 (32000) 	LAP 8
3601.08 s > TEAM: 0 	F: 5 	 (41002) 	S: 2 	 (41002) 	T: 4 	 (36000) 	LAP 9
3841.20 s > TEAM: 1 	F: 123 	 (42004) 	S: 158 	 (39718) 	T: 80 	 (36000) 	LAP 9
4081.08 s > TEAM: 0 	F: 5 	 (46005) 	S: 2 	 (46004) 	T: 4 	 (40000) 	LAP 10
4561.08 s > TEAM: 0 	F: 2 	 (51002) 	S: 5 	 (50420) 	T: 4 	 (44000) 	LAP 11
4800.48 s > TEAM: 1 	F: 123 	 (51994) 	S: 80 	 (43993) 	T: 122 	 (40000) 	LAP 10
5041.08 s > TEAM: 0 	F: 2 	 (55002) 	S: 5 	 (50420) 	T: 4 	 (48000) 	LAP 12
5280.48 s > TEAM: 1 	F: 123 	 (55994) 	S: 80 	 (47993) 	T: 122 	 (44000) 	LAP 11
5760.48 s > TEAM: 1 	F: 123 	 (59994) 	S: 80 	 (51993) 	T: 122 	 (48000) 	LAP 12
6000.12 s > TEAM: 0 	F: 2 	 (63990) 	S: 4 	 (55992) 	T: 1 	 (52000) 	LAP 13
6240.48 s > TEAM: 1 	F: 123 	 (63994) 	S: 80 	 (55993) 	T: 122 	 (52000) 	LAP 13
6480.12 s > TEAM: 0 	F: 2 	 (64000) 	S: 4 	 (61992) 	T: 1 	 (56000) 	LAP 14
6720.48 s > TEAM: 1 	F: 123 	 (64000) 	S: 80 	 (61993) 	T: 122 	 (56000) 	LAP 14
6960.12 s > TEAM: 0 	F: 2 	 (64000) 	S: 4 	 (64000) 	T: 1 	 (60000) 	LAP 15
7200.12 s > TEAM: 0 	F: 1 	 (64000) 	S: 2 	 (64000) 	T: 4 	 (64000) 	LAP 16
7200.48 s > TEAM: 1 	F: 80 	 (64000) 	S: 123 	 (64000) 	T: 122 	 (60000) 	LAP 15
7440.48 s > TEAM: 1 	F: 80 	 (64000) 	S: 122 	 (64000) 	T: 123 	 (64000) 	LAP 16
Broken Team 0: 0 (0), 5 (12), 8 (0), 12 (11), 13 (8), 28 (3), 36 (4), 37 (4), 46 (1), 48 (10), 49 (11), 50 (1), 51 (1), 53 (8), 59 (3), 60 (14), 61 (2), 63 (13), 66 (13), 67 (3), 68 (3), 69 (14), 72 (3), 73 (5), 79 (12), 
Broken Team 1: 84 (9), 86 (11), 90 (14), 94 (13), 95 (8), 100 (11), 101 (9), 102 (2), 103 (12), 105 (10), 106 (5), 108 (12), 110 (4), 117 (7), 118 (2), 119 (3), 120 (7), 121 (4), 126 (11), 129 (0), 130 (1), 134 (5), 137 (4), 138 (2), 141 (14), 142 (10), 150 (12), 153 (9), 158 (9), 159 (1), 
Finishing order: 2 (6001.35), 123 (6241.23), 4 (6721.11), 80 (6961.35), 1 (7200.15), 3 (7440.39), 122 (7440.51), 81 (7680.63), 6 (7680.75), 7 (7680.87), 82 (7680.87), 9 (7680.99), 85 (7680.99), 10 (7681.11), 88 (7681.11), 11 (7681.23), 157 (7681.23), 89 (7681.47), 83 (7681.59), 14 (7681.71), 15 (7681.83), 87 (7681.83), 17 (7681.95), 16 (7682.07), 155 (7682.07), 18 (7682.19), 91 (7682.19), 19 (7682.31), 156 (7682.31), 20 (7682.43), 21 (7682.55), 143 (7682.55), 22 (7682.67), 23 (7682.79), 152 (7682.79), 24 (7682.91), 25 (7683.03), 149 (7683.03), 26 (7683.15), 154 (7683.15), 27 (7683.27), 93 (7683.27), 29 (7683.39), 92 (7683.39), 30 (7683.63), 98 (7683.63), 31 (7683.75), 97 (7683.75), 33 (7683.87), 99 (7683.87), 32 (7683.99), 35 (7684.11), 34 (7684.23), 104 (7684.47), 38 (7684.59), 41 (7684.71), 43 (7684.83), 107 (7684.83), 40 (7684.95), 109 (7684.95), 44 (7685.07), 39 (7685.19), 115 (7685.31), 111 (7685.43), 45 (7685.55), 112 (7685.55), 42 (7685.67), 96 (7685.67), 113 (7685.91), 47 (7686.03), 116 (7686.03), 58 (7686.15), 124 (7686.15), 54 (7686.51), 127 (7686.51), 56 (7686.75), 125 (7686.75), 52 (7686.87), 57 (7686.99), 131 (7686.99), 128 (7687.11), 132 (7687.35), 55 (7687.47), 114 (7687.47), 62 (7687.71), 65 (7687.83), 133 (7687.83), 135 (7687.95), 70 (7688.07), 78 (7688.19), 64 (7688.43), 136 (7688.43), 75 (7688.55), 148 (7688.55), 145 (7688.67), 76 (7688.79), 144 (7688.79), 74 (7688.91), 139 (7688.91), 146 (7689.03), 151 (7689.15), 71 (7689.27), 140 (7689.27), 77 (7689.51), 147 (7689.51), 
Result: TEAM 0 WIN*
sult: TEAM 0 WIN*
