Mode: RANDOM
480.24 s > TEAM: 0 	F: 0 	 (4002) 	S: 2 	 (4001) 	T: 3 	 (4000) 	LAP 1
480.24 s > TEAM: 1 	F: 159 	 (4004) 	S: 80 	 (4001) 	T: 81 	 (4000) 	LAP 1
960.24 s > TEAM: 0 	F: 0 	 (8002) 	S: 2 	 (8001) 	T: 3 	 (8000) 	LAP 2
960.24 s > TEAM: 1 	F: 159 	 (12004) 	S: 80 	 (8002) 	T: 81 	 (8000) 	LAP 2
1200.24 s > TEAM: 1 	F: 159 	 (16004) 	S: 80 	 (12002) 	T: 81 	 (12000) 	LAP 3
1440.24 s > TEAM: 0 	F: 0 	 (12002) 	S: 2 	 (12001) 	T: 3 	 (12000) 	LAP 3
1680.24 s > TEAM: 1 	F: 159 	 (23999) 	S: 80 	 (18001) 	T: 81 	 (16000) 	LAP 4
1920.24 s > TEAM: 0 	F: 0 	 (16002) 	S: 2 	 (16001) 	T: 3 	 (16000) 	LAP 4
2160.24 s > TEAM: 1 	F: 159 	 (27999) 	S: 80 	 (22001) 	T: 81 	 (20000) 	LAP 5
2400.24 s > TEAM: 0 	F: 0 	 (20002) 	S: 2 	 (20001) 	T: 3 	 (20000) 	LAP 5
2640.24 s > TEAM: 1 	F: 159 	 (31999) 	S: 80 	 (26001) 	T: 81 	 (24000) 	LAP 6
2880.24 s > TEAM: 0 	F: 0 	 (24002) 	S: 2 	 (24001) 	T: 3 	 (24000) 	LAP 6
3120.24 s > TEAM: 1 	F: 159 	 (35999) 	S: 80 	 (30001) 	T: 81 	 (28000) 	LAP 7
3360.24 s > TEAM: 0 	F: 0 	 (28004) 	S: 2 	 (28002) 	T: 3 	 (28000) 	LAP 7
3600.24 s > TEAM: 1 	F: 159 	 (39999) 	S: 80 	 (34001) 	T: 81 	 (32000) 	LAP 8
3840.24 s > TEAM: 0 	F: 0 	 (35998) 	S: 2 	 (34001) 	T: 3 	 (32000) 	LAP 8
4080.24 s > TEAM: 1 	F: 159 	 (43999) 	S: 80 	 (38001) 	T: 81 	 (36000) 	LAP 9
4320.36 s > TEAM: 0 	F: 2 	 (39999) 	S: 0 	 (39998) 	T: 4 	 (36000) 	LAP 9
4560.24 s > TEAM: 1 	F: 159 	 (47999) 	S: 80 	 (42001) 	T: 81 	 (40000) 	LAP 10
4560.36 s > TEAM: 0 	F: 2 	 (41999) 	S: 0 	 (41998) 	T: 4 	 (40000) 	LAP 10
5040.24 s > TEAM: 1 	F: 159 	 (53999) 	S: 80 	 (46001) 	T: 81 	 (44000) 	LAP 11
5280.48 s > TEAM: 0 	F: 2 	 (50000) 	S: 0 	 (49999) 	T: 5 	 (44000) 	LAP 11
5520.24 s > TEAM: 1 	F: 159 	 (59998) 	S: 80 	 (50001) 	T: 81 	 (48000) 	LAP 12
5760.48 s > TEAM: 0 	F: 2 	 (56000) 	S: 0 	 (53999) 	T: 5 	 (48000) 	LAP 12
6000.24 s > TEAM: 1 	F: 159 	 (64000) 	S: 80 	 (56001) 	T: 81 	 (52000) 	LAP 13
6240.48 s > TEAM: 0 	F: 2 	 (61998) 	S: 0 	 (57999) 	T: 5 	 (52000) 	LAP 13
6480.24 s > TEAM: 1 	F: 159 	 (64000) 	S: 80 	 (60002) 	T: 81 	 (56000) 	LAP 14
6720.48 s > TEAM: 0 	F: 2 	 (64000) 	S: 0 	 (61999) 	T: 5 	 (56000) 	LAP 14
6720.72 s > TEAM: 1 	F: 80 	 (64000) 	S: 159 	 (64000) 	T: 81 	 (60000) 	LAP 15
7080.66 s > TEAM: 1 	F: 80 	 (64000) 	S: 81 	 (64000) 	T: 159 	 (64000) 	LAP 16
7200.48 s > TEAM: 0 	F: 0 	 (64000) 	S: 2 	 (64000) 	T: 5 	 (60000) 	LAP 15
7440.48 s > TEAM: 0 	F: 0 	 (64000) 	S: 2 	 (64000) 	T: 5 	 (64000) 	LAP 16
Broken Team 0: 1 (0), 3 (8), 4 (10), 6 (5), 7 (13), 9 (0), 12 (11), 13 (5), 16 (0), 21 (1), 23 (11), 24 (13), 27 (7), 30 (15), 34 (1), 39 (14), 43 (2), 45 (1), 46 (13), 49 (4), 50 (11), 52 (10), 54 (11), 55 (14), 62 (5), 67 (8), 69 (9), 70 (3), 73 (10), 79 (4), 
Broken Team 1: 85 (0), 87 (6), 89 (14), 91 (15), 92 (5), 93 (11), 94 (11), 96 (3), 105 (1), 107 (12), 108 (8), 110 (0), 112 (7), 113 (11), 120 (10), 124 (15), 130 (5), 133 (2), 135 (5), 141 (10), 142 (14), 143 (0), 147 (6), 148 (6), 152 (11), 153 (12), 154 (12), 
Finishing order: 159 (5760.75), 2 (6480.75), 80 (6720.75), 0 (6960.63), 81 (7080.69), 82 (7440.39), 5 (7440.51), 8 (7440.87), 83 (7680.51), 84 (7680.63), 86 (7680.87), 10 (7681.11), 88 (7681.11), 11 (7681.23), 90 (7681.35), 66 (7681.71), 14 (7681.83), 15 (7681.95), 95 (7681.95), 68 (7682.19), 99 (7682.19), 18 (7682.31), 98 (7682.31), 19 (7682.43), 103 (7682.43), 17 (7682.55), 20 (7682.67), 104 (7682.67), 22 (7682.79), 106 (7682.91), 97 (7683.03), 26 (7683.27), 109 (7683.39), 25 (7683.51), 28 (7683.63), 111 (7683.63), 29 (7683.75), 31 (7683.87), 114 (7683.87), 149 (7683.99), 33 (7684.23), 115 (7684.23), 32 (7684.35), 116 (7684.35), 35 (7684.47), 119 (7684.47), 117 (7684.59), 36 (7684.71), 118 (7684.71), 37 (7684.83), 125 (7684.83), 122 (7684.95), 38 (7685.07), 44 (7685.19), 139 (7685.19), 41 (7685.31), 121 (7685.31), 134 (7685.43), 42 (7685.55), 61 (7685.67), 140 (7685.67), 40 (7685.91), 129 (7685.91), 47 (7686.03), 150 (7686.03), 151 (7686.15), 48 (7686.27), 56 (7686.39), 60 (7686.51), 58 (7686.63), 155 (7686.63), 53 (7686.75), 57 (7686.87), 63 (7686.99), 146 (7686.99), 59 (7687.23), 156 (7687.23), 102 (7687.35), 65 (7687.47), 100 (7687.47), 71 (7687.71), 101 (7687.71), 123 (7687.83), 72 (7687.95), 127 (7687.95), 128 (7688.07), 75 (7688.19), 138 (7688.19), 74 (7688.31), 126 (7688.31), 78 (7688.43), 132 (7688.43), 76 (7688.55), 64 (7688.67), 77 (7688.79), 157 (7688.79), 144 (7688.91), 145 (7689.03), 158 (7689.15), 137 (7689.27), 51 (7689.39), 131 (7689.39), 136 (7689.51), 
Result: TEAM 1 WIN*
5), 156 (7689.15), 39 (7689.27), 26 (7689.39), 109 (7689.39), 64 (7689.51), 
Result: TEAM 0 WIN*
