Mode: RANDOM
480.24 s > TEAM: 0 	F: 2 	 (4002) 	S: 0 	 (4001) 	T: 1 	 (4000) 	LAP 1
480.24 s > TEAM: 1 	F: 159 	 (4002) 	S: 80 	 (4001) 	T: 81 	 (4000) 	LAP 1
960.24 s > TEAM: 0 	F: 2 	 (8004) 	S: 0 	 (8002) 	T: 1 	 (8000) 	LAP 2
960.24 s > TEAM: 1 	F: 159 	 (8004) 	S: 80 	 (8001) 	T: 81 	 (8000) 	LAP 2
1200.24 s > TEAM: 0 	F: 0 	 (12002) 	S: 2 	 (12002) 	T: 1 	 (12000) 	LAP 3
1440.24 s > TEAM: 1 	F: 159 	 (15998) 	S: 80 	 (12001) 	T: 81 	 (12000) 	LAP 3
1680.00 s > TEAM: 0 	F: 0 	 (17999) 	S: 1 	 (17998) 	T: 2 	 (16000) 	LAP 4
1920.24 s > TEAM: 1 	F: 159 	 (19998) 	S: 80 	 (16001) 	T: 81 	 (16000) 	LAP 4
2160.00 s > TEAM: 0 	F: 1 	 (23995) 	S: 0 	 (23994) 	T: 2 	 (20000) 	LAP 5
2400.36 s > TEAM: 1 	F: 159 	 (23999) 	S: 80 	 (20002) 	T: 82 	 (20000) 	LAP 5
2640.00 s > TEAM: 0 	F: 1 	 (27995) 	S: 0 	 (27994) 	T: 2 	 (24000) 	LAP 6
2880.36 s > TEAM: 1 	F: 159 	 (27998) 	S: 80 	 (24002) 	T: 82 	 (24000) 	LAP 6
3120.00 s > TEAM: 0 	F: 1 	 (31996) 	S: 0 	 (31994) 	T: 2 	 (28000) 	LAP 7
3360.36 s > TEAM: 1 	F: 159 	 (31998) 	S: 80 	 (28002) 	T: 82 	 (28000) 	LAP 7
3600.00 s > TEAM: 0 	F: 1 	 (35995) 	S: 0 	 (35994) 	T: 2 	 (32000) 	LAP 8
3840.36 s > TEAM: 1 	F: 159 	 (35999) 	S: 80 	 (32004) 	T: 82 	 (32000) 	LAP 8
4080.00 s > TEAM: 0 	F: 1 	 (39995) 	S: 0 	 (39994) 	T: 2 	 (36000) 	LAP 9
4320.36 s > TEAM: 1 	F: 159 	 (39999) 	S: 80 	 (38002) 	T: 82 	 (36000) 	LAP 9
4560.00 s > TEAM: 0 	F: 1 	 (43995) 	S: 0 	 (43994) 	T: 2 	 (40000) 	LAP 10
4800.36 s > TEAM: 1 	F: 80 	 (43998) 	S: 159 	 (43997) 	T: 82 	 (40000) 	LAP 10
5040.00 s > TEAM: 0 	F: 0 	 (48996) 	S: 1 	 (47994) 	T: 2 	 (44000) 	LAP 11
5040.36 s > TEAM: 1 	F: 80 	 (47998) 	S: 159 	 (45998) 	T: 82 	 (44000) 	LAP 11
5520.00 s > TEAM: 0 	F: 1 	 (51994) 	S: 0 	 (50832) 	T: 2 	 (48000) 	LAP 12
5520.36 s > TEAM: 1 	F: 80 	 (51999) 	S: 159 	 (49998) 	T: 82 	 (48000) 	LAP 12
5760.84 s > TEAM: 1 	F: 80 	 (55999) 	S: 159 	 (52005) 	T: 157 	 (52000) 	LAP 13
6000.36 s > TEAM: 0 	F: 1 	 (55997) 	S: 2 	 (52003) 	T: 3 	 (52000) 	LAP 13
6120.78 s > TEAM: 1 	F: 80 	 (58998) 	S: 159 	 (58004) 	T: 157 	 (56000) 	LAP 14
6480.36 s > TEAM: 0 	F: 1 	 (61997) 	S: 2 	 (56003) 	T: 3 	 (56000) 	LAP 14
6600.78 s > TEAM: 1 	F: 159 	 (64000) 	S: 80 	 (62998) 	T: 157 	 (60000) 	LAP 15
6960.36 s > TEAM: 0 	F: 1 	 (64000) 	S: 2 	 (60003) 	T: 3 	 (60000) 	LAP 15
7080.78 s > TEAM: 1 	F: 80 	 (64000) 	S: 157 	 (64000) 	T: 159 	 (64000) 	LAP 16
7440.36 s > TEAM: 0 	F: 1 	 (64000) 	S: 2 	 (64000) 	T: 3 	 (64000) 	LAP 16
Broken Team 0: 0 (12), 6 (14), 9 (3), 11 (3), 13 (1), 15 (5), 16 (1), 19 (4), 21 (4), 27 (13), 30 (4), 31 (3), 33 (11), 37 (9), 38 (8), 39 (10), 40 (10), 44 (12), 46 (9), 47 (10), 54 (5), 55 (8), 60 (5), 61 (0), 65 (14), 67 (4), 69 (7), 70 (2), 72 (3), 78 (4), 
Broken Team 1: 81 (4), 86 (7), 87 (9), 91 (15), 93 (8), 94 (10), 107 (2), 112 (4), 119 (4), 121 (8), 123 (1), 124 (8), 132 (13), 138 (14), 147 (8), 150 (15), 154 (1), 
Finishing order: 159 (6480.57), 1 (6720.75), 80 (6720.99), 157 (7080.81), 2 (7440.03), 3 (7440.39), 82 (7440.39), 4 (7680.51), 5 (7680.63), 83 (7680.63), 84 (7680.75), 85 (7680.87), 7 (7680.99), 8 (7681.11), 88 (7681.23), 10 (7681.35), 90 (7681.35), 89 (7681.47), 12 (7681.59), 92 (7681.71), 14 (7681.83), 95 (7682.07), 17 (7682.19), 96 (7682.19), 18 (7682.31), 97 (7682.31), 98 (7682.43), 20 (7682.55), 99 (7682.55), 100 (7682.67), 22 (7682.79), 101 (7682.79), 23 (7682.91), 102 (7682.91), 24 (7683.03), 103 (7683.03), 66 (7683.15), 104 (7683.15), 25 (7683.27), 105 (7683.27), 26 (7683.39), 106 (7683.39), 28 (7683.63), 108 (7683.63), 29 (7683.75), 109 (7683.75), 110 (7683.87), 32 (7683.99), 111 (7683.99), 113 (7684.23), 34 (7684.35), 114 (7684.35), 35 (7684.47), 115 (7684.47), 116 (7684.59), 117 (7684.71), 41 (7684.83), 118 (7684.83), 120 (7684.95), 36 (7685.07), 42 (7685.19), 125 (7685.43), 43 (7685.67), 127 (7685.67), 45 (7685.79), 122 (7685.79), 126 (7685.91), 128 (7686.03), 129 (7686.15), 48 (7686.27), 130 (7686.27), 131 (7686.39), 56 (7686.51), 50 (7686.63), 133 (7686.63), 57 (7686.75), 134 (7686.75), 59 (7686.87), 135 (7686.87), 136 (7686.99), 52 (7687.11), 137 (7687.11), 139 (7687.23), 62 (7687.35), 141 (7687.35), 64 (7687.47), 68 (7687.59), 142 (7687.59), 143 (7687.71), 140 (7687.83), 71 (7687.95), 144 (7687.95), 145 (7688.07), 73 (7688.19), 146 (7688.19), 53 (7688.31), 149 (7688.31), 74 (7688.43), 75 (7688.55), 148 (7688.55), 76 (7688.67), 77 (7688.79), 152 (7688.79), 63 (7688.91), 153 (7688.91), 79 (7689.15), 155 (7689.15), 49 (7689.27), 151 (7689.27), 58 (7689.39), 156 (7689.39), 51 (7689.51), 158 (7689.51), 
Result: TEAM 0 WIN*
