Mode: RANDOM
480.24 s > TEAM: 0 	F: 1 	 (4004) 	S: 2 	 (4002) 	T: 3 	 (4000) 	LAP 1
480.24 s > TEAM: 1 	F: 159 	 (4002) 	S: 80 	 (4001) 	T: 81 	 (4000) 	LAP 1
720.24 s > TEAM: 0 	F: 1 	 (8002) 	S: 2 	 (8001) 	T: 3 	 (8000) 	LAP 2
960.24 s > TEAM: 1 	F: 159 	 (8004) 	S: 80 	 (8002) 	T: 81 	 (8000) 	LAP 2
1200.12 s > TEAM: 0 	F: 3 	 (12999) 	S: 1 	 (12001) 	T: 2 	 (12000) 	LAP 3
1440.24 s > TEAM: 1 	F: 159 	 (15997) 	S: 80 	 (14001) 	T: 81 	 (12000) 	LAP 3
1680.12 s > TEAM: 0 	F: 3 	 (16999) 	S: 1 	 (16001) 	T: 2 	 (16000) 	LAP 4
1920.24 s > TEAM: 1 	F: 159 	 (19997) 	S: 80 	 (18001) 	T: 81 	 (16000) 	LAP 4
2160.12 s > TEAM: 0 	F: 3 	 (21999) 	S: 1 	 (20002) 	T: 2 	 (20000) 	LAP 5
2400.12 s > TEAM: 0 	F: 3 	 (24999) 	S: 1 	 (24001) 	T: 2 	 (24000) 	LAP 6
2400.24 s > TEAM: 1 	F: 159 	 (23997) 	S: 80 	 (22001) 	T: 81 	 (20000) 	LAP 5
2880.00 s > TEAM: 0 	F: 5 	 (29994) 	S: 3 	 (28998) 	T: 1 	 (28000) 	LAP 7
2880.24 s > TEAM: 1 	F: 159 	 (27997) 	S: 80 	 (26001) 	T: 81 	 (24000) 	LAP 6
3360.00 s > TEAM: 0 	F: 5 	 (33994) 	S: 3 	 (32998) 	T: 1 	 (32000) 	LAP 8
3360.24 s > TEAM: 1 	F: 159 	 (31997) 	S: 80 	 (30001) 	T: 81 	 (28000) 	LAP 7
3840.00 s > TEAM: 0 	F: 5 	 (37994) 	S: 3 	 (36998) 	T: 1 	 (36000) 	LAP 9
3840.24 s > TEAM: 1 	F: 159 	 (35997) 	S: 80 	 (34001) 	T: 81 	 (32000) 	LAP 8
4320.00 s > TEAM: 0 	F: 5 	 (43988) 	S: 3 	 (40998) 	T: 1 	 (40000) 	LAP 10
4320.24 s > TEAM: 1 	F: 159 	 (41997) 	S: 80 	 (38001) 	T: 81 	 (36000) 	LAP 9
4800.00 s > TEAM: 0 	F: 5 	 (47994) 	S: 3 	 (44998) 	T: 1 	 (44000) 	LAP 11
4800.24 s > TEAM: 1 	F: 159 	 (45997) 	S: 80 	 (42001) 	T: 81 	 (40000) 	LAP 10
5280.00 s > TEAM: 0 	F: 5 	 (51994) 	S: 3 	 (48998) 	T: 1 	 (48000) 	LAP 12
5280.24 s > TEAM: 1 	F: 159 	 (51994) 	S: 80 	 (46001) 	T: 81 	 (44000) 	LAP 11
5760.00 s > TEAM: 0 	F: 5 	 (57994) 	S: 3 	 (52998) 	T: 1 	 (52000) 	LAP 13
5760.24 s > TEAM: 1 	F: 159 	 (55997) 	S: 80 	 (50001) 	T: 81 	 (48000) 	LAP 12
6240.00 s > TEAM: 0 	F: 5 	 (61994) 	S: 3 	 (56998) 	T: 1 	 (56000) 	LAP 14
6240.24 s > TEAM: 1 	F: 159 	 (59997) 	S: 80 	 (54001) 	T: 81 	 (52000) 	LAP 13
6720.00 s > TEAM: 0 	F: 5 	 (64000) 	S: 3 	 (61994) 	T: 1 	 (60000) 	LAP 15
6720.24 s > TEAM: 1 	F: 159 	 (63997) 	S: 80 	 (58001) 	T: 81 	 (56000) 	LAP 14
6960.00 s > TEAM: 0 	F: 1 	 (64000) 	S: 3 	 (64000) 	T: 5 	 (64000) 	LAP 16
7200.24 s > TEAM: 1 	F: 80 	 (64000) 	S: 159 	 (64000) 	T: 81 	 (60000) 	LAP 15
7440.24 s > TEAM: 1 	F: 80 	 (64000) 	S: 81 	 (64000) 	T: 159 	 (64000) 	LAP 16
Broken Team 0: 0 (2), 2 (6), 4 (0), 7 (14), 8 (3), 12 (11), 13 (4), 15 (10), 19 (8), 20 (12), 22 (12), 26 (4), 28 (2), 29 (8), 30 (15), 36 (7), 37 (2), 44 (6), 48 (10), 52 (13), 56 (15), 57 (0), 59 (0), 62 (13), 63 (15), 65 (3), 70 (4), 71 (3), 74 (7), 77 (0), 78 (0), 79 (8), 
Broken Team 1: 88 (2), 92 (8), 95 (3), 97 (9), 101 (14), 104 (4), 108 (14), 110 (14), 114 (0), 116 (0), 118 (7), 129 (11), 135 (9), 139 (2), 140 (12), 141 (6), 145 (12), 150 (0), 151 (2), 153 (5), 
Finishing order: 5 (6480.75), 159 (6720.63), 3 (6840.69), 1 (6960.03), 80 (7200.15), 6 (7200.63), 81 (7440.27), 9 (7440.99), 82 (7680.39), 158 (7680.51), 83 (7680.63), 84 (7680.75), 86 (7680.87), 85 (7680.99), 10 (7681.11), 87 (7681.11), 11 (7681.23), 89 (7681.35), 91 (7681.47), 14 (7681.59), 90 (7681.59), 16 (7681.83), 93 (7681.83), 17 (7681.95), 94 (7681.95), 18 (7682.07), 96 (7682.31), 21 (7682.43), 157 (7682.43), 155 (7682.55), 98 (7682.67), 23 (7682.79), 156 (7682.79), 24 (7682.91), 154 (7682.91), 25 (7683.03), 99 (7683.03), 100 (7683.15), 27 (7683.27), 102 (7683.39), 103 (7683.63), 31 (7683.75), 32 (7683.87), 105 (7683.87), 33 (7683.99), 106 (7683.99), 35 (7684.11), 34 (7684.23), 107 (7684.23), 152 (7684.35), 38 (7684.59), 109 (7684.59), 39 (7684.71), 40 (7684.83), 112 (7684.83), 42 (7684.95), 111 (7684.95), 43 (7685.07), 113 (7685.07), 41 (7685.19), 115 (7685.31), 45 (7685.43), 117 (7685.43), 46 (7685.67), 47 (7685.79), 119 (7685.79), 49 (7685.91), 123 (7685.91), 51 (7686.03), 120 (7686.03), 50 (7686.15), 149 (7686.15), 54 (7686.27), 121 (7686.27), 53 (7686.39), 122 (7686.39), 125 (7686.51), 124 (7686.63), 127 (7686.75), 55 (7686.87), 126 (7686.87), 58 (7686.99), 128 (7686.99), 130 (7687.23), 61 (7687.35), 131 (7687.35), 60 (7687.47), 132 (7687.47), 134 (7687.59), 133 (7687.71), 64 (7687.83), 137 (7687.83), 66 (7687.95), 67 (7688.07), 136 (7688.07), 68 (7688.19), 138 (7688.19), 69 (7688.31), 72 (7688.43), 73 (7688.55), 142 (7688.67), 143 (7688.79), 144 (7688.91), 76 (7689.03), 75 (7689.15), 147 (7689.15), 146 (7689.27), 148 (7689.39), 
Result: TEAM 0 WIN*
