Mode: RANDOM
480.24 s > TEAM: 0 	F: 2 	 (4004) 	S: 1 	 (4001) 	T: 3 	 (4000) 	LAP 1
480.24 s > TEAM: 1 	F: 159 	 (4004) 	S: 80 	 (4001) 	T: 81 	 (4000) 	LAP 1
960.24 s > TEAM: 0 	F: 2 	 (10002) 	S: 1 	 (8001) 	T: 3 	 (8000) 	LAP 2
960.24 s > TEAM: 1 	F: 159 	 (12002) 	S: 80 	 (8001) 	T: 81 	 (8000) 	LAP 2
1440.24 s > TEAM: 0 	F: 2 	 (14002) 	S: 1 	 (12001) 	T: 3 	 (12000) 	LAP 3
1440.24 s > TEAM: 1 	F: 159 	 (16002) 	S: 80 	 (12001) 	T: 81 	 (12000) 	LAP 3
1920.24 s > TEAM: 0 	F: 2 	 (18002) 	S: 1 	 (16001) 	T: 3 	 (16000) 	LAP 4
1920.24 s > TEAM: 1 	F: 159 	 (20002) 	S: 80 	 (16001) 	T: 81 	 (16000) 	LAP 4
2400.24 s > TEAM: 0 	F: 2 	 (24002) 	S: 1 	 (20001) 	T: 3 	 (20000) 	LAP 5
2400.24 s > TEAM: 1 	F: 159 	 (24002) 	S: 80 	 (20001) 	T: 81 	 (20000) 	LAP 5
2880.24 s > TEAM: 0 	F: 2 	 (28002) 	S: 1 	 (24001) 	T: 3 	 (24000) 	LAP 6
2880.24 s > TEAM: 1 	F: 159 	 (28002) 	S: 80 	 (24001) 	T: 81 	 (24000) 	LAP 6
3360.24 s > TEAM: 0 	F: 2 	 (32002) 	S: 1 	 (28001) 	T: 3 	 (28000) 	LAP 7
3360.24 s > TEAM: 1 	F: 159 	 (32002) 	S: 80 	 (28001) 	T: 81 	 (28000) 	LAP 7
3840.24 s > TEAM: 0 	F: 2 	 (36004) 	S: 1 	 (32001) 	T: 3 	 (32000) 	LAP 8
3840.24 s > TEAM: 1 	F: 159 	 (36002) 	S: 80 	 (32001) 	T: 81 	 (32000) 	LAP 8
4320.24 s > TEAM: 0 	F: 2 	 (42002) 	S: 1 	 (36001) 	T: 3 	 (36000) 	LAP 9
4320.24 s > TEAM: 1 	F: 159 	 (40004) 	S: 80 	 (36002) 	T: 81 	 (36000) 	LAP 9
4800.24 s > TEAM: 0 	F: 2 	 (46002) 	S: 1 	 (40001) 	T: 3 	 (40000) 	LAP 10
4800.24 s > TEAM: 1 	F: 159 	 (46002) 	S: 80 	 (44002) 	T: 81 	 (40000) 	LAP 10
5280.24 s > TEAM: 0 	F: 2 	 (50002) 	S: 1 	 (44001) 	T: 3 	 (44000) 	LAP 11
5280.24 s > TEAM: 1 	F: 159 	 (50002) 	S: 80 	 (50001) 	T: 81 	 (44000) 	LAP 11
5760.24 s > TEAM: 0 	F: 2 	 (54002) 	S: 1 	 (48001) 	T: 3 	 (48000) 	LAP 12
5760.24 s > TEAM: 1 	F: 159 	 (54002) 	S: 80 	 (54001) 	T: 81 	 (48000) 	LAP 12
6240.24 s > TEAM: 0 	F: 2 	 (58002) 	S: 1 	 (52001) 	T: 3 	 (52000) 	LAP 13
6240.24 s > TEAM: 1 	F: 159 	 (58002) 	S: 80 	 (58001) 	T: 81 	 (52000) 	LAP 13
6720.24 s > TEAM: 0 	F: 2 	 (64000) 	S: 1 	 (56002) 	T: 3 	 (56000) 	LAP 14
6720.24 s > TEAM: 1 	F: 159 	 (62347) 	S: 80 	 (62001) 	T: 81 	 (56000) 	LAP 14
7200.24 s > TEAM: 0 	F: 2 	 (64000) 	S: 1 	 (62001) 	T: 3 	 (60000) 	LAP 15
7200.24 s > TEAM: 1 	F: 80 	 (64000) 	S: 159 	 (62347) 	T: 81 	 (60000) 	LAP 15
7680.24 s > TEAM: 0 	F: 1 	 (64000) 	S: 2 	 (64000) 	T: 3 	 (64000) 	LAP 16
7680.48 s > TEAM: 1 	F: 80 	 (64000) 	S: 81 	 (64000) 	T: 83 	 (64000) 	LAP 16
Broken Team 0: 4 (8), 5 (4), 6 (6), 7 (6), 9 (13), 10 (3), 12 (4), 17 (11), 18 (0), 22 (7), 25 (9), 37 (7), 42 (7), 44 (10), 47 (15), 56 (6), 58 (8), 59 (14), 60 (5), 64 (13), 66 (0), 70 (12), 71 (7), 73 (14), 74 (3), 76 (1), 77 (13), 79 (3), 
Broken Team 1: 82 (3), 88 (12), 90 (10), 92 (5), 93 (4), 94 (3), 96 (3), 99 (0), 100 (3), 103 (10), 106 (8), 110 (8), 112 (4), 115 (9), 117 (13), 120 (0), 123 (7), 126 (9), 127 (2), 128 (15), 130 (11), 131 (1), 139 (1), 140 (8), 142 (1), 148 (1), 149 (3), 155 (13), 158 (1), 159 (15), 
Finishing order: 2 (6720.21), 80 (6960.15), 1 (7440.15), 3 (7680.27), 81 (7680.27), 83 (7680.51), 84 (7680.63), 85 (7680.75), 8 (7680.87), 86 (7680.87), 87 (7680.99), 89 (7681.11), 11 (7681.23), 13 (7681.47), 91 (7681.47), 15 (7681.59), 14 (7681.71), 16 (7681.83), 95 (7681.95), 19 (7682.19), 97 (7682.19), 20 (7682.31), 98 (7682.31), 21 (7682.43), 23 (7682.67), 101 (7682.67), 24 (7682.79), 102 (7682.79), 26 (7683.03), 104 (7683.03), 27 (7683.15), 105 (7683.15), 28 (7683.27), 29 (7683.39), 107 (7683.39), 30 (7683.51), 108 (7683.51), 31 (7683.63), 109 (7683.63), 32 (7683.75), 33 (7683.87), 111 (7683.87), 34 (7683.99), 45 (7684.11), 113 (7684.11), 0 (7684.23), 114 (7684.23), 36 (7684.35), 35 (7684.47), 116 (7684.47), 49 (7684.59), 118 (7684.71), 39 (7684.83), 119 (7684.83), 40 (7684.95), 38 (7685.07), 121 (7685.07), 41 (7685.19), 122 (7685.19), 43 (7685.43), 124 (7685.43), 50 (7685.55), 125 (7685.55), 51 (7685.67), 52 (7685.79), 53 (7685.91), 54 (7686.03), 129 (7686.03), 55 (7686.15), 57 (7686.39), 132 (7686.39), 133 (7686.51), 134 (7686.63), 135 (7686.75), 61 (7686.87), 136 (7686.87), 62 (7686.99), 137 (7686.99), 138 (7687.11), 48 (7687.23), 63 (7687.35), 65 (7687.47), 141 (7687.47), 143 (7687.71), 67 (7687.83), 144 (7687.83), 68 (7687.95), 145 (7687.95), 146 (7688.07), 69 (7688.19), 147 (7688.19), 72 (7688.43), 150 (7688.55), 152 (7688.67), 75 (7688.79), 151 (7688.79), 153 (7688.91), 78 (7689.03), 154 (7689.03), 156 (7689.27), 46 (7689.39), 157 (7689.51), 
Result: TEAM 0 WIN
