Mode: RANDOM
480.24 s > TEAM: 0 	F: 2 	 (4002) 	S: 0 	 (4001) 	T: 1 	 (4000) 	LAP 1
480.24 s > TEAM: 1 	F: 159 	 (4004) 	S: 80 	 (4002) 	T: 81 	 (4000) 	LAP 1
960.24 s > TEAM: 0 	F: 2 	 (8004) 	S: 0 	 (8002) 	T: 1 	 (8000) 	LAP 2
960.24 s > TEAM: 1 	F: 159 	 (12004) 	S: 80 	 (12001) 	T: 81 	 (8000) 	LAP 2
1200.24 s > TEAM: 0 	F: 0 	 (12002) 	S: 2 	 (12002) 	T: 1 	 (12000) 	LAP 3
1440.24 s > TEAM: 1 	F: 159 	 (19997) 	S: 80 	 (16001) 	T: 81 	 (12000) 	LAP 3
1680.24 s > TEAM: 0 	F: 0 	 (19997) 	S: 2 	 (16002) 	T: 1 	 (16000) 	LAP 4
1920.24 s > TEAM: 1 	F: 159 	 (23997) 	S: 80 	 (20001) 	T: 81 	 (16000) 	LAP 4
2160.24 s > TEAM: 0 	F: 0 	 (23997) 	S: 2 	 (20002) 	T: 1 	 (20000) 	LAP 5
2400.24 s > TEAM: 1 	F: 159 	 (27997) 	S: 80 	 (24002) 	T: 81 	 (20000) 	LAP 5
2640.24 s > TEAM: 0 	F: 0 	 (27997) 	S: 2 	 (24002) 	T: 1 	 (24000) 	LAP 6
2640.24 s > TEAM: 1 	F: 159 	 (29997) 	S: 80 	 (28002) 	T: 81 	 (24000) 	LAP 6
2880.84 s > TEAM: 1 	F: 159 	 (32002) 	S: 80 	 (32002) 	T: 82 	 (28000) 	LAP 7
3120.24 s > TEAM: 0 	F: 0 	 (31995) 	S: 2 	 (28002) 	T: 1 	 (28000) 	LAP 7
3360.60 s > TEAM: 1 	F: 159 	 (36001) 	S: 80 	 (36000) 	T: 82 	 (32000) 	LAP 8
3600.24 s > TEAM: 0 	F: 0 	 (35996) 	S: 2 	 (32002) 	T: 1 	 (32000) 	LAP 8
3840.60 s > TEAM: 1 	F: 159 	 (42000) 	S: 80 	 (40000) 	T: 82 	 (36000) 	LAP 9
4080.24 s > TEAM: 0 	F: 0 	 (39996) 	S: 2 	 (36002) 	T: 1 	 (36000) 	LAP 9
4320.60 s > TEAM: 1 	F: 159 	 (47998) 	S: 80 	 (44000) 	T: 82 	 (40000) 	LAP 10
4560.24 s > TEAM: 0 	F: 0 	 (43996) 	S: 2 	 (40002) 	T: 1 	 (40000) 	LAP 10
4560.66 s > TEAM: 1 	F: 159 	 (49998) 	S: 80 	 (48001) 	T: 82 	 (44000) 	LAP 11
5040.24 s > TEAM: 0 	F: 0 	 (49994) 	S: 2 	 (44002) 	T: 1 	 (44000) 	LAP 11
5040.66 s > TEAM: 1 	F: 80 	 (55999) 	S: 159 	 (55998) 	T: 82 	 (48000) 	LAP 12
5280.66 s > TEAM: 1 	F: 80 	 (59999) 	S: 159 	 (57999) 	T: 82 	 (52000) 	LAP 13
5520.24 s > TEAM: 0 	F: 0 	 (53995) 	S: 2 	 (48002) 	T: 1 	 (48000) 	LAP 12
5520.84 s > TEAM: 1 	F: 80 	 (62001) 	S: 159 	 (60000) 	T: 82 	 (56000) 	LAP 14
6000.24 s > TEAM: 0 	F: 0 	 (57994) 	S: 2 	 (52002) 	T: 1 	 (52000) 	LAP 13
6001.02 s > TEAM: 1 	F: 80 	 (64000) 	S: 159 	 (63662) 	T: 82 	 (60000) 	LAP 15
6480.24 s > TEAM: 0 	F: 0 	 (63989) 	S: 2 	 (56004) 	T: 1 	 (56000) 	LAP 14
6960.24 s > TEAM: 0 	F: 0 	 (64000) 	S: 2 	 (61995) 	T: 1 	 (60000) 	LAP 15
7200.24 s > TEAM: 0 	F: 0 	 (64000) 	S: 1 	 (64000) 	T: 2 	 (64000) 	LAP 16
7440.96 s > TEAM: 1 	F: 80 	 (64000) 	S: 82 	 (64000) 	T: 86 	 (64000) 	LAP 16
Broken Team 0: 3 (0), 4 (15), 5 (13), 7 (11), 9 (0), 10 (2), 11 (2), 13 (7), 16 (10), 17 (12), 19 (14), 22 (13), 25 (15), 31 (12), 32 (3), 33 (6), 35 (1), 43 (4), 44 (7), 46 (7), 52 (4), 55 (7), 56 (15), 59 (10), 60 (4), 61 (13), 63 (8), 67 (10), 72 (4), 79 (14), 
Broken Team 1: 81 (8), 83 (3), 84 (15), 85 (1), 100 (4), 107 (7), 108 (1), 109 (12), 114 (0), 120 (11), 121 (8), 123 (10), 127 (6), 130 (0), 137 (3), 139 (11), 142 (2), 143 (12), 151 (13), 156 (3), 158 (4), 159 (15), 
Finishing order: 80 (5760.75), 82 (6360.99), 0 (6480.93), 2 (7080.81), 1 (7200.27), 86 (7440.99), 87 (7441.11), 6 (7680.75), 8 (7680.99), 90 (7681.23), 12 (7681.35), 89 (7681.35), 157 (7681.47), 88 (7681.59), 15 (7681.71), 92 (7681.71), 93 (7681.83), 14 (7681.95), 91 (7681.95), 94 (7682.07), 95 (7682.19), 18 (7682.31), 96 (7682.31), 20 (7682.43), 97 (7682.43), 21 (7682.55), 99 (7682.55), 98 (7682.67), 153 (7682.79), 23 (7682.91), 24 (7683.03), 152 (7683.03), 27 (7683.15), 101 (7683.15), 26 (7683.27), 28 (7683.39), 103 (7683.39), 29 (7683.51), 102 (7683.51), 30 (7683.63), 105 (7683.63), 104 (7683.87), 34 (7684.23), 106 (7684.23), 36 (7684.35), 38 (7684.47), 110 (7684.47), 37 (7684.59), 39 (7684.71), 111 (7684.71), 41 (7684.83), 113 (7684.83), 40 (7684.95), 112 (7684.95), 42 (7685.07), 117 (7685.07), 115 (7685.19), 119 (7685.31), 155 (7685.43), 45 (7685.55), 150 (7685.55), 47 (7685.67), 118 (7685.67), 48 (7685.79), 154 (7685.79), 49 (7685.91), 116 (7685.91), 51 (7686.03), 122 (7686.03), 50 (7686.27), 124 (7686.27), 53 (7686.39), 125 (7686.63), 54 (7686.75), 126 (7686.75), 58 (7686.87), 128 (7687.11), 129 (7687.23), 57 (7687.35), 133 (7687.35), 62 (7687.47), 131 (7687.47), 149 (7687.59), 65 (7687.71), 132 (7687.71), 66 (7687.83), 134 (7687.83), 64 (7687.95), 135 (7687.95), 68 (7688.07), 136 (7688.19), 69 (7688.31), 138 (7688.31), 140 (7688.43), 73 (7688.55), 70 (7688.67), 141 (7688.67), 71 (7688.79), 146 (7688.79), 77 (7688.91), 75 (7689.03), 144 (7689.03), 74 (7689.15), 76 (7689.27), 145 (7689.27), 78 (7689.39), 147 (7689.39), 148 (7689.51), 
Result: TEAM 1 WIN*
