Mode: RANDOM
480.24 s > TEAM: 0 	F: 0 	 (4002) 	S: 1 	 (4001) 	T: 3 	 (4000) 	LAP 1
480.24 s > TEAM: 1 	F: 159 	 (4004) 	S: 80 	 (4001) 	T: 158 	 (4000) 	LAP 1
960.24 s > TEAM: 0 	F: 0 	 (8004) 	S: 1 	 (8001) 	T: 3 	 (8000) 	LAP 2
960.24 s > TEAM: 1 	F: 159 	 (12004) 	S: 80 	 (8002) 	T: 158 	 (8000) 	LAP 2
1200.24 s > TEAM: 1 	F: 159 	 (16002) 	S: 80 	 (12001) 	T: 158 	 (12000) 	LAP 3
1440.24 s > TEAM: 0 	F: 0 	 (13521) 	S: 1 	 (12001) 	T: 3 	 (12000) 	LAP 3
1680.24 s > TEAM: 1 	F: 159 	 (20002) 	S: 80 	 (16001) 	T: 158 	 (16000) 	LAP 4
1920.36 s > TEAM: 0 	F: 1 	 (16002) 	S: 3 	 (16001) 	T: 5 	 (16000) 	LAP 4
2160.24 s > TEAM: 1 	F: 159 	 (24004) 	S: 80 	 (20001) 	T: 158 	 (20000) 	LAP 5
2400.48 s > TEAM: 0 	F: 1 	 (20006) 	S: 3 	 (20004) 	T: 6 	 (20000) 	LAP 5
2640.24 s > TEAM: 1 	F: 159 	 (32004) 	S: 80 	 (24002) 	T: 158 	 (24000) 	LAP 6
2640.48 s > TEAM: 0 	F: 1 	 (24003) 	S: 3 	 (24002) 	T: 6 	 (24000) 	LAP 6
2880.24 s > TEAM: 1 	F: 159 	 (36004) 	S: 80 	 (28001) 	T: 158 	 (28000) 	LAP 7
3120.12 s > TEAM: 0 	F: 6 	 (31994) 	S: 4 	 (29996) 	T: 1 	 (28000) 	LAP 7
3360.36 s > TEAM: 1 	F: 159 	 (44000) 	S: 158 	 (32001) 	T: 155 	 (32000) 	LAP 8
3600.12 s > TEAM: 0 	F: 6 	 (35997) 	S: 4 	 (35992) 	T: 1 	 (32000) 	LAP 8
3840.36 s > TEAM: 1 	F: 159 	 (48000) 	S: 158 	 (36001) 	T: 155 	 (36000) 	LAP 9
4080.24 s > TEAM: 0 	F: 6 	 (39998) 	S: 4 	 (39997) 	T: 3 	 (36000) 	LAP 9
4320.36 s > TEAM: 1 	F: 159 	 (52000) 	S: 158 	 (40001) 	T: 155 	 (40000) 	LAP 10
4560.24 s > TEAM: 0 	F: 4 	 (43997) 	S: 6 	 (43996) 	T: 3 	 (40000) 	LAP 10
4800.36 s > TEAM: 1 	F: 159 	 (56001) 	S: 158 	 (44002) 	T: 155 	 (44000) 	LAP 11
5040.24 s > TEAM: 0 	F: 4 	 (47997) 	S: 6 	 (47996) 	T: 3 	 (44000) 	LAP 11
5040.36 s > TEAM: 1 	F: 159 	 (60001) 	S: 158 	 (48001) 	T: 155 	 (48000) 	LAP 12
5520.24 s > TEAM: 0 	F: 4 	 (53997) 	S: 6 	 (51996) 	T: 3 	 (48000) 	LAP 12
5520.36 s > TEAM: 1 	F: 159 	 (64000) 	S: 158 	 (52002) 	T: 155 	 (52000) 	LAP 13
6000.24 s > TEAM: 0 	F: 4 	 (57997) 	S: 6 	 (55996) 	T: 3 	 (52000) 	LAP 13
6000.36 s > TEAM: 1 	F: 159 	 (64000) 	S: 158 	 (57995) 	T: 155 	 (56000) 	LAP 14
6480.24 s > TEAM: 0 	F: 4 	 (61997) 	S: 6 	 (59996) 	T: 3 	 (56000) 	LAP 14
6480.36 s > TEAM: 1 	F: 159 	 (64000) 	S: 158 	 (61995) 	T: 155 	 (60000) 	LAP 15
6960.24 s > TEAM: 0 	F: 4 	 (64000) 	S: 6 	 (63996) 	T: 3 	 (60000) 	LAP 15
6960.36 s > TEAM: 1 	F: 155 	 (64000) 	S: 158 	 (64000) 	T: 159 	 (64000) 	LAP 16
7440.24 s > TEAM: 0 	F: 3 	 (64000) 	S: 4 	 (64000) 	T: 6 	 (64000) 	LAP 16
Broken Team 0: 0 (3), 1 (8), 5 (4), 8 (0), 14 (8), 15 (4), 16 (15), 18 (15), 19 (10), 21 (3), 31 (3), 33 (9), 35 (4), 37 (0), 46 (15), 48 (5), 50 (0), 51 (7), 52 (2), 54 (12), 56 (1), 57 (7), 59 (3), 61 (10), 62 (12), 66 (0), 75 (2), 77 (3), 79 (8), 
Broken Team 1: 80 (7), 81 (10), 89 (10), 91 (13), 92 (7), 95 (5), 96 (12), 97 (0), 98 (9), 104 (13), 105 (12), 106 (4), 109 (5), 110 (5), 112 (15), 113 (8), 118 (6), 119 (10), 120 (0), 122 (8), 126 (9), 127 (15), 136 (4), 140 (11), 141 (4), 143 (2), 144 (1), 147 (5), 150 (1), 153 (5), 
Finishing order: 159 (5280.99), 4 (6720.57), 158 (6720.99), 155 (6960.39), 6 (6960.75), 156 (7200.87), 3 (7440.27), 2 (7680.75), 82 (7680.75), 7 (7680.87), 84 (7680.87), 83 (7680.99), 10 (7681.11), 152 (7681.11), 12 (7681.23), 85 (7681.23), 11 (7681.35), 86 (7681.35), 87 (7681.47), 9 (7681.59), 88 (7681.59), 13 (7681.71), 90 (7681.83), 17 (7681.95), 157 (7681.95), 93 (7682.31), 94 (7682.43), 72 (7682.55), 63 (7682.67), 99 (7682.67), 47 (7682.79), 22 (7682.91), 101 (7682.91), 23 (7683.03), 25 (7683.15), 100 (7683.15), 27 (7683.27), 102 (7683.27), 24 (7683.51), 103 (7683.51), 26 (7683.63), 30 (7683.75), 107 (7683.75), 29 (7683.99), 20 (7684.11), 108 (7684.11), 28 (7684.23), 111 (7684.35), 32 (7684.59), 36 (7684.71), 114 (7684.71), 34 (7684.83), 116 (7684.83), 40 (7685.07), 117 (7685.19), 38 (7685.31), 43 (7685.43), 64 (7685.55), 123 (7685.55), 42 (7685.67), 41 (7685.79), 124 (7685.79), 45 (7685.91), 121 (7685.91), 44 (7686.03), 39 (7686.15), 115 (7686.15), 125 (7686.27), 129 (7686.39), 55 (7686.51), 128 (7686.51), 53 (7686.75), 131 (7686.75), 60 (7686.87), 134 (7686.87), 130 (7686.99), 58 (7687.11), 138 (7687.11), 133 (7687.23), 76 (7687.47), 132 (7687.47), 142 (7687.59), 65 (7687.71), 135 (7687.71), 146 (7687.83), 139 (7687.95), 78 (7688.07), 145 (7688.19), 49 (7688.31), 67 (7688.43), 149 (7688.43), 69 (7688.55), 148 (7688.55), 70 (7688.67), 151 (7688.67), 73 (7688.91), 74 (7689.03), 154 (7689.03), 68 (7689.39), 137 (7689.39), 71 (7689.51), 
Result: TEAM 1 WIN*
