Mode: RANDOM
480.24 s > TEAM: 0 	F: 1 	 (4002) 	S: 2 	 (4001) 	T: 3 	 (4000) 	LAP 1
480.24 s > TEAM: 1 	F: 159 	 (4004) 	S: 80 	 (4002) 	T: 81 	 (4000) 	LAP 1
960.24 s > TEAM: 0 	F: 1 	 (8002) 	S: 2 	 (8001) 	T: 3 	 (8000) 	LAP 2
960.24 s > TEAM: 1 	F: 159 	 (12002) 	S: 80 	 (10001) 	T: 81 	 (8000) 	LAP 2
1440.24 s > TEAM: 0 	F: 1 	 (12004) 	S: 2 	 (12002) 	T: 3 	 (12000) 	LAP 3
1440.24 s > TEAM: 1 	F: 159 	 (16002) 	S: 80 	 (14001) 	T: 81 	 (12000) 	LAP 3
1920.24 s > TEAM: 0 	F: 1 	 (18002) 	S: 2 	 (18001) 	T: 3 	 (16000) 	LAP 4
1920.24 s > TEAM: 1 	F: 159 	 (20004) 	S: 80 	 (18001) 	T: 81 	 (16000) 	LAP 4
2400.24 s > TEAM: 0 	F: 1 	 (24004) 	S: 2 	 (24001) 	T: 3 	 (20000) 	LAP 5
2400.24 s > TEAM: 1 	F: 159 	 (26002) 	S: 80 	 (22001) 	T: 81 	 (20000) 	LAP 5
2880.24 s > TEAM: 0 	F: 1 	 (32000) 	S: 2 	 (28002) 	T: 3 	 (24000) 	LAP 6
2880.36 s > TEAM: 1 	F: 159 	 (30003) 	S: 80 	 (26002) 	T: 82 	 (24000) 	LAP 6
3360.24 s > TEAM: 0 	F: 1 	 (36001) 	S: 2 	 (28530) 	T: 3 	 (28000) 	LAP 7
3360.36 s > TEAM: 1 	F: 159 	 (36006) 	S: 80 	 (32004) 	T: 82 	 (28000) 	LAP 7
3600.36 s > TEAM: 1 	F: 159 	 (40003) 	S: 80 	 (36004) 	T: 82 	 (32000) 	LAP 8
3840.36 s > TEAM: 0 	F: 1 	 (43999) 	S: 3 	 (34001) 	T: 0 	 (32000) 	LAP 8
4080.36 s > TEAM: 1 	F: 159 	 (44003) 	S: 80 	 (42002) 	T: 82 	 (36000) 	LAP 9
4320.36 s > TEAM: 0 	F: 1 	 (47998) 	S: 3 	 (39999) 	T: 0 	 (36000) 	LAP 9
4560.36 s > TEAM: 1 	F: 159 	 (48006) 	S: 80 	 (46002) 	T: 82 	 (40000) 	LAP 10
4800.36 s > TEAM: 0 	F: 1 	 (51998) 	S: 3 	 (43999) 	T: 0 	 (40000) 	LAP 10
5040.36 s > TEAM: 1 	F: 159 	 (55997) 	S: 80 	 (50002) 	T: 82 	 (44000) 	LAP 11
5280.36 s > TEAM: 0 	F: 1 	 (55998) 	S: 3 	 (47999) 	T: 0 	 (44000) 	LAP 11
5520.36 s > TEAM: 1 	F: 159 	 (59997) 	S: 80 	 (54002) 	T: 82 	 (48000) 	LAP 12
5760.36 s > TEAM: 0 	F: 1 	 (59998) 	S: 3 	 (51999) 	T: 0 	 (48000) 	LAP 12
6000.36 s > TEAM: 1 	F: 159 	 (63997) 	S: 80 	 (59996) 	T: 82 	 (52000) 	LAP 13
6240.36 s > TEAM: 0 	F: 1 	 (63998) 	S: 3 	 (55999) 	T: 0 	 (52000) 	LAP 13
6240.36 s > TEAM: 1 	F: 159 	 (64000) 	S: 80 	 (61997) 	T: 82 	 (56000) 	LAP 14
6720.36 s > TEAM: 0 	F: 1 	 (64000) 	S: 3 	 (59999) 	T: 0 	 (56000) 	LAP 14
6720.36 s > TEAM: 1 	F: 80 	 (64000) 	S: 159 	 (64000) 	T: 82 	 (60000) 	LAP 15
6960.60 s > TEAM: 1 	F: 80 	 (64000) 	S: 82 	 (64000) 	T: 159 	 (64000) 	LAP 16
7200.36 s > TEAM: 0 	F: 1 	 (64000) 	S: 3 	 (63999) 	T: 0 	 (60000) 	LAP 15
7680.36 s > TEAM: 0 	F: 0 	 (64000) 	S: 1 	 (64000) 	T: 3 	 (64000) 	LAP 16
Broken Team 0: 2 (7), 4 (13), 5 (14), 7 (13), 10 (10), 11 (5), 12 (12), 15 (10), 18 (4), 19 (14), 22 (5), 25 (6), 26 (4), 27 (14), 31 (2), 34 (14), 43 (6), 44 (3), 52 (12), 55 (15), 60 (1), 62 (4), 75 (3), 77 (9), 78 (0), 79 (4), 
Broken Team 1: 81 (5), 84 (4), 88 (14), 93 (3), 94 (9), 95 (12), 99 (14), 100 (13), 102 (13), 103 (3), 104 (5), 108 (14), 109 (15), 112 (1), 116 (4), 118 (4), 125 (7), 126 (4), 127 (10), 128 (7), 133 (1), 136 (9), 137 (5), 138 (13), 139 (10), 145 (13), 146 (0), 151 (2), 154 (6), 156 (5), 
Finishing order: 159 (6000.75), 1 (6240.63), 80 (6480.63), 82 (6960.63), 3 (7200.51), 83 (7440.63), 0 (7680.39), 64 (7680.51), 85 (7680.75), 17 (7680.87), 115 (7680.87), 6 (7680.99), 86 (7680.99), 87 (7681.11), 8 (7681.23), 67 (7681.35), 89 (7681.35), 9 (7681.47), 90 (7681.47), 92 (7681.59), 91 (7681.71), 13 (7681.83), 66 (7681.95), 58 (7682.07), 96 (7682.07), 14 (7682.19), 57 (7682.31), 97 (7682.31), 101 (7682.43), 21 (7682.79), 23 (7682.91), 24 (7683.27), 106 (7683.39), 107 (7683.51), 29 (7683.63), 105 (7683.63), 30 (7683.75), 28 (7683.87), 32 (7683.99), 110 (7683.99), 111 (7684.11), 33 (7684.23), 36 (7684.35), 113 (7684.35), 35 (7684.47), 120 (7684.47), 122 (7684.59), 37 (7684.71), 124 (7684.71), 39 (7684.83), 121 (7684.83), 38 (7684.95), 42 (7685.07), 123 (7685.07), 47 (7685.19), 129 (7685.19), 45 (7685.31), 130 (7685.31), 46 (7685.43), 132 (7685.55), 131 (7685.67), 59 (7685.79), 134 (7685.79), 68 (7685.91), 63 (7686.03), 135 (7686.03), 54 (7686.15), 56 (7686.27), 69 (7686.39), 70 (7686.51), 143 (7686.51), 71 (7686.63), 73 (7686.75), 144 (7686.75), 72 (7686.87), 74 (7686.99), 147 (7686.99), 141 (7687.11), 148 (7687.23), 76 (7687.35), 149 (7687.35), 114 (7687.59), 20 (7687.83), 98 (7687.83), 50 (7687.95), 157 (7687.95), 48 (7688.07), 119 (7688.07), 142 (7688.19), 65 (7688.31), 117 (7688.43), 41 (7688.55), 140 (7688.55), 158 (7688.67), 61 (7688.79), 40 (7688.91), 155 (7688.91), 51 (7689.15), 150 (7689.15), 53 (7689.27), 16 (7689.39), 152 (7689.39), 49 (7689.51), 153 (7689.51), 
Result: TEAM 1 WIN*
