Mode: RANDOM
480.24 s > TEAM: 0 	F: 3 	 (4004) 	S: 2 	 (4002) 	T: 4 	 (4000) 	LAP 1
480.24 s > TEAM: 1 	F: 159 	 (4004) 	S: 80 	 (4001) 	T: 81 	 (4000) 	LAP 1
720.24 s > TEAM: 0 	F: 3 	 (8004) 	S: 2 	 (8001) 	T: 4 	 (8000) 	LAP 2
960.36 s > TEAM: 1 	F: 159 	 (12001) 	S: 80 	 (8002) 	T: 82 	 (8000) 	LAP 2
1200.24 s > TEAM: 0 	F: 3 	 (15999) 	S: 2 	 (12001) 	T: 4 	 (12000) 	LAP 3
1440.36 s > TEAM: 1 	F: 159 	 (16001) 	S: 80 	 (12002) 	T: 82 	 (12000) 	LAP 3
1680.24 s > TEAM: 0 	F: 3 	 (19999) 	S: 2 	 (16001) 	T: 4 	 (16000) 	LAP 4
1920.36 s > TEAM: 1 	F: 159 	 (20001) 	S: 80 	 (16002) 	T: 82 	 (16000) 	LAP 4
2160.24 s > TEAM: 0 	F: 3 	 (23999) 	S: 2 	 (20001) 	T: 4 	 (20000) 	LAP 5
2400.36 s > TEAM: 1 	F: 159 	 (24001) 	S: 80 	 (20004) 	T: 82 	 (20000) 	LAP 5
2640.24 s > TEAM: 0 	F: 3 	 (27999) 	S: 2 	 (24001) 	T: 4 	 (24000) 	LAP 6
2880.36 s > TEAM: 1 	F: 159 	 (28001) 	S: 80 	 (28000) 	T: 82 	 (24000) 	LAP 6
3120.24 s > TEAM: 0 	F: 3 	 (31998) 	S: 2 	 (28002) 	T: 4 	 (28000) 	LAP 7
3360.36 s > TEAM: 1 	F: 159 	 (32001) 	S: 80 	 (32000) 	T: 82 	 (28000) 	LAP 7
3600.24 s > TEAM: 0 	F: 3 	 (35998) 	S: 2 	 (34001) 	T: 4 	 (32000) 	LAP 8
3840.36 s > TEAM: 1 	F: 159 	 (36003) 	S: 80 	 (36000) 	T: 82 	 (32000) 	LAP 8
4080.24 s > TEAM: 0 	F: 3 	 (39998) 	S: 2 	 (38001) 	T: 4 	 (36000) 	LAP 9
4320.36 s > TEAM: 1 	F: 159 	 (44003) 	S: 80 	 (42000) 	T: 82 	 (36000) 	LAP 9
4560.24 s > TEAM: 0 	F: 3 	 (47996) 	S: 2 	 (44001) 	T: 4 	 (40000) 	LAP 10
4800.36 s > TEAM: 1 	F: 159 	 (51998) 	S: 80 	 (47998) 	T: 82 	 (40000) 	LAP 10
5040.24 s > TEAM: 0 	F: 3 	 (51998) 	S: 2 	 (48001) 	T: 4 	 (44000) 	LAP 11
5040.36 s > TEAM: 1 	F: 159 	 (53998) 	S: 80 	 (49998) 	T: 82 	 (44000) 	LAP 11
5280.60 s > TEAM: 1 	F: 159 	 (55999) 	S: 80 	 (52000) 	T: 82 	 (48000) 	LAP 12
5520.24 s > TEAM: 0 	F: 3 	 (55998) 	S: 2 	 (52001) 	T: 4 	 (48000) 	LAP 12
5760.60 s > TEAM: 1 	F: 159 	 (59999) 	S: 80 	 (56000) 	T: 82 	 (52000) 	LAP 13
6000.24 s > TEAM: 0 	F: 3 	 (59998) 	S: 2 	 (56001) 	T: 4 	 (52000) 	LAP 13
6240.60 s > TEAM: 1 	F: 159 	 (64000) 	S: 80 	 (61000) 	T: 82 	 (56000) 	LAP 14
6480.24 s > TEAM: 0 	F: 3 	 (63842) 	S: 2 	 (60001) 	T: 4 	 (56000) 	LAP 14
6720.60 s > TEAM: 1 	F: 80 	 (64000) 	S: 159 	 (64000) 	T: 82 	 (60000) 	LAP 15
6960.24 s > TEAM: 0 	F: 2 	 (64000) 	S: 3 	 (63842) 	T: 4 	 (60000) 	LAP 15
6960.60 s > TEAM: 1 	F: 80 	 (64000) 	S: 82 	 (64000) 	T: 159 	 (64000) 	LAP 16
7440.48 s > TEAM: 0 	F: 2 	 (64000) 	S: 4 	 (64000) 	T: 5 	 (64000) 	LAP 16
Broken Team 0: 1 (3), 3 (15), 11 (13), 16 (15), 17 (6), 18 (2), 19 (12), 25 (5), 26 (15), 45 (0), 51 (2), 52 (5), 53 (3), 54 (15), 55 (4), 59 (10), 60 (1), 64 (5), 65 (9), 68 (3), 69 (12), 72 (0), 74 (0), 75 (5), 79 (14), 
Broken Team 1: 81 (1), 84 (0), 92 (9), 95 (3), 97 (6), 100 (5), 101 (7), 109 (2), 111 (6), 114 (6), 116 (10), 122 (0), 137 (8), 138 (3), 141 (4), 142 (14), 144 (5), 146 (15), 151 (9), 153 (5), 155 (3), 156 (9), 157 (10), 158 (3), 
Finishing order: 159 (6120.57), 80 (6600.63), 2 (6960.15), 82 (6960.63), 4 (7200.27), 5 (7440.51), 83 (7440.51), 6 (7440.63), 7 (7680.75), 85 (7680.75), 9 (7680.87), 87 (7680.87), 8 (7680.99), 88 (7680.99), 10 (7681.11), 89 (7681.11), 90 (7681.23), 12 (7681.35), 13 (7681.47), 91 (7681.47), 86 (7681.59), 14 (7681.71), 93 (7681.71), 94 (7681.83), 20 (7682.07), 96 (7682.07), 22 (7682.19), 98 (7682.19), 21 (7682.31), 99 (7682.31), 23 (7682.43), 24 (7682.55), 103 (7682.67), 27 (7682.91), 102 (7682.91), 28 (7683.03), 104 (7683.03), 29 (7683.15), 105 (7683.15), 30 (7683.27), 106 (7683.27), 32 (7683.39), 107 (7683.39), 31 (7683.51), 108 (7683.51), 34 (7683.63), 110 (7683.63), 35 (7683.75), 112 (7683.75), 36 (7683.87), 33 (7683.99), 37 (7684.11), 113 (7684.11), 38 (7684.23), 40 (7684.35), 41 (7684.47), 119 (7684.47), 39 (7684.59), 118 (7684.59), 43 (7684.71), 121 (7684.71), 44 (7684.83), 42 (7684.95), 120 (7684.95), 46 (7685.19), 123 (7685.19), 47 (7685.31), 124 (7685.31), 48 (7685.43), 125 (7685.43), 49 (7685.55), 127 (7685.55), 50 (7685.67), 129 (7685.67), 126 (7685.79), 128 (7685.91), 130 (7686.03), 131 (7686.15), 132 (7686.27), 56 (7686.39), 133 (7686.39), 57 (7686.51), 134 (7686.51), 136 (7686.63), 58 (7686.75), 135 (7686.75), 61 (7686.99), 62 (7687.11), 139 (7687.11), 63 (7687.35), 143 (7687.35), 66 (7687.47), 140 (7687.47), 67 (7687.71), 145 (7687.71), 71 (7687.95), 70 (7688.07), 147 (7688.07), 73 (7688.31), 148 (7688.43), 150 (7688.55), 76 (7688.79), 154 (7688.79), 77 (7688.91), 152 (7688.91), 78 (7689.03), 117 (7689.27), 15 (7689.39), 115 (7689.39), 0 (7689.51), 149 (7689.51), 
Result: TEAM 0 WIN*
*
