Mode: RANDOM
480.24 s > TEAM: 0 	F: 1 	 (4002) 	S: 2 	 (4001) 	T: 3 	 (4000) 	LAP 1
480.24 s > TEAM: 1 	F: 159 	 (4004) 	S: 80 	 (4001) 	T: 81 	 (4000) 	LAP 1
960.24 s > TEAM: 0 	F: 1 	 (8004) 	S: 2 	 (8002) 	T: 3 	 (8000) 	LAP 2
960.24 s > TEAM: 1 	F: 159 	 (12004) 	S: 80 	 (8002) 	T: 81 	 (8000) 	LAP 2
1200.24 s > TEAM: 1 	F: 159 	 (16004) 	S: 80 	 (12002) 	T: 81 	 (12000) 	LAP 3
1440.24 s > TEAM: 0 	F: 1 	 (16004) 	S: 2 	 (14001) 	T: 3 	 (12000) 	LAP 3
1440.24 s > TEAM: 1 	F: 159 	 (20002) 	S: 80 	 (16001) 	T: 81 	 (16000) 	LAP 4
1920.24 s > TEAM: 0 	F: 1 	 (22000) 	S: 2 	 (18001) 	T: 3 	 (16000) 	LAP 4
1920.24 s > TEAM: 1 	F: 159 	 (24002) 	S: 80 	 (20001) 	T: 81 	 (20000) 	LAP 5
2400.24 s > TEAM: 0 	F: 1 	 (26001) 	S: 2 	 (22001) 	T: 3 	 (20000) 	LAP 5
2400.24 s > TEAM: 1 	F: 159 	 (27842) 	S: 80 	 (24002) 	T: 81 	 (24000) 	LAP 6
2640.48 s > TEAM: 1 	F: 80 	 (28006) 	S: 81 	 (28004) 	T: 83 	 (28000) 	LAP 7
2880.24 s > TEAM: 0 	F: 1 	 (33000) 	S: 2 	 (28002) 	T: 3 	 (24000) 	LAP 6
2880.48 s > TEAM: 1 	F: 80 	 (32006) 	S: 81 	 (32002) 	T: 83 	 (32000) 	LAP 8
3360.24 s > TEAM: 0 	F: 1 	 (38001) 	S: 2 	 (35997) 	T: 3 	 (28000) 	LAP 7
3360.24 s > TEAM: 1 	F: 80 	 (38001) 	S: 83 	 (37998) 	T: 81 	 (36000) 	LAP 9
3840.24 s > TEAM: 0 	F: 1 	 (43000) 	S: 2 	 (39997) 	T: 3 	 (32000) 	LAP 8
3840.24 s > TEAM: 1 	F: 80 	 (44001) 	S: 83 	 (43996) 	T: 81 	 (40000) 	LAP 10
4320.24 s > TEAM: 0 	F: 1 	 (47996) 	S: 2 	 (43997) 	T: 3 	 (36000) 	LAP 9
4320.24 s > TEAM: 1 	F: 80 	 (48002) 	S: 83 	 (47752) 	T: 81 	 (44000) 	LAP 11
4800.24 s > TEAM: 0 	F: 1 	 (51996) 	S: 2 	 (47997) 	T: 3 	 (40000) 	LAP 10
5280.24 s > TEAM: 0 	F: 1 	 (55995) 	S: 2 	 (51997) 	T: 3 	 (44000) 	LAP 11
5760.24 s > TEAM: 0 	F: 1 	 (59995) 	S: 2 	 (55997) 	T: 3 	 (48000) 	LAP 12
5760.60 s > TEAM: 1 	F: 80 	 (61997) 	S: 81 	 (57999) 	T: 84 	 (48000) 	LAP 12
6000.72 s > TEAM: 1 	F: 80 	 (63997) 	S: 81 	 (59999) 	T: 85 	 (52000) 	LAP 13
6240.24 s > TEAM: 0 	F: 1 	 (63993) 	S: 2 	 (59997) 	T: 3 	 (52000) 	LAP 13
6480.72 s > TEAM: 1 	F: 80 	 (64000) 	S: 81 	 (63998) 	T: 85 	 (56000) 	LAP 14
6720.24 s > TEAM: 0 	F: 1 	 (64000) 	S: 2 	 (63997) 	T: 3 	 (56000) 	LAP 14
6960.72 s > TEAM: 1 	F: 80 	 (64000) 	S: 81 	 (64000) 	T: 85 	 (60000) 	LAP 15
7200.24 s > TEAM: 0 	F: 1 	 (64000) 	S: 2 	 (64000) 	T: 3 	 (60000) 	LAP 15
7440.72 s > TEAM: 1 	F: 80 	 (64000) 	S: 81 	 (64000) 	T: 85 	 (64000) 	LAP 16
7680.24 s > TEAM: 0 	F: 1 	 (64000) 	S: 2 	 (64000) 	T: 3 	 (64000) 	LAP 16
Broken Team 0: 13 (14), 14 (3), 15 (4), 17 (11), 18 (5), 23 (6), 24 (7), 27 (5), 28 (8), 34 (8), 38 (15), 39 (12), 41 (2), 42 (0), 44 (0), 48 (12), 51 (12), 52 (10), 55 (14), 57 (6), 59 (5), 60 (13), 62 (7), 64 (5), 65 (11), 71 (9), 76 (13), 77 (6), 
Broken Team 1: 82 (1), 83 (11), 95 (13), 96 (11), 97 (7), 110 (11), 114 (15), 115 (11), 122 (3), 125 (13), 129 (3), 133 (15), 139 (2), 140 (2), 143 (2), 145 (12), 147 (12), 148 (9), 150 (0), 159 (6), 
Finishing order: 80 (6001.23), 1 (6241.11), 81 (6480.99), 2 (6720.63), 85 (7440.75), 84 (7440.93), 3 (7680.27), 4 (7680.39), 5 (7680.51), 6 (7680.63), 7 (7680.75), 8 (7680.87), 86 (7680.87), 9 (7680.99), 87 (7680.99), 10 (7681.11), 88 (7681.11), 11 (7681.23), 89 (7681.23), 12 (7681.35), 90 (7681.35), 91 (7681.47), 92 (7681.59), 93 (7681.71), 16 (7681.83), 94 (7681.83), 144 (7681.95), 19 (7682.19), 20 (7682.31), 21 (7682.43), 98 (7682.43), 22 (7682.55), 99 (7682.55), 100 (7682.67), 101 (7682.79), 25 (7682.91), 102 (7682.91), 26 (7683.03), 103 (7683.03), 104 (7683.15), 105 (7683.27), 29 (7683.39), 106 (7683.39), 0 (7683.51), 137 (7683.51), 31 (7683.63), 107 (7683.63), 30 (7683.75), 109 (7683.75), 35 (7683.87), 108 (7683.87), 32 (7683.99), 33 (7684.11), 111 (7684.11), 112 (7684.23), 36 (7684.35), 37 (7684.47), 113 (7684.47), 116 (7684.71), 40 (7684.83), 117 (7684.83), 118 (7684.95), 119 (7685.07), 120 (7685.19), 43 (7685.31), 121 (7685.31), 45 (7685.43), 46 (7685.55), 124 (7685.55), 47 (7685.67), 123 (7685.67), 49 (7685.91), 50 (7686.03), 127 (7686.03), 128 (7686.15), 126 (7686.27), 53 (7686.39), 54 (7686.51), 130 (7686.51), 56 (7686.63), 131 (7686.63), 132 (7686.75), 58 (7686.87), 134 (7686.99), 135 (7687.11), 136 (7687.23), 61 (7687.35), 138 (7687.35), 63 (7687.71), 142 (7687.71), 141 (7687.83), 66 (7687.95), 67 (7688.07), 146 (7688.07), 68 (7688.19), 157 (7688.19), 69 (7688.31), 70 (7688.55), 72 (7688.67), 152 (7688.67), 73 (7688.79), 149 (7688.79), 75 (7688.91), 151 (7688.91), 74 (7689.03), 155 (7689.03), 153 (7689.15), 156 (7689.27), 78 (7689.39), 154 (7689.39), 79 (7689.51), 158 (7689.51), 
Result: TEAM 1 WIN*
