Mode: RANDOM
480.24 s > TEAM: 0 	F: 1 	 (4004) 	S: 0 	 (4001) 	T: 2 	 (4000) 	LAP 1
480.24 s > TEAM: 1 	F: 159 	 (4004) 	S: 83 	 (4001) 	T: 80 	 (4000) 	LAP 1
960.24 s > TEAM: 0 	F: 1 	 (10002) 	S: 0 	 (8001) 	T: 2 	 (8000) 	LAP 2
960.36 s > TEAM: 1 	F: 83 	 (8002) 	S: 80 	 (8001) 	T: 84 	 (8000) 	LAP 2
1440.24 s > TEAM: 0 	F: 1 	 (16004) 	S: 0 	 (12002) 	T: 2 	 (12000) 	LAP 3
1440.36 s > TEAM: 1 	F: 83 	 (12004) 	S: 80 	 (12001) 	T: 84 	 (12000) 	LAP 3
1920.24 s > TEAM: 0 	F: 1 	 (22002) 	S: 0 	 (20002) 	T: 2 	 (16000) 	LAP 4
1920.36 s > TEAM: 1 	F: 83 	 (20002) 	S: 80 	 (16001) 	T: 84 	 (16000) 	LAP 4
2400.24 s > TEAM: 0 	F: 1 	 (28002) 	S: 0 	 (26001) 	T: 2 	 (20000) 	LAP 5
2400.36 s > TEAM: 1 	F: 83 	 (24002) 	S: 80 	 (20001) 	T: 84 	 (20000) 	LAP 5
2880.24 s > TEAM: 0 	F: 1 	 (31945) 	S: 0 	 (30001) 	T: 2 	 (24000) 	LAP 6
2880.36 s > TEAM: 1 	F: 83 	 (28004) 	S: 80 	 (24001) 	T: 84 	 (24000) 	LAP 6
3360.24 s > TEAM: 0 	F: 0 	 (36002) 	S: 1 	 (31945) 	T: 2 	 (28000) 	LAP 7
3360.36 s > TEAM: 1 	F: 83 	 (34002) 	S: 80 	 (28001) 	T: 84 	 (28000) 	LAP 7
3840.36 s > TEAM: 0 	F: 0 	 (44002) 	S: 2 	 (32001) 	T: 3 	 (32000) 	LAP 8
3840.36 s > TEAM: 1 	F: 83 	 (34140) 	S: 80 	 (32001) 	T: 84 	 (32000) 	LAP 8
4320.48 s > TEAM: 0 	F: 0 	 (48003) 	S: 2 	 (36002) 	T: 4 	 (36000) 	LAP 9
4320.48 s > TEAM: 1 	F: 80 	 (36002) 	S: 84 	 (36001) 	T: 85 	 (36000) 	LAP 9
4800.48 s > TEAM: 0 	F: 0 	 (52003) 	S: 2 	 (40002) 	T: 4 	 (40000) 	LAP 10
4800.48 s > TEAM: 1 	F: 80 	 (40004) 	S: 84 	 (40002) 	T: 85 	 (40000) 	LAP 10
5280.48 s > TEAM: 0 	F: 0 	 (56003) 	S: 2 	 (44002) 	T: 4 	 (44000) 	LAP 11
5280.48 s > TEAM: 1 	F: 80 	 (48002) 	S: 84 	 (48002) 	T: 85 	 (44000) 	LAP 11
5760.48 s > TEAM: 0 	F: 0 	 (60003) 	S: 2 	 (48002) 	T: 4 	 (48000) 	LAP 12
5760.48 s > TEAM: 1 	F: 84 	 (56001) 	S: 80 	 (52002) 	T: 85 	 (48000) 	LAP 12
6240.48 s > TEAM: 0 	F: 0 	 (64000) 	S: 2 	 (52004) 	T: 4 	 (52000) 	LAP 13
6240.48 s > TEAM: 1 	F: 84 	 (60002) 	S: 80 	 (56002) 	T: 85 	 (52000) 	LAP 13
6720.48 s > TEAM: 1 	F: 84 	 (64000) 	S: 80 	 (60004) 	T: 85 	 (56000) 	LAP 14
6720.72 s > TEAM: 0 	F: 0 	 (64000) 	S: 2 	 (60008) 	T: 6 	 (56000) 	LAP 14
6960.48 s > TEAM: 1 	F: 80 	 (64000) 	S: 84 	 (64000) 	T: 85 	 (60000) 	LAP 15
6960.72 s > TEAM: 0 	F: 0 	 (64000) 	S: 2 	 (64000) 	T: 6 	 (60000) 	LAP 15
7200.72 s > TEAM: 0 	F: 0 	 (64000) 	S: 2 	 (64000) 	T: 6 	 (64000) 	LAP 16
7440.48 s > TEAM: 1 	F: 80 	 (64000) 	S: 84 	 (64000) 	T: 85 	 (64000) 	LAP 16
Broken Team 0: 1 (7), 3 (8), 4 (13), 5 (9), 8 (14), 9 (2), 11 (11), 13 (14), 16 (10), 21 (10), 26 (0), 30 (0), 36 (6), 38 (11), 39 (4), 44 (1), 45 (6), 48 (13), 50 (9), 61 (14), 67 (10), 68 (9), 70 (3), 79 (0), 
Broken Team 1: 81 (11), 83 (8), 87 (3), 88 (3), 89 (5), 90 (2), 93 (10), 97 (4), 105 (6), 106 (1), 110 (1), 111 (1), 113 (10), 126 (1), 132 (4), 135 (15), 137 (9), 138 (15), 142 (11), 148 (6), 150 (8), 151 (8), 152 (1), 156 (4), 157 (14), 159 (1), 
Finishing order: 0 (6240.15), 84 (6480.39), 2 (6960.27), 80 (6960.27), 6 (7200.75), 85 (7440.51), 7 (7440.87), 86 (7680.63), 10 (7681.23), 91 (7681.23), 92 (7681.35), 12 (7681.47), 134 (7681.59), 94 (7681.71), 17 (7681.83), 95 (7681.83), 18 (7681.95), 96 (7681.95), 19 (7682.07), 20 (7682.19), 98 (7682.19), 99 (7682.31), 22 (7682.43), 23 (7682.55), 100 (7682.55), 24 (7682.67), 101 (7682.67), 15 (7682.79), 102 (7682.79), 14 (7682.91), 103 (7682.91), 25 (7683.03), 104 (7683.03), 27 (7683.27), 28 (7683.39), 31 (7683.51), 129 (7683.51), 29 (7683.63), 108 (7683.63), 107 (7683.75), 33 (7683.87), 109 (7683.87), 34 (7683.99), 117 (7683.99), 35 (7684.11), 112 (7684.11), 32 (7684.23), 37 (7684.35), 121 (7684.35), 118 (7684.47), 114 (7684.59), 115 (7684.71), 41 (7684.83), 123 (7684.83), 40 (7684.95), 124 (7684.95), 42 (7685.07), 122 (7685.07), 69 (7685.19), 125 (7685.19), 136 (7685.31), 43 (7685.43), 139 (7685.43), 131 (7685.55), 46 (7685.67), 140 (7685.67), 141 (7685.79), 47 (7685.91), 49 (7686.03), 144 (7686.03), 56 (7686.15), 143 (7686.15), 51 (7686.27), 145 (7686.27), 53 (7686.39), 146 (7686.39), 55 (7686.63), 147 (7686.63), 52 (7686.75), 149 (7686.75), 60 (7686.87), 62 (7686.99), 63 (7687.11), 64 (7687.23), 153 (7687.23), 59 (7687.35), 155 (7687.35), 154 (7687.47), 65 (7687.59), 66 (7687.71), 158 (7687.83), 71 (7688.07), 82 (7688.07), 119 (7688.19), 72 (7688.31), 133 (7688.31), 74 (7688.43), 116 (7688.43), 73 (7688.55), 120 (7688.55), 75 (7688.67), 127 (7688.67), 76 (7688.79), 78 (7688.91), 77 (7689.03), 130 (7689.15), 58 (7689.27), 128 (7689.27), 54 (7689.39), 57 (7689.51), 
Result: TEAM 0 WIN
689.51), 150 (7689.51), 
Result: TEAM 0 WIN*
