Mode: RANDOM
480.24 s > TEAM: 0 	F: 1 	 (4002) 	S: 0 	 (4001) 	T: 2 	 (4000) 	LAP 1
480.24 s > TEAM: 1 	F: 159 	 (4004) 	S: 80 	 (4001) 	T: 81 	 (4000) 	LAP 1
960.24 s > TEAM: 0 	F: 1 	 (8002) 	S: 0 	 (8001) 	T: 2 	 (8000) 	LAP 2
960.24 s > TEAM: 1 	F: 159 	 (12004) 	S: 80 	 (8001) 	T: 81 	 (8000) 	LAP 2
1440.24 s > TEAM: 0 	F: 1 	 (12004) 	S: 0 	 (12002) 	T: 2 	 (12000) 	LAP 3
1440.24 s > TEAM: 1 	F: 159 	 (20002) 	S: 80 	 (12001) 	T: 81 	 (12000) 	LAP 3
1920.24 s > TEAM: 0 	F: 1 	 (20002) 	S: 0 	 (20001) 	T: 2 	 (16000) 	LAP 4
1920.24 s > TEAM: 1 	F: 159 	 (24002) 	S: 80 	 (16001) 	T: 81 	 (16000) 	LAP 4
2400.24 s > TEAM: 0 	F: 1 	 (24004) 	S: 0 	 (24002) 	T: 2 	 (20000) 	LAP 5
2400.24 s > TEAM: 1 	F: 159 	 (28004) 	S: 80 	 (20001) 	T: 81 	 (20000) 	LAP 5
2640.24 s > TEAM: 0 	F: 1 	 (28002) 	S: 0 	 (28001) 	T: 2 	 (24000) 	LAP 6
2880.24 s > TEAM: 1 	F: 159 	 (35999) 	S: 80 	 (24001) 	T: 81 	 (24000) 	LAP 6
3120.24 s > TEAM: 0 	F: 1 	 (32002) 	S: 0 	 (32001) 	T: 2 	 (28000) 	LAP 7
3360.24 s > TEAM: 1 	F: 159 	 (39212) 	S: 80 	 (28002) 	T: 81 	 (28000) 	LAP 7
3600.24 s > TEAM: 0 	F: 1 	 (36002) 	S: 0 	 (36001) 	T: 2 	 (32000) 	LAP 8
3840.24 s > TEAM: 1 	F: 159 	 (39212) 	S: 80 	 (35999) 	T: 81 	 (32000) 	LAP 8
4080.24 s > TEAM: 0 	F: 1 	 (40004) 	S: 0 	 (40001) 	T: 2 	 (36000) 	LAP 9
4320.24 s > TEAM: 1 	F: 80 	 (39999) 	S: 159 	 (39212) 	T: 81 	 (36000) 	LAP 9
4560.24 s > TEAM: 0 	F: 1 	 (47999) 	S: 0 	 (44001) 	T: 2 	 (40000) 	LAP 10
4800.48 s > TEAM: 1 	F: 80 	 (44001) 	S: 81 	 (40002) 	T: 82 	 (40000) 	LAP 10
5040.24 s > TEAM: 0 	F: 1 	 (51999) 	S: 0 	 (48001) 	T: 2 	 (44000) 	LAP 11
5280.48 s > TEAM: 1 	F: 80 	 (48001) 	S: 81 	 (44002) 	T: 82 	 (44000) 	LAP 11
5520.24 s > TEAM: 0 	F: 1 	 (55999) 	S: 0 	 (52001) 	T: 2 	 (48000) 	LAP 12
5760.48 s > TEAM: 1 	F: 80 	 (52003) 	S: 81 	 (48004) 	T: 82 	 (48000) 	LAP 12
6000.24 s > TEAM: 0 	F: 1 	 (59999) 	S: 0 	 (56001) 	T: 2 	 (52000) 	LAP 13
6240.48 s > TEAM: 1 	F: 80 	 (58001) 	S: 81 	 (56004) 	T: 82 	 (52000) 	LAP 13
6480.24 s > TEAM: 0 	F: 1 	 (63999) 	S: 0 	 (60001) 	T: 2 	 (56000) 	LAP 14
6720.48 s > TEAM: 1 	F: 81 	 (64000) 	S: 80 	 (64000) 	T: 82 	 (56000) 	LAP 14
6960.24 s > TEAM: 0 	F: 0 	 (64000) 	S: 1 	 (64000) 	T: 2 	 (60000) 	LAP 15
7200.48 s > TEAM: 1 	F: 81 	 (64000) 	S: 80 	 (64000) 	T: 82 	 (60000) 	LAP 15
7440.24 s > TEAM: 0 	F: 0 	 (64000) 	S: 1 	 (64000) 	T: 2 	 (64000) 	LAP 16
7680.48 s > TEAM: 1 	F: 81 	 (64000) 	S: 80 	 (64000) 	T: 82 	 (64000) 	LAP 16
Broken Team 0: 6 (8), 7 (10), 11 (14), 13 (10), 15 (9), 19 (12), 20 (5), 21 (9), 28 (15), 32 (15), 33 (15), 35 (5), 36 (12), 37 (14), 42 (8), 44 (6), 45 (2), 46 (0), 47 (8), 49 (5), 54 (13), 56 (6), 59 (12), 60 (9), 61 (2), 63 (0), 65 (3), 67 (2), 68 (10), 69 (1), 70 (14), 72 (13), 75 (11), 78 (12), 
Broken Team 1: 84 (4), 85 (12), 86 (4), 90 (1), 93 (9), 96 (7), 103 (9), 119 (11), 120 (0), 127 (15), 131 (2), 140 (2), 145 (12), 148 (0), 150 (0), 152 (0), 156 (7), 157 (1), 159 (9), 
Finishing order: 1 (6480.39), 80 (6720.33), 81 (6720.45), 0 (6960.15), 2 (7440.27), 3 (7680.39), 4 (7680.51), 82 (7680.51), 5 (7680.63), 158 (7680.63), 155 (7680.75), 91 (7680.87), 9 (7680.99), 8 (7681.11), 83 (7681.11), 10 (7681.23), 12 (7681.47), 87 (7681.59), 14 (7681.71), 88 (7681.71), 89 (7681.83), 17 (7681.95), 92 (7681.95), 16 (7682.07), 102 (7682.19), 115 (7682.31), 94 (7682.43), 18 (7682.55), 23 (7682.67), 95 (7682.67), 105 (7682.79), 25 (7682.91), 142 (7682.91), 24 (7683.03), 98 (7683.03), 26 (7683.15), 100 (7683.15), 108 (7683.27), 101 (7683.39), 27 (7683.51), 107 (7683.51), 29 (7683.63), 110 (7683.63), 30 (7683.75), 106 (7683.75), 111 (7683.87), 31 (7683.99), 114 (7683.99), 113 (7684.11), 34 (7684.23), 116 (7684.35), 39 (7684.47), 118 (7684.47), 38 (7684.59), 41 (7684.71), 40 (7684.83), 117 (7684.83), 121 (7684.95), 122 (7685.07), 125 (7685.31), 123 (7685.43), 48 (7685.55), 132 (7685.55), 133 (7685.67), 43 (7685.79), 134 (7685.79), 135 (7685.91), 55 (7686.03), 109 (7686.03), 137 (7686.15), 53 (7686.27), 138 (7686.27), 51 (7686.39), 136 (7686.39), 141 (7686.51), 139 (7686.63), 58 (7686.75), 143 (7686.75), 57 (7686.87), 144 (7686.99), 147 (7687.11), 62 (7687.23), 146 (7687.23), 66 (7687.35), 149 (7687.47), 74 (7687.71), 112 (7687.71), 153 (7687.83), 73 (7687.95), 151 (7688.07), 77 (7688.19), 154 (7688.19), 76 (7688.31), 99 (7688.31), 79 (7688.43), 104 (7688.43), 97 (7688.55), 71 (7688.67), 126 (7688.67), 64 (7688.79), 124 (7688.79), 22 (7688.91), 129 (7688.91), 50 (7689.03), 128 (7689.03), 52 (7689.15), 130 (7689.15), 
Result: TEAM 0 WIN*
89.27), 61 (7689.39), 136 (7689.39), 149 (7689.51), 
Result: TEAM 0 WIN*
