Mode: RANDOM
480.24 s > TEAM: 0 	F: 0 	 (4002) 	S: 67 	 (4001) 	T: 2 	 (4000) 	LAP 1
480.24 s > TEAM: 1 	F: 159 	 (4004) 	S: 80 	 (4001) 	T: 157 	 (4000) 	LAP 1
960.24 s > TEAM: 0 	F: 0 	 (8002) 	S: 67 	 (8001) 	T: 2 	 (8000) 	LAP 2
960.24 s > TEAM: 1 	F: 159 	 (11241) 	S: 80 	 (8002) 	T: 157 	 (8000) 	LAP 2
1440.24 s > TEAM: 0 	F: 0 	 (12002) 	S: 67 	 (12001) 	T: 2 	 (12000) 	LAP 3
1440.36 s > TEAM: 1 	F: 80 	 (16002) 	S: 157 	 (12001) 	T: 81 	 (12000) 	LAP 3
1920.24 s > TEAM: 0 	F: 0 	 (16002) 	S: 67 	 (16001) 	T: 2 	 (16000) 	LAP 4
1920.36 s > TEAM: 1 	F: 80 	 (20002) 	S: 157 	 (16001) 	T: 81 	 (16000) 	LAP 4
2400.24 s > TEAM: 0 	F: 0 	 (20002) 	S: 67 	 (20001) 	T: 2 	 (20000) 	LAP 5
2400.36 s > TEAM: 1 	F: 80 	 (24004) 	S: 157 	 (20001) 	T: 81 	 (20000) 	LAP 5
2880.24 s > TEAM: 0 	F: 0 	 (24004) 	S: 67 	 (24002) 	T: 2 	 (24000) 	LAP 6
2880.36 s > TEAM: 1 	F: 80 	 (30002) 	S: 157 	 (24001) 	T: 81 	 (24000) 	LAP 6
3360.24 s > TEAM: 0 	F: 67 	 (32001) 	S: 0 	 (30002) 	T: 2 	 (28000) 	LAP 7
3360.36 s > TEAM: 1 	F: 80 	 (34002) 	S: 157 	 (28001) 	T: 81 	 (28000) 	LAP 7
3840.24 s > TEAM: 0 	F: 67 	 (36002) 	S: 0 	 (34002) 	T: 2 	 (32000) 	LAP 8
3840.36 s > TEAM: 1 	F: 80 	 (40002) 	S: 157 	 (32001) 	T: 81 	 (32000) 	LAP 8
4320.24 s > TEAM: 0 	F: 67 	 (42001) 	S: 0 	 (38002) 	T: 2 	 (36000) 	LAP 9
4320.36 s > TEAM: 1 	F: 80 	 (44004) 	S: 157 	 (36002) 	T: 81 	 (36000) 	LAP 9
4560.36 s > TEAM: 1 	F: 80 	 (48004) 	S: 157 	 (40001) 	T: 81 	 (40000) 	LAP 10
4800.24 s > TEAM: 0 	F: 67 	 (46001) 	S: 0 	 (42002) 	T: 2 	 (40000) 	LAP 10
5040.36 s > TEAM: 1 	F: 80 	 (55997) 	S: 157 	 (44001) 	T: 81 	 (44000) 	LAP 11
5280.24 s > TEAM: 0 	F: 67 	 (51995) 	S: 0 	 (46002) 	T: 2 	 (44000) 	LAP 11
5520.36 s > TEAM: 1 	F: 80 	 (59997) 	S: 157 	 (48001) 	T: 81 	 (48000) 	LAP 12
5760.24 s > TEAM: 0 	F: 67 	 (55994) 	S: 0 	 (51995) 	T: 2 	 (48000) 	LAP 12
6000.36 s > TEAM: 1 	F: 80 	 (63997) 	S: 157 	 (52001) 	T: 81 	 (52000) 	LAP 13
6240.24 s > TEAM: 0 	F: 67 	 (59994) 	S: 0 	 (55993) 	T: 2 	 (52000) 	LAP 13
6480.36 s > TEAM: 1 	F: 80 	 (64000) 	S: 157 	 (56001) 	T: 81 	 (56000) 	LAP 14
6720.24 s > TEAM: 0 	F: 67 	 (63994) 	S: 0 	 (59993) 	T: 2 	 (56000) 	LAP 14
6960.36 s > TEAM: 1 	F: 80 	 (64000) 	S: 157 	 (60002) 	T: 81 	 (60000) 	LAP 15
7200.24 s > TEAM: 0 	F: 67 	 (64000) 	S: 0 	 (63995) 	T: 2 	 (60000) 	LAP 15
7200.36 s > TEAM: 1 	F: 80 	 (64000) 	S: 81 	 (64000) 	T: 157 	 (64000) 	LAP 16
7680.24 s > TEAM: 0 	F: 0 	 (64000) 	S: 2 	 (64000) 	T: 67 	 (64000) 	LAP 16
Broken Team 0: 4 (12), 14 (4), 17 (7), 18 (9), 20 (7), 22 (15), 24 (2), 28 (7), 31 (5), 32 (14), 33 (1), 35 (6), 36 (15), 45 (4), 50 (4), 54 (11), 58 (1), 63 (12), 66 (5), 71 (15), 75 (1), 
Broken Team 1: 83 (13), 90 (15), 92 (9), 94 (4), 95 (2), 96 (8), 97 (15), 98 (13), 99 (13), 103 (12), 110 (4), 115 (10), 119 (2), 126 (3), 129 (12), 131 (11), 132 (10), 136 (13), 141 (13), 142 (7), 149 (2), 150 (2), 153 (5), 155 (8), 158 (15), 159 (2), 
Finishing order: 80 (6000.75), 67 (6720.93), 157 (7200.27), 81 (7200.39), 0 (7200.87), 154 (7440.51), 135 (7440.69), 2 (7680.27), 1 (7680.39), 3 (7680.63), 5 (7680.75), 6 (7680.87), 8 (7680.99), 156 (7680.99), 7 (7681.11), 12 (7681.23), 82 (7681.23), 9 (7681.35), 10 (7681.47), 84 (7681.47), 85 (7681.59), 152 (7681.71), 16 (7681.83), 86 (7681.83), 88 (7681.95), 74 (7682.07), 146 (7682.07), 89 (7682.31), 13 (7682.43), 49 (7682.55), 91 (7682.55), 15 (7682.67), 87 (7682.67), 19 (7682.79), 117 (7682.79), 79 (7682.91), 151 (7682.91), 21 (7683.03), 23 (7683.15), 93 (7683.15), 25 (7683.27), 77 (7683.51), 26 (7683.63), 27 (7683.75), 11 (7683.87), 100 (7683.87), 102 (7683.99), 57 (7684.11), 104 (7684.11), 106 (7684.23), 101 (7684.35), 144 (7684.47), 60 (7684.71), 30 (7684.83), 29 (7684.95), 105 (7684.95), 109 (7685.07), 34 (7685.19), 111 (7685.31), 108 (7685.43), 37 (7685.55), 116 (7685.55), 42 (7685.67), 147 (7685.67), 38 (7685.79), 113 (7685.79), 41 (7685.91), 43 (7686.03), 112 (7686.03), 118 (7686.15), 39 (7686.27), 107 (7686.27), 55 (7686.39), 122 (7686.39), 48 (7686.51), 114 (7686.51), 40 (7686.63), 125 (7686.63), 46 (7686.75), 44 (7686.87), 120 (7686.87), 72 (7686.99), 121 (7686.99), 123 (7687.11), 47 (7687.23), 127 (7687.23), 51 (7687.35), 143 (7687.35), 56 (7687.47), 148 (7687.47), 53 (7687.59), 124 (7687.59), 52 (7687.71), 61 (7687.83), 65 (7687.95), 130 (7687.95), 59 (7688.07), 68 (7688.19), 70 (7688.31), 128 (7688.31), 76 (7688.43), 134 (7688.43), 73 (7688.55), 140 (7688.55), 139 (7688.67), 137 (7688.79), 133 (7688.91), 69 (7689.03), 62 (7689.15), 78 (7689.27), 64 (7689.39), 138 (7689.39), 145 (7689.51), 
Result: TEAM 1 WIN*
