Mode: RANDOM
480.24 s > TEAM: 1 	F: 159 	 (4002) 	S: 80 	 (4001) 	T: 81 	 (4000) 	LAP 1
480.36 s > TEAM: 0 	F: 1 	 (4006) 	S: 3 	 (4002) 	T: 0 	 (4000) 	LAP 1
720.36 s > TEAM: 0 	F: 1 	 (8003) 	S: 3 	 (8002) 	T: 0 	 (8000) 	LAP 2
960.24 s > TEAM: 1 	F: 159 	 (8004) 	S: 80 	 (8002) 	T: 81 	 (8000) 	LAP 2
1200.24 s > TEAM: 1 	F: 159 	 (12002) 	S: 80 	 (12001) 	T: 81 	 (12000) 	LAP 3
1200.36 s > TEAM: 0 	F: 3 	 (14005) 	S: 1 	 (12006) 	T: 0 	 (12000) 	LAP 3
1440.84 s > TEAM: 0 	F: 3 	 (17006) 	S: 1 	 (16001) 	T: 0 	 (16000) 	LAP 4
1680.24 s > TEAM: 1 	F: 159 	 (16002) 	S: 80 	 (16001) 	T: 81 	 (16000) 	LAP 4
1920.84 s > TEAM: 0 	F: 3 	 (21006) 	S: 1 	 (20001) 	T: 0 	 (20000) 	LAP 5
2160.24 s > TEAM: 1 	F: 159 	 (20004) 	S: 80 	 (20001) 	T: 81 	 (20000) 	LAP 5
2400.84 s > TEAM: 0 	F: 3 	 (25006) 	S: 1 	 (24001) 	T: 0 	 (24000) 	LAP 6
2640.24 s > TEAM: 1 	F: 159 	 (26002) 	S: 80 	 (24001) 	T: 81 	 (24000) 	LAP 6
3120.24 s > TEAM: 1 	F: 159 	 (31994) 	S: 80 	 (28001) 	T: 81 	 (28000) 	LAP 7
3360.48 s > TEAM: 0 	F: 1 	 (31998) 	S: 0 	 (31995) 	T: 4 	 (28000) 	LAP 7
3600.24 s > TEAM: 1 	F: 159 	 (35994) 	S: 80 	 (32001) 	T: 81 	 (32000) 	LAP 8
3600.48 s > TEAM: 0 	F: 1 	 (35997) 	S: 0 	 (33995) 	T: 4 	 (32000) 	LAP 8
3841.32 s > TEAM: 0 	F: 1 	 (38005) 	S: 0 	 (36002) 	T: 4 	 (36000) 	LAP 9
4080.24 s > TEAM: 1 	F: 159 	 (41995) 	S: 80 	 (36002) 	T: 81 	 (36000) 	LAP 9
4320.96 s > TEAM: 1 	F: 159 	 (44001) 	S: 82 	 (40000) 	T: 80 	 (40000) 	LAP 10
4321.32 s > TEAM: 0 	F: 1 	 (42005) 	S: 0 	 (40002) 	T: 4 	 (40000) 	LAP 10
4800.96 s > TEAM: 1 	F: 159 	 (48001) 	S: 80 	 (44000) 	T: 82 	 (44000) 	LAP 11
4801.44 s > TEAM: 0 	F: 1 	 (46006) 	S: 4 	 (44001) 	T: 5 	 (44000) 	LAP 11
5280.96 s > TEAM: 1 	F: 159 	 (52001) 	S: 80 	 (48000) 	T: 82 	 (48000) 	LAP 12
5281.44 s > TEAM: 0 	F: 1 	 (50006) 	S: 4 	 (48001) 	T: 5 	 (48000) 	LAP 12
5760.96 s > TEAM: 1 	F: 159 	 (56001) 	S: 80 	 (52000) 	T: 82 	 (52000) 	LAP 13
5761.44 s > TEAM: 0 	F: 1 	 (56001) 	S: 4 	 (52000) 	T: 5 	 (52000) 	LAP 13
6240.96 s > TEAM: 1 	F: 159 	 (60001) 	S: 80 	 (56000) 	T: 82 	 (56000) 	LAP 14
6241.38 s > TEAM: 0 	F: 1 	 (60001) 	S: 4 	 (56002) 	T: 5 	 (56000) 	LAP 14
6721.14 s > TEAM: 1 	F: 159 	 (64000) 	S: 82 	 (60003) 	T: 83 	 (60000) 	LAP 15
6721.38 s > TEAM: 0 	F: 1 	 (64000) 	S: 4 	 (61998) 	T: 5 	 (60000) 	LAP 15
6961.14 s > TEAM: 1 	F: 82 	 (64000) 	S: 83 	 (64000) 	T: 159 	 (64000) 	LAP 16
7201.38 s > TEAM: 0 	F: 1 	 (64000) 	S: 4 	 (64000) 	T: 5 	 (64000) 	LAP 16
Broken Team 0: 0 (10), 2 (0), 3 (6), 6 (11), 7 (15), 10 (8), 11 (13), 12 (0), 14 (8), 16 (0), 19 (5), 21 (1), 28 (9), 42 (11), 50 (15), 51 (0), 52 (4), 55 (7), 59 (0), 61 (2), 62 (8), 64 (2), 65 (14), 69 (5), 74 (13), 76 (1), 77 (13), 
Broken Team 1: 80 (14), 81 (10), 84 (14), 85 (14), 88 (3), 95 (3), 96 (4), 97 (1), 99 (4), 102 (7), 104 (4), 105 (1), 106 (13), 110 (14), 112 (2), 113 (3), 118 (9), 121 (9), 126 (5), 129 (7), 141 (1), 149 (12), 151 (3), 153 (6), 154 (14), 156 (15), 
Finishing order: 1 (6481.59), 159 (6720.87), 82 (6960.99), 83 (6961.17), 4 (6961.59), 5 (7201.41), 9 (7441.35), 8 (7441.47), 86 (7681.11), 87 (7681.23), 89 (7681.53), 90 (7681.59), 13 (7681.71), 92 (7681.71), 15 (7681.83), 91 (7681.83), 93 (7681.95), 20 (7682.07), 94 (7682.19), 22 (7682.31), 158 (7682.31), 23 (7682.43), 24 (7682.55), 26 (7682.67), 101 (7682.67), 25 (7682.79), 98 (7682.79), 27 (7682.91), 100 (7682.91), 29 (7683.03), 31 (7683.15), 107 (7683.27), 79 (7683.39), 30 (7683.51), 108 (7683.51), 37 (7683.63), 109 (7683.63), 34 (7683.75), 33 (7683.87), 36 (7683.99), 111 (7683.99), 38 (7684.11), 115 (7684.11), 39 (7684.23), 114 (7684.23), 40 (7684.35), 41 (7684.47), 47 (7684.59), 117 (7684.59), 142 (7684.71), 43 (7684.83), 116 (7684.83), 44 (7684.95), 119 (7684.95), 45 (7685.07), 125 (7685.07), 49 (7685.19), 122 (7685.19), 123 (7685.31), 48 (7685.43), 124 (7685.43), 54 (7685.55), 127 (7685.67), 128 (7685.79), 53 (7685.91), 131 (7685.91), 56 (7686.03), 57 (7686.15), 58 (7686.27), 130 (7686.27), 133 (7686.39), 132 (7686.51), 134 (7686.63), 135 (7686.75), 137 (7686.87), 66 (7686.99), 139 (7686.99), 68 (7687.11), 140 (7687.11), 70 (7687.23), 67 (7687.35), 148 (7687.35), 73 (7687.47), 147 (7687.47), 143 (7687.59), 71 (7687.71), 146 (7687.71), 72 (7687.83), 150 (7687.83), 63 (7688.07), 152 (7688.07), 75 (7688.19), 78 (7688.31), 155 (7688.43), 17 (7688.67), 157 (7688.67), 120 (7688.79), 35 (7688.91), 103 (7688.91), 32 (7689.03), 60 (7689.15), 138 (7689.15), 18 (7689.27), 136 (7689.27), 46 (7689.39), 145 (7689.39), 144 (7689.51), 
Result: TEAM 1 WIN*
.51), 
Result: TEAM 1 WIN*
