Mode: RANDOM
480.24 s > TEAM: 0 	F: 2 	 (4002) 	S: 1 	 (4001) 	T: 3 	 (4000) 	LAP 1
480.24 s > TEAM: 1 	F: 159 	 (4004) 	S: 80 	 (4001) 	T: 158 	 (4000) 	LAP 1
960.24 s > TEAM: 0 	F: 2 	 (8002) 	S: 1 	 (8001) 	T: 3 	 (8000) 	LAP 2
960.24 s > TEAM: 1 	F: 159 	 (10002) 	S: 80 	 (8001) 	T: 158 	 (8000) 	LAP 2
1440.24 s > TEAM: 0 	F: 2 	 (12004) 	S: 1 	 (12002) 	T: 3 	 (12000) 	LAP 3
1440.24 s > TEAM: 1 	F: 159 	 (16002) 	S: 80 	 (12001) 	T: 158 	 (12000) 	LAP 3
1680.24 s > TEAM: 0 	F: 2 	 (16002) 	S: 1 	 (16001) 	T: 3 	 (16000) 	LAP 4
1920.24 s > TEAM: 1 	F: 159 	 (20004) 	S: 80 	 (16001) 	T: 158 	 (16000) 	LAP 4
2160.00 s > TEAM: 0 	F: 3 	 (21998) 	S: 1 	 (20999) 	T: 2 	 (20000) 	LAP 5
2400.24 s > TEAM: 1 	F: 159 	 (28004) 	S: 80 	 (20001) 	T: 158 	 (20000) 	LAP 5
2640.24 s > TEAM: 1 	F: 159 	 (32002) 	S: 80 	 (24001) 	T: 158 	 (24000) 	LAP 6
2880.36 s > TEAM: 0 	F: 3 	 (33002) 	S: 1 	 (29002) 	T: 0 	 (24000) 	LAP 6
3120.24 s > TEAM: 1 	F: 159 	 (36004) 	S: 80 	 (29000) 	T: 158 	 (28000) 	LAP 7
3360.36 s > TEAM: 0 	F: 3 	 (37002) 	S: 1 	 (33002) 	T: 0 	 (28000) 	LAP 7
3600.24 s > TEAM: 1 	F: 159 	 (41000) 	S: 80 	 (33000) 	T: 158 	 (32000) 	LAP 8
3840.36 s > TEAM: 0 	F: 3 	 (41002) 	S: 1 	 (37002) 	T: 0 	 (32000) 	LAP 8
4080.24 s > TEAM: 1 	F: 159 	 (45000) 	S: 80 	 (37000) 	T: 158 	 (36000) 	LAP 9
4320.36 s > TEAM: 0 	F: 3 	 (46004) 	S: 1 	 (41002) 	T: 0 	 (36000) 	LAP 9
4800.36 s > TEAM: 0 	F: 3 	 (51002) 	S: 1 	 (45002) 	T: 0 	 (40000) 	LAP 10
4800.48 s > TEAM: 1 	F: 159 	 (53002) 	S: 158 	 (42002) 	T: 82 	 (40000) 	LAP 10
5280.36 s > TEAM: 0 	F: 3 	 (55002) 	S: 1 	 (49002) 	T: 0 	 (44000) 	LAP 11
5280.48 s > TEAM: 1 	F: 159 	 (58004) 	S: 158 	 (46002) 	T: 82 	 (44000) 	LAP 11
5760.36 s > TEAM: 0 	F: 3 	 (62004) 	S: 1 	 (53002) 	T: 0 	 (48000) 	LAP 12
5760.48 s > TEAM: 1 	F: 159 	 (64000) 	S: 158 	 (50002) 	T: 82 	 (48000) 	LAP 12
6240.36 s > TEAM: 0 	F: 3 	 (64000) 	S: 1 	 (58005) 	T: 0 	 (52000) 	LAP 13
6240.48 s > TEAM: 1 	F: 159 	 (64000) 	S: 158 	 (54002) 	T: 82 	 (52000) 	LAP 13
6720.36 s > TEAM: 0 	F: 3 	 (64000) 	S: 1 	 (63002) 	T: 0 	 (56000) 	LAP 14
6720.48 s > TEAM: 1 	F: 159 	 (64000) 	S: 158 	 (60004) 	T: 82 	 (56000) 	LAP 14
7200.36 s > TEAM: 0 	F: 1 	 (64000) 	S: 3 	 (64000) 	T: 0 	 (60000) 	LAP 15
7200.48 s > TEAM: 1 	F: 158 	 (64000) 	S: 159 	 (64000) 	T: 82 	 (60000) 	LAP 15
7440.36 s > TEAM: 0 	F: 0 	 (64000) 	S: 1 	 (64000) 	T: 3 	 (64000) 	LAP 16
7440.48 s > TEAM: 1 	F: 82 	 (64000) 	S: 158 	 (64000) 	T: 159 	 (64000) 	LAP 16
Broken Team 0: 2 (5), 5 (7), 7 (5), 8 (6), 9 (2), 12 (4), 14 (15), 16 (5), 19 (9), 20 (7), 21 (15), 26 (10), 28 (0), 35 (1), 36 (10), 40 (14), 44 (6), 46 (0), 54 (2), 64 (0), 67 (6), 68 (12), 69 (1), 71 (11), 73 (3), 74 (8), 75 (9), 
Broken Team 1: 80 (9), 81 (5), 83 (7), 85 (8), 92 (5), 98 (15), 102 (3), 104 (6), 107 (6), 112 (10), 114 (5), 120 (0), 121 (3), 129 (0), 131 (6), 132 (4), 134 (0), 137 (5), 138 (3), 139 (3), 142 (3), 145 (10), 146 (0), 147 (1), 149 (2), 152 (12), 
Finishing order: 159 (5640.27), 3 (5880.15), 1 (6840.09), 158 (6960.27), 0 (7440.39), 4 (7440.51), 82 (7440.51), 6 (7440.63), 84 (7680.75), 86 (7680.87), 87 (7681.11), 10 (7681.23), 88 (7681.23), 89 (7681.35), 11 (7681.47), 90 (7681.47), 13 (7681.59), 135 (7681.59), 91 (7681.71), 15 (7681.83), 93 (7681.95), 17 (7682.07), 94 (7682.07), 95 (7682.19), 96 (7682.31), 97 (7682.43), 18 (7682.55), 157 (7682.55), 22 (7682.67), 155 (7682.67), 23 (7682.79), 24 (7682.91), 25 (7683.03), 99 (7683.03), 100 (7683.15), 27 (7683.27), 154 (7683.27), 29 (7683.51), 153 (7683.51), 30 (7683.63), 156 (7683.63), 31 (7683.75), 103 (7683.75), 32 (7683.87), 101 (7683.87), 33 (7683.99), 105 (7684.23), 37 (7684.35), 34 (7684.47), 106 (7684.47), 38 (7684.59), 108 (7684.59), 110 (7684.71), 41 (7684.83), 109 (7684.83), 39 (7684.95), 111 (7684.95), 42 (7685.07), 43 (7685.19), 113 (7685.19), 150 (7685.31), 45 (7685.43), 115 (7685.55), 47 (7685.67), 117 (7685.67), 49 (7685.79), 118 (7685.79), 48 (7685.91), 151 (7685.91), 50 (7686.03), 116 (7686.03), 51 (7686.15), 119 (7686.15), 52 (7686.27), 53 (7686.39), 122 (7686.39), 56 (7686.51), 123 (7686.63), 57 (7686.75), 55 (7686.87), 58 (7686.99), 63 (7687.11), 124 (7687.11), 61 (7687.23), 125 (7687.23), 59 (7687.35), 126 (7687.35), 60 (7687.47), 127 (7687.47), 62 (7687.59), 128 (7687.71), 65 (7687.83), 130 (7687.83), 66 (7687.95), 143 (7688.07), 133 (7688.19), 136 (7688.31), 70 (7688.55), 72 (7688.67), 148 (7688.67), 76 (7689.03), 141 (7689.03), 78 (7689.15), 140 (7689.15), 79 (7689.39), 144 (7689.39), 77 (7689.51), 
Result: TEAM 0 WIN*
