Mode: RANDOM
480.24 s > TEAM: 0 	F: 1 	 (4004) 	S: 0 	 (4002) 	T: 2 	 (4000) 	LAP 1
480.24 s > TEAM: 1 	F: 159 	 (4004) 	S: 114 	 (4001) 	T: 81 	 (4000) 	LAP 1
720.24 s > TEAM: 0 	F: 0 	 (8002) 	S: 1 	 (8002) 	T: 2 	 (8000) 	LAP 2
960.36 s > TEAM: 1 	F: 159 	 (12006) 	S: 81 	 (8002) 	T: 80 	 (8000) 	LAP 2
1200.00 s > TEAM: 0 	F: 0 	 (15998) 	S: 2 	 (13998) 	T: 1 	 (12000) 	LAP 3
1440.36 s > TEAM: 1 	F: 159 	 (18003) 	S: 81 	 (14001) 	T: 80 	 (12000) 	LAP 3
1680.00 s > TEAM: 0 	F: 0 	 (19999) 	S: 2 	 (17998) 	T: 1 	 (16000) 	LAP 4
1920.36 s > TEAM: 1 	F: 159 	 (22003) 	S: 81 	 (18001) 	T: 80 	 (16000) 	LAP 4
2160.00 s > TEAM: 0 	F: 0 	 (23999) 	S: 2 	 (21998) 	T: 1 	 (20000) 	LAP 5
2400.36 s > TEAM: 1 	F: 159 	 (23862) 	S: 81 	 (22001) 	T: 80 	 (20000) 	LAP 5
2640.00 s > TEAM: 0 	F: 0 	 (29997) 	S: 2 	 (25998) 	T: 1 	 (24000) 	LAP 6
2880.48 s > TEAM: 1 	F: 81 	 (28004) 	S: 80 	 (24002) 	T: 82 	 (24000) 	LAP 6
3120.00 s > TEAM: 0 	F: 0 	 (34997) 	S: 2 	 (29998) 	T: 1 	 (28000) 	LAP 7
3360.48 s > TEAM: 1 	F: 81 	 (36002) 	S: 80 	 (32002) 	T: 82 	 (28000) 	LAP 7
3600.00 s > TEAM: 0 	F: 0 	 (40997) 	S: 2 	 (33998) 	T: 1 	 (32000) 	LAP 8
3840.48 s > TEAM: 1 	F: 81 	 (40004) 	S: 80 	 (38001) 	T: 82 	 (32000) 	LAP 8
4080.00 s > TEAM: 0 	F: 0 	 (45995) 	S: 2 	 (37998) 	T: 1 	 (36000) 	LAP 9
4320.48 s > TEAM: 1 	F: 81 	 (48004) 	S: 80 	 (44002) 	T: 82 	 (36000) 	LAP 9
4560.00 s > TEAM: 0 	F: 0 	 (50997) 	S: 2 	 (41998) 	T: 1 	 (40000) 	LAP 10
4800.60 s > TEAM: 1 	F: 81 	 (54003) 	S: 80 	 (50002) 	T: 83 	 (40000) 	LAP 10
5040.00 s > TEAM: 0 	F: 0 	 (54997) 	S: 2 	 (45998) 	T: 1 	 (44000) 	LAP 11
5280.60 s > TEAM: 1 	F: 81 	 (58003) 	S: 80 	 (54002) 	T: 83 	 (44000) 	LAP 11
5520.00 s > TEAM: 0 	F: 0 	 (58997) 	S: 2 	 (49998) 	T: 1 	 (48000) 	LAP 12
5760.60 s > TEAM: 1 	F: 81 	 (62003) 	S: 80 	 (58002) 	T: 83 	 (48000) 	LAP 12
6000.00 s > TEAM: 0 	F: 0 	 (62997) 	S: 2 	 (53998) 	T: 1 	 (52000) 	LAP 13
6240.60 s > TEAM: 1 	F: 81 	 (64000) 	S: 80 	 (62002) 	T: 83 	 (52000) 	LAP 13
6480.00 s > TEAM: 0 	F: 0 	 (64000) 	S: 2 	 (57998) 	T: 1 	 (56000) 	LAP 14
6720.60 s > TEAM: 1 	F: 80 	 (64000) 	S: 81 	 (64000) 	T: 83 	 (56000) 	LAP 14
6960.00 s > TEAM: 0 	F: 0 	 (64000) 	S: 2 	 (63996) 	T: 1 	 (60000) 	LAP 15
6960.60 s > TEAM: 1 	F: 80 	 (64000) 	S: 81 	 (64000) 	T: 83 	 (60000) 	LAP 15
7200.60 s > TEAM: 1 	F: 80 	 (64000) 	S: 81 	 (64000) 	T: 83 	 (64000) 	LAP 16
7200.96 s > TEAM: 0 	F: 0 	 (64000) 	S: 1 	 (64000) 	T: 2 	 (64000) 	LAP 16
Broken Team 0: 3 (6), 5 (0), 6 (14), 10 (0), 11 (11), 14 (15), 15 (3), 19 (5), 22 (0), 27 (5), 28 (4), 30 (1), 33 (7), 40 (8), 41 (5), 46 (1), 51 (1), 52 (3), 59 (0), 61 (6), 63 (15), 64 (11), 71 (7), 76 (8), 77 (1), 
Broken Team 1: 82 (9), 84 (3), 86 (0), 88 (9), 91 (0), 92 (3), 96 (1), 105 (14), 114 (1), 118 (11), 119 (14), 129 (7), 130 (15), 136 (10), 137 (14), 139 (4), 140 (5), 142 (4), 145 (6), 146 (0), 148 (2), 154 (8), 155 (12), 156 (13), 157 (7), 159 (5), 
Finishing order: 81 (6000.27), 0 (6120.33), 80 (6480.39), 2 (6960.27), 83 (7200.63), 1 (7200.99), 113 (7440.87), 112 (7440.93), 4 (7680.63), 7 (7680.87), 85 (7681.11), 12 (7681.23), 13 (7681.35), 87 (7681.35), 9 (7681.47), 89 (7681.47), 151 (7681.59), 16 (7681.71), 90 (7681.71), 24 (7681.95), 93 (7681.95), 17 (7682.07), 18 (7682.19), 94 (7682.19), 25 (7682.31), 95 (7682.31), 20 (7682.43), 32 (7682.67), 98 (7682.67), 78 (7682.79), 97 (7682.79), 23 (7682.91), 100 (7682.91), 99 (7683.03), 101 (7683.15), 26 (7683.27), 106 (7683.27), 79 (7683.39), 104 (7683.39), 31 (7683.51), 21 (7683.63), 103 (7683.75), 29 (7683.87), 110 (7683.87), 115 (7683.99), 57 (7684.11), 108 (7684.23), 53 (7684.35), 117 (7684.35), 34 (7684.47), 35 (7684.59), 36 (7684.71), 121 (7684.71), 37 (7684.83), 122 (7684.83), 39 (7684.95), 125 (7684.95), 120 (7685.07), 55 (7685.19), 124 (7685.19), 126 (7685.31), 132 (7685.43), 38 (7685.55), 135 (7685.55), 45 (7685.67), 127 (7685.67), 43 (7685.79), 131 (7685.79), 47 (7685.91), 42 (7686.03), 134 (7686.03), 49 (7686.39), 141 (7686.39), 44 (7686.51), 54 (7686.63), 138 (7686.63), 48 (7686.75), 144 (7686.75), 116 (7686.87), 58 (7686.99), 66 (7687.11), 150 (7687.11), 65 (7687.23), 70 (7687.35), 68 (7687.47), 143 (7687.47), 158 (7687.59), 149 (7687.71), 60 (7687.83), 69 (7687.95), 102 (7687.95), 62 (7688.07), 111 (7688.07), 56 (7688.19), 74 (7688.43), 152 (7688.55), 73 (7688.67), 153 (7688.67), 8 (7688.79), 50 (7688.91), 107 (7688.91), 72 (7689.03), 128 (7689.03), 133 (7689.15), 75 (7689.27), 109 (7689.27), 123 (7689.39), 67 (7689.51), 147 (7689.51), 
Result: TEAM 0 WIN*
7689.51), 134 (7689.51), 
Result: TEAM 1 WIN*

