Mode: RANDOM
480.24 s > TEAM: 0 	F: 1 	 (4002) 	S: 2 	 (4001) 	T: 3 	 (4000) 	LAP 1
480.24 s > TEAM: 1 	F: 159 	 (4002) 	S: 80 	 (4001) 	T: 81 	 (4000) 	LAP 1
960.24 s > TEAM: 0 	F: 1 	 (8002) 	S: 2 	 (8001) 	T: 3 	 (8000) 	LAP 2
960.24 s > TEAM: 1 	F: 159 	 (8002) 	S: 80 	 (8001) 	T: 81 	 (8000) 	LAP 2
1440.24 s > TEAM: 0 	F: 1 	 (12002) 	S: 2 	 (12001) 	T: 3 	 (12000) 	LAP 3
1440.24 s > TEAM: 1 	F: 159 	 (12002) 	S: 80 	 (12001) 	T: 81 	 (12000) 	LAP 3
1920.24 s > TEAM: 0 	F: 1 	 (16002) 	S: 2 	 (16001) 	T: 3 	 (16000) 	LAP 4
1920.24 s > TEAM: 1 	F: 159 	 (16004) 	S: 80 	 (16002) 	T: 81 	 (16000) 	LAP 4
2400.24 s > TEAM: 0 	F: 1 	 (20004) 	S: 2 	 (20001) 	T: 3 	 (20000) 	LAP 5
2400.24 s > TEAM: 1 	F: 159 	 (24002) 	S: 80 	 (24001) 	T: 81 	 (20000) 	LAP 5
2880.24 s > TEAM: 0 	F: 1 	 (26002) 	S: 2 	 (24001) 	T: 3 	 (24000) 	LAP 6
2880.24 s > TEAM: 1 	F: 159 	 (28004) 	S: 80 	 (28001) 	T: 81 	 (24000) 	LAP 6
3360.24 s > TEAM: 0 	F: 1 	 (30002) 	S: 2 	 (28001) 	T: 3 	 (28000) 	LAP 7
3360.24 s > TEAM: 1 	F: 159 	 (34002) 	S: 80 	 (32001) 	T: 81 	 (28000) 	LAP 7
3840.24 s > TEAM: 0 	F: 1 	 (34002) 	S: 2 	 (32001) 	T: 3 	 (32000) 	LAP 8
3840.24 s > TEAM: 1 	F: 159 	 (40002) 	S: 80 	 (36001) 	T: 81 	 (32000) 	LAP 8
4320.24 s > TEAM: 0 	F: 1 	 (40004) 	S: 2 	 (36001) 	T: 3 	 (36000) 	LAP 9
4320.24 s > TEAM: 1 	F: 159 	 (44004) 	S: 80 	 (40002) 	T: 81 	 (36000) 	LAP 9
4560.24 s > TEAM: 1 	F: 159 	 (48004) 	S: 80 	 (44002) 	T: 81 	 (40000) 	LAP 10
4800.24 s > TEAM: 0 	F: 1 	 (48002) 	S: 2 	 (40001) 	T: 3 	 (40000) 	LAP 10
4800.24 s > TEAM: 1 	F: 159 	 (52002) 	S: 80 	 (48001) 	T: 81 	 (44000) 	LAP 11
5280.24 s > TEAM: 0 	F: 1 	 (52004) 	S: 2 	 (44002) 	T: 3 	 (44000) 	LAP 11
5280.24 s > TEAM: 1 	F: 159 	 (56004) 	S: 80 	 (52001) 	T: 81 	 (48000) 	LAP 12
5520.24 s > TEAM: 0 	F: 1 	 (56004) 	S: 2 	 (48002) 	T: 3 	 (48000) 	LAP 12
5760.24 s > TEAM: 1 	F: 159 	 (62002) 	S: 80 	 (56001) 	T: 81 	 (52000) 	LAP 13
5760.36 s > TEAM: 0 	F: 1 	 (60006) 	S: 2 	 (52004) 	T: 4 	 (52000) 	LAP 13
6240.24 s > TEAM: 1 	F: 159 	 (64000) 	S: 80 	 (60002) 	T: 81 	 (56000) 	LAP 14
6240.36 s > TEAM: 0 	F: 1 	 (64000) 	S: 2 	 (60004) 	T: 4 	 (56000) 	LAP 14
6480.24 s > TEAM: 1 	F: 80 	 (64000) 	S: 159 	 (64000) 	T: 81 	 (60000) 	LAP 15
6720.24 s > TEAM: 1 	F: 80 	 (64000) 	S: 81 	 (64000) 	T: 159 	 (64000) 	LAP 16
6720.36 s > TEAM: 0 	F: 1 	 (64000) 	S: 2 	 (64000) 	T: 4 	 (60000) 	LAP 15
7200.36 s > TEAM: 0 	F: 1 	 (64000) 	S: 2 	 (64000) 	T: 4 	 (64000) 	LAP 16
Broken Team 0: 0 (6), 3 (12), 5 (5), 7 (1), 8 (13), 9 (8), 12 (12), 15 (13), 19 (1), 20 (11), 21 (7), 24 (7), 25 (5), 30 (14), 42 (2), 45 (9), 50 (8), 55 (10), 57 (6), 59 (0), 60 (3), 63 (5), 66 (7), 67 (2), 70 (14), 72 (6), 74 (7), 75 (14), 76 (6), 79 (4), 
Broken Team 1: 82 (0), 86 (4), 88 (13), 92 (4), 95 (9), 96 (8), 99 (6), 105 (13), 110 (9), 111 (3), 112 (13), 113 (10), 117 (10), 118 (3), 119 (13), 121 (5), 126 (7), 134 (12), 135 (15), 138 (14), 142 (9), 147 (1), 148 (6), 149 (10), 153 (7), 156 (10), 158 (10), 
Finishing order: 1 (6000.03), 159 (6000.03), 2 (6480.15), 80 (6480.15), 81 (6720.27), 4 (7200.39), 83 (7440.51), 6 (7680.63), 85 (7680.63), 84 (7680.75), 87 (7680.99), 10 (7681.11), 18 (7681.23), 89 (7681.23), 11 (7681.35), 90 (7681.35), 91 (7681.47), 13 (7681.59), 14 (7681.71), 93 (7681.71), 94 (7681.95), 16 (7682.19), 97 (7682.31), 98 (7682.43), 101 (7682.55), 23 (7682.67), 102 (7682.67), 22 (7682.79), 107 (7682.79), 108 (7682.91), 103 (7683.03), 26 (7683.15), 109 (7683.15), 28 (7683.39), 150 (7683.39), 27 (7683.51), 31 (7683.75), 29 (7683.87), 114 (7683.87), 32 (7683.99), 116 (7683.99), 37 (7684.11), 33 (7684.23), 38 (7684.35), 120 (7684.35), 35 (7684.47), 39 (7684.59), 125 (7684.59), 40 (7684.71), 115 (7684.71), 122 (7684.83), 43 (7684.95), 123 (7684.95), 41 (7685.07), 127 (7685.07), 44 (7685.19), 124 (7685.19), 78 (7685.31), 136 (7685.31), 48 (7685.43), 129 (7685.43), 47 (7685.55), 53 (7685.67), 137 (7685.67), 49 (7685.79), 140 (7685.79), 54 (7685.91), 139 (7685.91), 141 (7686.03), 73 (7686.15), 51 (7686.27), 146 (7686.27), 144 (7686.39), 145 (7686.51), 56 (7686.63), 61 (7686.87), 152 (7686.87), 62 (7686.99), 64 (7687.11), 155 (7687.11), 154 (7687.23), 65 (7687.35), 68 (7687.47), 69 (7687.71), 100 (7687.71), 157 (7687.83), 46 (7688.07), 131 (7688.07), 77 (7688.19), 106 (7688.31), 104 (7688.43), 36 (7688.55), 128 (7688.55), 17 (7688.67), 130 (7688.67), 71 (7688.79), 143 (7688.79), 52 (7688.91), 133 (7688.91), 34 (7689.03), 132 (7689.03), 151 (7689.39), 58 (7689.51), 
Result: TEAM 1 WIN*
