Mode: RANDOM
480.24 s > TEAM: 0 	F: 1 	 (4004) 	S: 3 	 (4002) 	T: 2 	 (4000) 	LAP 1
480.24 s > TEAM: 1 	F: 159 	 (4002) 	S: 80 	 (4001) 	T: 81 	 (4000) 	LAP 1
720.24 s > TEAM: 0 	F: 1 	 (8002) 	S: 3 	 (8001) 	T: 2 	 (8000) 	LAP 2
960.24 s > TEAM: 1 	F: 159 	 (8002) 	S: 80 	 (8001) 	T: 81 	 (8000) 	LAP 2
1200.18 s > TEAM: 0 	F: 1 	 (12003) 	S: 3 	 (12001) 	T: 2 	 (12000) 	LAP 3
1440.24 s > TEAM: 1 	F: 159 	 (12004) 	S: 80 	 (12002) 	T: 81 	 (12000) 	LAP 3
1680.06 s > TEAM: 0 	F: 1 	 (20000) 	S: 2 	 (17998) 	T: 3 	 (16000) 	LAP 4
1680.24 s > TEAM: 1 	F: 80 	 (16002) 	S: 159 	 (16002) 	T: 81 	 (16000) 	LAP 4
1920.36 s > TEAM: 1 	F: 81 	 (20002) 	S: 80 	 (20001) 	T: 82 	 (20000) 	LAP 5
2160.06 s > TEAM: 0 	F: 1 	 (24001) 	S: 2 	 (24000) 	T: 3 	 (20000) 	LAP 5
2400.36 s > TEAM: 1 	F: 81 	 (26004) 	S: 80 	 (25001) 	T: 82 	 (24000) 	LAP 6
2640.06 s > TEAM: 0 	F: 1 	 (31996) 	S: 2 	 (31996) 	T: 3 	 (24000) 	LAP 6
2880.36 s > TEAM: 1 	F: 81 	 (31002) 	S: 80 	 (29001) 	T: 82 	 (28000) 	LAP 7
3120.06 s > TEAM: 0 	F: 1 	 (35996) 	S: 2 	 (35996) 	T: 3 	 (28000) 	LAP 7
3360.36 s > TEAM: 1 	F: 81 	 (35999) 	S: 80 	 (33001) 	T: 82 	 (32000) 	LAP 8
3600.06 s > TEAM: 0 	F: 2 	 (39996) 	S: 1 	 (39995) 	T: 3 	 (32000) 	LAP 8
3840.36 s > TEAM: 1 	F: 81 	 (39999) 	S: 80 	 (37001) 	T: 82 	 (36000) 	LAP 9
4080.06 s > TEAM: 0 	F: 2 	 (43996) 	S: 1 	 (43995) 	T: 3 	 (36000) 	LAP 9
4320.36 s > TEAM: 1 	F: 81 	 (43999) 	S: 80 	 (41001) 	T: 82 	 (40000) 	LAP 10
4560.06 s > TEAM: 0 	F: 1 	 (47996) 	S: 2 	 (47995) 	T: 3 	 (40000) 	LAP 10
4800.36 s > TEAM: 1 	F: 81 	 (47999) 	S: 80 	 (45001) 	T: 82 	 (44000) 	LAP 11
5040.06 s > TEAM: 0 	F: 1 	 (51996) 	S: 2 	 (51995) 	T: 3 	 (44000) 	LAP 11
5280.36 s > TEAM: 1 	F: 81 	 (51999) 	S: 80 	 (49001) 	T: 82 	 (48000) 	LAP 12
5520.06 s > TEAM: 0 	F: 1 	 (55996) 	S: 2 	 (55995) 	T: 3 	 (48000) 	LAP 12
5760.36 s > TEAM: 1 	F: 81 	 (55999) 	S: 80 	 (53001) 	T: 82 	 (52000) 	LAP 13
6000.06 s > TEAM: 0 	F: 1 	 (59996) 	S: 2 	 (59995) 	T: 3 	 (52000) 	LAP 13
6240.36 s > TEAM: 1 	F: 81 	 (59999) 	S: 80 	 (58003) 	T: 82 	 (56000) 	LAP 14
6480.06 s > TEAM: 0 	F: 1 	 (63996) 	S: 2 	 (63995) 	T: 3 	 (56000) 	LAP 14
6720.36 s > TEAM: 1 	F: 81 	 (63999) 	S: 80 	 (63001) 	T: 82 	 (60000) 	LAP 15
6960.06 s > TEAM: 0 	F: 1 	 (64000) 	S: 2 	 (64000) 	T: 3 	 (60000) 	LAP 15
7200.06 s > TEAM: 0 	F: 1 	 (64000) 	S: 2 	 (64000) 	T: 3 	 (64000) 	LAP 16
7200.36 s > TEAM: 1 	F: 80 	 (64000) 	S: 81 	 (64000) 	T: 82 	 (64000) 	LAP 16
Broken Team 0: 4 (0), 6 (3), 8 (2), 10 (1), 12 (1), 13 (14), 14 (12), 18 (5), 21 (7), 31 (11), 33 (0), 35 (10), 38 (3), 39 (1), 40 (4), 47 (7), 48 (12), 58 (11), 64 (0), 66 (3), 69 (2), 74 (0), 76 (5), 77 (13), 79 (9), 
Broken Team 1: 86 (9), 92 (7), 93 (4), 94 (10), 100 (0), 105 (6), 106 (14), 107 (14), 110 (2), 112 (12), 119 (2), 122 (7), 123 (8), 128 (14), 134 (2), 137 (11), 138 (7), 139 (13), 143 (10), 145 (12), 147 (1), 150 (9), 152 (7), 154 (1), 155 (8), 159 (5), 
Finishing order: 1 (6480.51), 2 (6480.63), 81 (6720.51), 80 (6840.21), 3 (7200.09), 0 (7200.39), 82 (7200.39), 83 (7440.51), 5 (7440.63), 158 (7680.63), 84 (7680.75), 130 (7680.87), 7 (7680.99), 129 (7680.99), 65 (7681.23), 91 (7681.23), 9 (7681.35), 85 (7681.35), 87 (7681.47), 71 (7681.59), 89 (7681.59), 11 (7681.71), 131 (7681.71), 151 (7681.83), 28 (7681.95), 95 (7681.95), 16 (7682.19), 133 (7682.19), 15 (7682.43), 97 (7682.43), 96 (7682.55), 19 (7682.67), 99 (7682.67), 104 (7682.79), 17 (7682.91), 98 (7682.91), 22 (7683.03), 34 (7683.15), 102 (7683.15), 24 (7683.27), 23 (7683.39), 88 (7683.39), 73 (7683.51), 101 (7683.51), 20 (7683.63), 103 (7683.63), 29 (7683.75), 26 (7683.87), 109 (7683.87), 27 (7684.11), 25 (7684.23), 108 (7684.47), 32 (7684.59), 36 (7684.83), 114 (7684.83), 111 (7684.95), 41 (7685.19), 113 (7685.19), 37 (7685.31), 115 (7685.31), 43 (7685.43), 118 (7685.43), 46 (7685.55), 117 (7685.55), 44 (7685.67), 121 (7685.67), 30 (7685.79), 116 (7685.79), 149 (7685.91), 42 (7686.03), 156 (7686.03), 127 (7686.15), 50 (7686.27), 49 (7686.39), 45 (7686.51), 124 (7686.51), 54 (7686.63), 120 (7686.63), 56 (7686.75), 132 (7686.75), 53 (7686.99), 126 (7686.99), 59 (7687.11), 60 (7687.23), 135 (7687.35), 67 (7687.59), 136 (7687.59), 61 (7687.71), 57 (7687.83), 144 (7687.83), 62 (7687.95), 125 (7687.95), 142 (7688.07), 63 (7688.19), 140 (7688.19), 141 (7688.31), 78 (7688.43), 148 (7688.43), 72 (7688.55), 70 (7688.67), 157 (7688.79), 68 (7689.03), 52 (7689.15), 146 (7689.15), 55 (7689.27), 153 (7689.27), 51 (7689.39), 75 (7689.51), 90 (7689.51), 
Result: TEAM 0 WIN*
1), 
Result: TEAM 0 WIN*
