Mode: RANDOM
480.24 s > TEAM: 1 	F: 159 	 (4002) 	S: 80 	 (4001) 	T: 158 	 (4000) 	LAP 1
480.36 s > TEAM: 0 	F: 2 	 (4002) 	S: 3 	 (4001) 	T: 4 	 (4000) 	LAP 1
960.24 s > TEAM: 1 	F: 159 	 (8004) 	S: 80 	 (8001) 	T: 158 	 (8000) 	LAP 2
960.36 s > TEAM: 0 	F: 2 	 (8002) 	S: 3 	 (8001) 	T: 4 	 (8000) 	LAP 2
1440.24 s > TEAM: 1 	F: 159 	 (16002) 	S: 80 	 (12001) 	T: 158 	 (12000) 	LAP 3
1440.36 s > TEAM: 0 	F: 2 	 (12004) 	S: 3 	 (12002) 	T: 4 	 (12000) 	LAP 3
1680.36 s > TEAM: 0 	F: 2 	 (16004) 	S: 3 	 (16001) 	T: 4 	 (16000) 	LAP 4
1920.24 s > TEAM: 1 	F: 159 	 (20002) 	S: 80 	 (16001) 	T: 158 	 (16000) 	LAP 4
2160.36 s > TEAM: 0 	F: 2 	 (24000) 	S: 3 	 (20001) 	T: 4 	 (20000) 	LAP 5
2400.24 s > TEAM: 1 	F: 159 	 (24004) 	S: 80 	 (20002) 	T: 158 	 (20000) 	LAP 5
2640.36 s > TEAM: 0 	F: 2 	 (28001) 	S: 3 	 (24002) 	T: 4 	 (24000) 	LAP 6
2880.24 s > TEAM: 1 	F: 80 	 (26001) 	S: 159 	 (25527) 	T: 158 	 (24000) 	LAP 6
2880.36 s > TEAM: 0 	F: 2 	 (32000) 	S: 3 	 (28001) 	T: 4 	 (28000) 	LAP 7
3360.36 s > TEAM: 0 	F: 2 	 (36001) 	S: 3 	 (32001) 	T: 4 	 (32000) 	LAP 8
3360.48 s > TEAM: 1 	F: 80 	 (32003) 	S: 158 	 (28002) 	T: 81 	 (28000) 	LAP 7
3840.24 s > TEAM: 0 	F: 2 	 (41999) 	S: 4 	 (37999) 	T: 3 	 (36000) 	LAP 9
3840.48 s > TEAM: 1 	F: 80 	 (36003) 	S: 158 	 (32002) 	T: 81 	 (32000) 	LAP 8
4320.24 s > TEAM: 0 	F: 2 	 (43229) 	S: 4 	 (42384) 	T: 3 	 (40000) 	LAP 10
4320.48 s > TEAM: 1 	F: 80 	 (40006) 	S: 158 	 (36004) 	T: 81 	 (36000) 	LAP 9
4800.48 s > TEAM: 1 	F: 80 	 (46003) 	S: 158 	 (42002) 	T: 81 	 (40000) 	LAP 10
5280.48 s > TEAM: 1 	F: 80 	 (50003) 	S: 158 	 (46002) 	T: 81 	 (44000) 	LAP 11
5280.60 s > TEAM: 0 	F: 4 	 (50387) 	S: 3 	 (48003) 	T: 6 	 (44000) 	LAP 11
5760.48 s > TEAM: 1 	F: 80 	 (56006) 	S: 158 	 (50002) 	T: 81 	 (48000) 	LAP 12
5760.60 s > TEAM: 0 	F: 4 	 (56005) 	S: 3 	 (52006) 	T: 6 	 (48000) 	LAP 12
6000.60 s > TEAM: 0 	F: 4 	 (60005) 	S: 3 	 (56006) 	T: 6 	 (52000) 	LAP 13
6240.48 s > TEAM: 1 	F: 80 	 (64000) 	S: 158 	 (56002) 	T: 81 	 (52000) 	LAP 13
6240.60 s > TEAM: 0 	F: 4 	 (64000) 	S: 3 	 (60006) 	T: 6 	 (56000) 	LAP 14
6720.48 s > TEAM: 1 	F: 80 	 (64000) 	S: 158 	 (60002) 	T: 81 	 (56000) 	LAP 14
6720.60 s > TEAM: 0 	F: 3 	 (64000) 	S: 4 	 (64000) 	T: 6 	 (60000) 	LAP 15
6960.60 s > TEAM: 0 	F: 3 	 (64000) 	S: 4 	 (64000) 	T: 6 	 (64000) 	LAP 16
7200.48 s > TEAM: 1 	F: 80 	 (64000) 	S: 158 	 (64000) 	T: 81 	 (60000) 	LAP 15
7680.48 s > TEAM: 1 	F: 80 	 (64000) 	S: 81 	 (64000) 	T: 158 	 (64000) 	LAP 16
Broken Team 0: 0 (0), 2 (10), 5 (8), 8 (12), 16 (9), 23 (13), 29 (14), 30 (6), 32 (0), 34 (6), 35 (3), 36 (7), 37 (11), 40 (0), 44 (10), 45 (10), 46 (3), 47 (15), 56 (10), 59 (0), 73 (9), 78 (0), 
Broken Team 1: 83 (0), 84 (8), 86 (6), 95 (0), 96 (0), 98 (5), 100 (5), 102 (0), 105 (4), 107 (6), 109 (3), 110 (3), 119 (2), 123 (9), 124 (8), 126 (4), 136 (11), 140 (11), 142 (13), 143 (14), 145 (10), 146 (7), 147 (0), 149 (9), 150 (7), 152 (6), 154 (9), 155 (14), 156 (9), 157 (5), 159 (6), 
Finishing order: 80 (6240.15), 4 (6240.33), 3 (6480.27), 6 (6960.63), 158 (7200.27), 7 (7200.87), 9 (7200.99), 10 (7441.11), 11 (7441.23), 81 (7680.51), 82 (7680.63), 93 (7680.75), 85 (7681.23), 13 (7681.35), 87 (7681.35), 12 (7681.47), 88 (7681.47), 14 (7681.59), 89 (7681.59), 15 (7681.71), 17 (7681.83), 90 (7681.83), 97 (7681.95), 18 (7682.07), 91 (7682.07), 19 (7682.19), 20 (7682.31), 94 (7682.31), 21 (7682.43), 22 (7682.55), 99 (7682.55), 24 (7682.79), 25 (7682.91), 101 (7682.91), 26 (7683.03), 27 (7683.15), 111 (7683.15), 92 (7683.27), 108 (7683.39), 120 (7683.51), 28 (7683.63), 33 (7683.75), 113 (7683.75), 31 (7683.87), 114 (7684.11), 115 (7684.23), 112 (7684.35), 38 (7684.47), 118 (7684.47), 41 (7684.59), 122 (7684.59), 39 (7684.71), 117 (7684.71), 121 (7684.83), 42 (7684.95), 127 (7685.07), 43 (7685.19), 125 (7685.19), 128 (7685.43), 129 (7685.55), 50 (7685.67), 131 (7685.67), 52 (7685.79), 51 (7685.91), 133 (7685.91), 48 (7686.03), 132 (7686.03), 134 (7686.15), 55 (7686.27), 130 (7686.27), 58 (7686.39), 53 (7686.51), 137 (7686.51), 60 (7686.63), 138 (7686.63), 57 (7686.75), 63 (7686.87), 61 (7686.99), 139 (7686.99), 64 (7687.11), 141 (7687.11), 65 (7687.23), 135 (7687.23), 66 (7687.35), 67 (7687.47), 71 (7687.59), 144 (7687.59), 68 (7687.71), 151 (7687.71), 62 (7687.83), 70 (7687.95), 69 (7688.07), 153 (7688.07), 72 (7688.19), 74 (7688.43), 76 (7688.55), 75 (7688.67), 148 (7688.67), 77 (7688.79), 79 (7688.91), 116 (7689.03), 1 (7689.15), 103 (7689.15), 49 (7689.27), 104 (7689.27), 54 (7689.39), 106 (7689.51), 
Result: TEAM 0 WIN*
