Mode: RANDOM
480.24 s > TEAM: 0 	F: 1 	 (4002) 	S: 2 	 (4001) 	T: 3 	 (4000) 	LAP 1
480.24 s > TEAM: 1 	F: 159 	 (4004) 	S: 80 	 (4001) 	T: 81 	 (4000) 	LAP 1
960.24 s > TEAM: 0 	F: 1 	 (8002) 	S: 2 	 (8001) 	T: 3 	 (8000) 	LAP 2
960.24 s > TEAM: 1 	F: 159 	 (12002) 	S: 80 	 (8001) 	T: 81 	 (8000) 	LAP 2
1440.24 s > TEAM: 0 	F: 1 	 (12002) 	S: 2 	 (12001) 	T: 3 	 (12000) 	LAP 3
1440.24 s > TEAM: 1 	F: 159 	 (16004) 	S: 80 	 (12002) 	T: 81 	 (12000) 	LAP 3
1680.24 s > TEAM: 1 	F: 159 	 (20004) 	S: 80 	 (16001) 	T: 81 	 (16000) 	LAP 4
1920.24 s > TEAM: 0 	F: 1 	 (16002) 	S: 2 	 (16001) 	T: 3 	 (16000) 	LAP 4
2160.24 s > TEAM: 1 	F: 159 	 (27999) 	S: 80 	 (20002) 	T: 81 	 (20000) 	LAP 5
2400.24 s > TEAM: 0 	F: 1 	 (20004) 	S: 2 	 (20002) 	T: 3 	 (20000) 	LAP 5
2400.24 s > TEAM: 1 	F: 159 	 (31999) 	S: 80 	 (24002) 	T: 81 	 (24000) 	LAP 6
2640.24 s > TEAM: 1 	F: 159 	 (35999) 	S: 80 	 (28001) 	T: 81 	 (28000) 	LAP 7
2880.24 s > TEAM: 0 	F: 1 	 (26002) 	S: 2 	 (26001) 	T: 3 	 (24000) 	LAP 6
3120.12 s > TEAM: 1 	F: 159 	 (39998) 	S: 81 	 (35997) 	T: 80 	 (32000) 	LAP 8
3360.24 s > TEAM: 0 	F: 1 	 (30002) 	S: 2 	 (30001) 	T: 3 	 (28000) 	LAP 7
3600.12 s > TEAM: 1 	F: 159 	 (47997) 	S: 81 	 (41998) 	T: 80 	 (36000) 	LAP 9
3840.24 s > TEAM: 0 	F: 1 	 (34094) 	S: 2 	 (33407) 	T: 3 	 (32000) 	LAP 8
4080.12 s > TEAM: 1 	F: 159 	 (53997) 	S: 81 	 (47996) 	T: 80 	 (40000) 	LAP 10
4080.78 s > TEAM: 0 	F: 3 	 (36002) 	S: 6 	 (36001) 	T: 4 	 (36000) 	LAP 9
4560.12 s > TEAM: 1 	F: 159 	 (57997) 	S: 81 	 (53993) 	T: 80 	 (44000) 	LAP 11
4561.32 s > TEAM: 0 	F: 3 	 (40006) 	S: 4 	 (40001) 	T: 6 	 (40000) 	LAP 10
5040.12 s > TEAM: 1 	F: 159 	 (61996) 	S: 81 	 (57993) 	T: 80 	 (48000) 	LAP 12
5041.32 s > TEAM: 0 	F: 3 	 (44013) 	S: 4 	 (44001) 	T: 6 	 (44000) 	LAP 11
5520.12 s > TEAM: 1 	F: 159 	 (64000) 	S: 81 	 (63987) 	T: 80 	 (52000) 	LAP 13
5521.38 s > TEAM: 0 	F: 3 	 (52001) 	S: 4 	 (48001) 	T: 6 	 (48000) 	LAP 12
5761.20 s > TEAM: 1 	F: 81 	 (64000) 	S: 159 	 (64000) 	T: 80 	 (56000) 	LAP 14
6001.26 s > TEAM: 0 	F: 3 	 (55998) 	S: 4 	 (52000) 	T: 6 	 (52000) 	LAP 13
6241.44 s > TEAM: 1 	F: 81 	 (64000) 	S: 159 	 (64000) 	T: 80 	 (60000) 	LAP 15
6720.72 s > TEAM: 0 	F: 3 	 (59439) 	S: 4 	 (57995) 	T: 5 	 (56000) 	LAP 14
6721.38 s > TEAM: 1 	F: 80 	 (64000) 	S: 81 	 (64000) 	T: 159 	 (64000) 	LAP 16
7200.84 s > TEAM: 0 	F: 4 	 (61995) 	S: 5 	 (61992) 	T: 7 	 (60000) 	LAP 15
7680.84 s > TEAM: 0 	F: 4 	 (64000) 	S: 5 	 (64000) 	T: 7 	 (64000) 	LAP 16
Broken Team 0: 0 (6), 1 (8), 2 (8), 3 (14), 6 (13), 14 (2), 16 (14), 17 (0), 23 (5), 25 (13), 29 (4), 30 (3), 31 (14), 33 (12), 43 (4), 45 (4), 55 (6), 56 (2), 59 (10), 62 (5), 65 (11), 66 (14), 67 (9), 69 (7), 74 (9), 78 (9), 
Broken Team 1: 84 (9), 89 (2), 94 (5), 96 (0), 98 (0), 101 (4), 102 (3), 104 (12), 109 (3), 112 (9), 114 (8), 120 (3), 130 (3), 133 (12), 135 (5), 143 (9), 147 (12), 150 (11), 153 (2), 
Finishing order: 159 (5160.63), 81 (5520.93), 80 (6721.41), 83 (7201.23), 85 (7201.65), 86 (7201.89), 82 (7201.95), 4 (7441.41), 5 (7441.77), 7 (7680.87), 8 (7680.99), 10 (7681.11), 88 (7681.11), 87 (7681.17), 9 (7681.23), 11 (7681.35), 90 (7681.35), 12 (7681.47), 91 (7681.47), 13 (7681.59), 92 (7681.59), 93 (7681.77), 95 (7681.95), 15 (7682.07), 97 (7682.07), 18 (7682.19), 20 (7682.31), 19 (7682.43), 99 (7682.43), 22 (7682.55), 100 (7682.55), 21 (7682.67), 24 (7682.91), 103 (7682.91), 26 (7683.15), 106 (7683.15), 27 (7683.27), 105 (7683.27), 28 (7683.39), 107 (7683.39), 108 (7683.63), 110 (7683.75), 32 (7683.87), 111 (7683.87), 34 (7683.99), 158 (7684.11), 35 (7684.23), 113 (7684.23), 36 (7684.35), 37 (7684.47), 154 (7684.47), 38 (7684.59), 115 (7684.59), 39 (7684.71), 157 (7684.71), 40 (7684.83), 118 (7684.83), 42 (7684.95), 156 (7684.95), 41 (7685.07), 116 (7685.07), 117 (7685.19), 79 (7685.31), 44 (7685.43), 121 (7685.43), 155 (7685.55), 46 (7685.67), 122 (7685.67), 123 (7685.79), 47 (7685.91), 119 (7685.91), 48 (7686.03), 125 (7686.03), 49 (7686.15), 126 (7686.15), 51 (7686.27), 127 (7686.27), 50 (7686.39), 124 (7686.39), 53 (7686.51), 128 (7686.51), 52 (7686.63), 129 (7686.63), 131 (7686.75), 57 (7686.87), 58 (7687.11), 136 (7687.23), 54 (7687.35), 132 (7687.35), 137 (7687.47), 63 (7687.59), 138 (7687.59), 61 (7687.71), 134 (7687.71), 60 (7687.83), 140 (7687.83), 64 (7687.95), 141 (7688.07), 142 (7688.19), 71 (7688.31), 139 (7688.31), 72 (7688.43), 146 (7688.43), 151 (7688.67), 73 (7688.79), 148 (7688.79), 75 (7688.91), 152 (7688.91), 77 (7689.03), 149 (7689.03), 76 (7689.15), 70 (7689.27), 145 (7689.39), 68 (7689.51), 144 (7689.51), 
Result: TEAM 1 WIN*
