Mode: RANDOM
480.24 s > TEAM: 0 	F: 1 	 (4002) 	S: 2 	 (4001) 	T: 3 	 (4000) 	LAP 1
480.24 s > TEAM: 1 	F: 159 	 (4004) 	S: 80 	 (4001) 	T: 81 	 (4000) 	LAP 1
960.24 s > TEAM: 0 	F: 1 	 (8002) 	S: 2 	 (8001) 	T: 3 	 (8000) 	LAP 2
960.24 s > TEAM: 1 	F: 159 	 (12002) 	S: 80 	 (8001) 	T: 81 	 (8000) 	LAP 2
1440.24 s > TEAM: 1 	F: 159 	 (16002) 	S: 80 	 (12001) 	T: 81 	 (12000) 	LAP 3
1440.36 s > TEAM: 0 	F: 2 	 (12002) 	S: 3 	 (12001) 	T: 4 	 (12000) 	LAP 3
1920.24 s > TEAM: 1 	F: 159 	 (20002) 	S: 80 	 (16001) 	T: 81 	 (16000) 	LAP 4
1920.36 s > TEAM: 0 	F: 2 	 (16002) 	S: 3 	 (16001) 	T: 4 	 (16000) 	LAP 4
2400.24 s > TEAM: 1 	F: 159 	 (24002) 	S: 80 	 (20001) 	T: 81 	 (20000) 	LAP 5
2400.36 s > TEAM: 0 	F: 2 	 (20004) 	S: 3 	 (20002) 	T: 4 	 (20000) 	LAP 5
2880.24 s > TEAM: 1 	F: 159 	 (28002) 	S: 80 	 (24001) 	T: 81 	 (24000) 	LAP 6
2880.36 s > TEAM: 0 	F: 2 	 (26002) 	S: 3 	 (26001) 	T: 4 	 (24000) 	LAP 6
3360.24 s > TEAM: 1 	F: 159 	 (31411) 	S: 80 	 (28001) 	T: 81 	 (28000) 	LAP 7
3360.36 s > TEAM: 0 	F: 3 	 (30001) 	S: 2 	 (29249) 	T: 4 	 (28000) 	LAP 7
3840.36 s > TEAM: 1 	F: 80 	 (32004) 	S: 81 	 (32001) 	T: 82 	 (32000) 	LAP 8
3840.48 s > TEAM: 0 	F: 3 	 (34002) 	S: 4 	 (32001) 	T: 5 	 (32000) 	LAP 8
4320.36 s > TEAM: 1 	F: 80 	 (40002) 	S: 81 	 (36001) 	T: 82 	 (36000) 	LAP 9
4320.48 s > TEAM: 0 	F: 3 	 (40002) 	S: 4 	 (36001) 	T: 5 	 (36000) 	LAP 9
4800.36 s > TEAM: 1 	F: 80 	 (44004) 	S: 81 	 (40002) 	T: 82 	 (40000) 	LAP 10
4800.48 s > TEAM: 0 	F: 3 	 (44002) 	S: 4 	 (40001) 	T: 5 	 (40000) 	LAP 10
5040.36 s > TEAM: 1 	F: 80 	 (48004) 	S: 81 	 (44002) 	T: 82 	 (44000) 	LAP 11
5280.48 s > TEAM: 0 	F: 3 	 (48004) 	S: 4 	 (44001) 	T: 5 	 (44000) 	LAP 11
5520.36 s > TEAM: 1 	F: 80 	 (54002) 	S: 81 	 (50001) 	T: 82 	 (48000) 	LAP 12
5760.48 s > TEAM: 0 	F: 3 	 (54002) 	S: 4 	 (48001) 	T: 5 	 (48000) 	LAP 12
6000.36 s > TEAM: 1 	F: 80 	 (58002) 	S: 81 	 (53563) 	T: 82 	 (52000) 	LAP 13
6240.48 s > TEAM: 0 	F: 3 	 (58002) 	S: 4 	 (52001) 	T: 5 	 (52000) 	LAP 13
6720.48 s > TEAM: 0 	F: 3 	 (62002) 	S: 4 	 (56001) 	T: 5 	 (56000) 	LAP 14
6720.48 s > TEAM: 1 	F: 80 	 (64000) 	S: 82 	 (58001) 	T: 83 	 (56000) 	LAP 14
7200.48 s > TEAM: 0 	F: 3 	 (64000) 	S: 4 	 (60002) 	T: 5 	 (60000) 	LAP 15
7200.48 s > TEAM: 1 	F: 80 	 (64000) 	S: 82 	 (62001) 	T: 83 	 (60000) 	LAP 15
7440.48 s > TEAM: 0 	F: 3 	 (64000) 	S: 4 	 (64000) 	T: 5 	 (64000) 	LAP 16
7680.48 s > TEAM: 1 	F: 80 	 (64000) 	S: 82 	 (64000) 	T: 83 	 (64000) 	LAP 16
Broken Team 0: 1 (2), 2 (7), 7 (8), 10 (7), 12 (15), 15 (9), 17 (10), 18 (10), 20 (8), 24 (3), 28 (15), 34 (13), 36 (4), 37 (14), 38 (6), 39 (10), 45 (1), 53 (10), 55 (11), 57 (5), 58 (14), 59 (0), 60 (2), 61 (6), 62 (15), 63 (10), 66 (8), 73 (10), 76 (6), 78 (2), 79 (2), 
Broken Team 1: 81 (13), 88 (8), 89 (3), 94 (0), 96 (5), 100 (14), 106 (1), 114 (3), 117 (15), 118 (8), 119 (6), 124 (11), 129 (11), 130 (0), 131 (13), 142 (6), 143 (9), 151 (6), 152 (7), 153 (4), 154 (3), 158 (14), 159 (7), 
Finishing order: 80 (6720.15), 3 (6960.27), 4 (7440.39), 82 (7440.39), 5 (7440.51), 83 (7680.51), 6 (7680.63), 84 (7680.63), 85 (7680.75), 8 (7680.87), 87 (7680.87), 9 (7680.99), 91 (7680.99), 11 (7681.11), 86 (7681.11), 13 (7681.35), 14 (7681.59), 93 (7681.59), 90 (7681.71), 16 (7681.83), 95 (7681.95), 19 (7682.07), 97 (7682.19), 98 (7682.31), 21 (7682.43), 99 (7682.43), 22 (7682.55), 23 (7682.67), 101 (7682.67), 25 (7682.79), 103 (7682.79), 26 (7682.91), 102 (7682.91), 0 (7683.03), 104 (7683.03), 105 (7683.15), 27 (7683.27), 110 (7683.27), 29 (7683.51), 107 (7683.51), 30 (7683.63), 108 (7683.63), 32 (7683.75), 33 (7683.87), 112 (7683.87), 31 (7683.99), 115 (7683.99), 35 (7684.11), 116 (7684.11), 111 (7684.47), 40 (7684.59), 120 (7684.59), 92 (7684.71), 41 (7684.83), 122 (7684.95), 42 (7685.07), 121 (7685.07), 123 (7685.19), 46 (7685.31), 48 (7685.43), 146 (7685.43), 44 (7685.55), 125 (7685.55), 43 (7685.67), 126 (7685.67), 50 (7685.79), 127 (7685.79), 49 (7685.91), 128 (7685.91), 54 (7686.03), 51 (7686.15), 52 (7686.39), 134 (7686.39), 56 (7686.51), 133 (7686.51), 113 (7686.63), 47 (7686.75), 135 (7686.87), 136 (7686.99), 139 (7687.11), 150 (7687.23), 138 (7687.35), 64 (7687.47), 156 (7687.47), 137 (7687.59), 65 (7687.71), 132 (7687.71), 68 (7687.83), 145 (7687.83), 147 (7687.95), 155 (7688.07), 67 (7688.19), 109 (7688.19), 70 (7688.31), 140 (7688.31), 69 (7688.55), 141 (7688.55), 71 (7688.67), 149 (7688.79), 72 (7688.91), 148 (7689.03), 77 (7689.15), 144 (7689.15), 74 (7689.27), 75 (7689.51), 157 (7689.51), 
Result: TEAM 1 WIN*
89.39), 79 (7689.51), 152 (7689.51), 
Result: TEAM 1 WIN*
